-8.00553828e-03	-0.00000000e+00
-7.67197419e-03	-7.27229335e-02
-7.33841009e-03	-2.40450230e-01
-7.00484600e-03	-6.30708136e-01
-6.67128190e-03	-1.51566549e+00
-6.33771781e-03	-3.44492313e+00
-6.00415371e-03	-7.48504448e+00
-5.67058962e-03	-1.56099395e+01
-5.33702552e-03	-3.12944149e+01
-5.00346143e-03	-6.03533134e+01
-4.66989733e-03	-1.12019824e+02
-4.33633324e-03	-2.00157728e+02
-4.00276914e-03	-3.44380111e+02
-3.66920505e-03	-5.70687223e+02
-3.33564095e-03	-9.11103249e+02
-3.00207686e-03	-1.40176768e+03
-2.66851276e-03	-2.07908919e+03
-2.33494867e-03	-2.97394829e+03
-2.00138457e-03	-4.10451657e+03
-1.66782048e-03	-5.46891228e+03
-1.33425638e-03	-7.03941768e+03
-1.00069229e-03	-8.76010207e+03
-6.67128190e-04	-1.05492510e+04
-3.33564095e-04	-1.23070081e+04
1.85165269e-18	-1.39273196e+04
3.33564095e-04	-1.53120256e+04
6.67128190e-04	-1.63842054e+04
1.00069229e-03	-1.70979413e+04
1.33425638e-03	-1.74425416e+04
1.66782048e-03	-1.74406737e+04
2.00138457e-03	-1.71413495e+04
2.33494867e-03	-1.66098010e+04
2.66851276e-03	-1.59166959e+04
3.00207686e-03	-1.51288486e+04
3.33564095e-03	-1.43027846e+04
3.66920505e-03	-1.34815605e+04
4.00276914e-03	-1.26944401e+04
4.33633324e-03	-1.19585550e+04
4.66989733e-03	-1.12815717e+04
5.00346143e-03	-1.06645496e+04
5.33702552e-03	-1.01044615e+04
5.67058962e-03	-9.59613333e+03
6.00415371e-03	-9.13357207e+03
6.33771781e-03	-8.71076990e+03
6.67128190e-03	-8.32211434e+03
7.00484600e-03	-7.96253371e+03
7.33841009e-03	-7.62748846e+03
7.67197419e-03	-7.31289548e+03
8.00553828e-03	-7.01505005e+03
8.33910238e-03	-6.73058927e+03
8.67266648e-03	-6.45651547e+03
9.00623057e-03	-6.19027386e+03
9.33979467e-03	-5.92985833e+03
9.67335876e-03	-5.67390619e+03
1.00069229e-02	-5.42174053e+03
1.03404870e-02	-5.17333130e+03
1.06740510e-02	-4.92916753e+03
1.10076151e-02	-4.69005773e+03
1.13411792e-02	-4.45689665e+03
1.16747433e-02	-4.23044701e+03
1.20083074e-02	-4.01118079e+03
1.23418715e-02	-3.79920697e+03
1.26754356e-02	-3.59428714e+03
1.30089997e-02	-3.39591852e+03
1.33425638e-02	-3.20344884e+03
1.36761279e-02	-3.01618561e+03
1.40096920e-02	-2.83347389e+03
1.43432561e-02	-2.65473295e+03
1.46768202e-02	-2.47945717e+03
1.50103843e-02	-2.30719609e+03
1.53439484e-02	-2.13753019e+03
1.56775125e-02	-1.97005339e+03
1.60110766e-02	-1.80436735e+03
1.63446407e-02	-1.64008721e+03
1.66782048e-02	-1.47685556e+03
1.70117689e-02	-1.31436120e+03
1.73453330e-02	-1.15236078e+03
1.76788970e-02	-9.90700424e+02
1.80124611e-02	-8.29334161e+02
1.83460252e-02	-6.68336156e+02
1.86795893e-02	-5.07903980e+02
1.90131534e-02	-3.48351432e+02
1.93467175e-02	-1.90092291e+02
1.96802816e-02	-3.36175033e+01
2.00138457e-02	1.20531281e+02
2.03474098e-02	2.71788270e+02
2.06809739e-02	4.19586949e+02
2.10145380e-02	5.63377629e+02
2.13481021e-02	7.02635687e+02
2.16816662e-02	8.36857388e+02
2.20152303e-02	9.65542582e+02
2.23487944e-02	1.08816727e+03
2.26823585e-02	1.20415290e+03
2.30159226e-02	1.31284263e+03
2.33494867e-02	1.41349498e+03
2.36830508e-02	1.50530127e+03
2.40166149e-02	1.58742732e+03
2.43501789e-02	1.65907295e+03
2.46837430e-02	1.71953746e+03
2.50173071e-02	1.76827826e+03
2.53508712e-02	1.80495290e+03
2.56844353e-02	1.82943952e+03
2.60179994e-02	1.84183646e+03
2.63515635e-02	1.84244608e+03
2.66851276e-02	1.83174904e+03
2.70186917e-02	1.81037484e+03
2.73522558e-02	1.77907225e+03
2.76858199e-02	1.73868244e+03
2.80193840e-02	1.69011565e+03
2.83529481e-02	1.63433261e+03
2.86865122e-02	1.57233101e+03
2.90200763e-02	1.50513602e+03
2.93536404e-02	1.43379244e+03
2.96872045e-02	1.35935474e+03
3.00207686e-02	1.28287075e+03
3.03543327e-02	1.20535695e+03
3.06878968e-02	1.12776599e+03
3.10214609e-02	1.05095053e+03
3.13550249e-02	9.75629655e+02
3.16885890e-02	9.02364717e+02
3.20221531e-02	8.31548730e+02
3.23557172e-02	7.63409930e+02
3.26892813e-02	6.98026764e+02
3.30228454e-02	6.35349494e+02
3.33564095e-02	5.75223575e+02
3.36899736e-02	5.17412280e+02
3.40235377e-02	4.61618436e+02
3.43571018e-02	4.07506776e+02
3.46906659e-02	3.54728447e+02
3.50242300e-02	3.02947689e+02
3.53577941e-02	2.51868390e+02
3.56913582e-02	2.01256967e+02
3.60249223e-02	1.50957806e+02
3.63584864e-02	1.00899046e+02
3.66920505e-02	5.10888260e+01
3.70256146e-02	1.60403026e+00
3.73591787e-02	-4.74258007e+01
3.76927428e-02	-9.58370007e+01
3.80263069e-02	-1.43451678e+02
3.83598709e-02	-1.90099066e+02
3.86934350e-02	-2.35638640e+02
3.90269991e-02	-2.79984313e+02
3.93605632e-02	-3.23127675e+02
3.96941273e-02	-3.65156640e+02
4.00276914e-02	-4.06265326e+02
4.03612555e-02	-4.46751720e+02
4.06948196e-02	-4.87001640e+02
4.10283837e-02	-5.27460122e+02
4.13619478e-02	-5.68594285e+02
4.16955119e-02	-6.10853469e+02
4.20290760e-02	-6.54633012e+02
4.23626401e-02	-7.00247289e+02
4.26962042e-02	-7.47915698e+02
4.30297683e-02	-7.97762263e+02
4.33633324e-02	-8.49827020e+02
4.36968965e-02	-9.04085340e+02
4.40304606e-02	-9.60470358e+02
4.43640247e-02	-1.01889399e+03
4.46975888e-02	-1.07926338e+03
4.50311529e-02	-1.14149118e+03
4.53647169e-02	-1.20549983e+03
4.56982810e-02	-1.27122094e+03
4.60318451e-02	-1.33859112e+03
4.63654092e-02	-1.40754536e+03
4.66989733e-02	-1.47800881e+03
4.70325374e-02	-1.54988741e+03
4.73661015e-02	-1.62305784e+03
4.76996656e-02	-1.69735798e+03
4.80332297e-02	-1.77257960e+03
4.83667938e-02	-1.84846471e+03
4.87003579e-02	-1.92470694e+03
4.90339220e-02	-2.00095812e+03
4.93674861e-02	-2.07683881e+03
4.97010502e-02	-2.15195035e+03
5.00346143e-02	-2.22588562e+03
5.03681784e-02	-2.29823606e+03
5.07017425e-02	-2.36859366e+03
5.10353066e-02	-2.43654853e+03
5.13688707e-02	-2.50168431e+03
5.17024348e-02	-2.56357436e+03
5.20359989e-02	-2.62178225e+03
5.23695629e-02	-2.67586840e+03
5.27031270e-02	-2.72540363e+03
5.30366911e-02	-2.76998833e+03
5.33702552e-02	-2.80927453e+03
5.37038193e-02	-2.84298759e+03
5.40373834e-02	-2.87094429e+03
5.43709475e-02	-2.89306498e+03
5.47045116e-02	-2.90937834e+03
5.50380757e-02	-2.92001880e+03
5.53716398e-02	-2.92521685e+03
5.57052039e-02	-2.92528352e+03
5.60387680e-02	-2.92059030e+03
5.63723321e-02	-2.91154597e+03
5.67058962e-02	-2.89857250e+03
5.70394603e-02	-2.88208209e+03
5.73730244e-02	-2.86245828e+03
5.77065885e-02	-2.84004339e+03
5.80401526e-02	-2.81513423e+03
5.83737167e-02	-2.78798620e+03
5.87072808e-02	-2.75882436e+03
5.90408449e-02	-2.72785815e+03
5.93744089e-02	-2.69529539e+03
5.97079730e-02	-2.66135147e+03
6.00415371e-02	-2.62625060e+03
6.03751012e-02	-2.59021855e+03
6.07086653e-02	-2.55346854e+03
6.10422294e-02	-2.51618375e+03
6.13757935e-02	-2.47850106e+03
6.17093576e-02	-2.44049955e+03
6.20429217e-02	-2.40219637e+03
6.23764858e-02	-2.36355013e+03
6.27100499e-02	-2.32447100e+03
6.30436140e-02	-2.28483527e+03
6.33771781e-02	-2.24450272e+03
6.37107422e-02	-2.20333534e+03
6.40443063e-02	-2.16121672e+03
6.43778704e-02	-2.11807128e+03
6.47114345e-02	-2.07388236e+03
6.50449986e-02	-2.02870718e+03
6.53785627e-02	-1.98268602e+03
6.57121268e-02	-1.93604283e+03
6.60456908e-02	-1.88907545e+03
6.63792549e-02	-1.84213519e+03
6.67128190e-02	-1.79559793e+03
6.70463831e-02	-1.74983102e+03
6.73799472e-02	-1.70516109e+03
6.77135113e-02	-1.66184829e+03
6.80470754e-02	-1.62007094e+03
6.83806395e-02	-1.57992229e+03
6.87142036e-02	-1.54141888e+03
6.90477677e-02	-1.50451762e+03
6.93813318e-02	-1.46913790e+03
6.97148959e-02	-1.43518454e+03
7.00484600e-02	-1.40256843e+03
7.03820241e-02	-1.37122279e+03
7.07155882e-02	-1.34111393e+03
7.10491523e-02	-1.31224660e+03
7.13827164e-02	-1.28466415e+03
7.17162805e-02	-1.25844372e+03
7.20498446e-02	-1.23368694e+03
7.23834087e-02	-1.21050650e+03
7.27169728e-02	-1.18900997e+03
7.30505368e-02	-1.16928233e+03
7.33841009e-02	-1.15136998e+03
7.37176650e-02	-1.13526888e+03
7.40512291e-02	-1.12091927e+03
7.43847932e-02	-1.10820831e+03
7.47183573e-02	-1.09698048e+03
7.50519214e-02	-1.08705361e+03
7.53854855e-02	-1.07823763e+03
7.57190496e-02	-1.07035217e+03
7.60526137e-02	-1.06323992e+03
7.63861778e-02	-1.05677399e+03
7.67197419e-02	-1.05085909e+03
7.70533060e-02	-1.04542821e+03
7.73868701e-02	-1.04043708e+03
7.77204342e-02	-1.03585914e+03
7.80539983e-02	-1.03168271e+03
7.83875624e-02	-1.02791107e+03
7.87211265e-02	-1.02456463e+03
7.90546906e-02	-1.02168390e+03
7.93882547e-02	-1.01933178e+03
7.97218188e-02	-1.01759415e+03
8.00553828e-02	-1.01657870e+03
8.03889469e-02	-1.01641260e+03
8.07225110e-02	-1.01723989e+03
8.10560751e-02	-1.01921890e+03
8.13896392e-02	-1.02251964e+03
8.17232033e-02	-1.02732003e+03
8.20567674e-02	-1.03379964e+03
8.23903315e-02	-1.04213012e+03
8.27238956e-02	-1.05246218e+03
8.30574597e-02	-1.06491082e+03
8.33910238e-02	-1.07954128e+03
8.37245879e-02	-1.09635894e+03
8.40581520e-02	-1.11530580e+03
8.43917161e-02	-1.13626503e+03
8.47252802e-02	-1.15907303e+03
8.50588443e-02	-1.18353671e+03
8.53924084e-02	-1.20945267e+03
8.57259725e-02	-1.23662459e+03
8.60595366e-02	-1.26487605e+03
8.63931007e-02	-1.29405722e+03
8.67266648e-02	-1.32404591e+03
8.70602288e-02	-1.35474409e+03
8.73937929e-02	-1.38607208e+03
8.77273570e-02	-1.41796219e+03
8.80609211e-02	-1.45035297e+03
8.83944852e-02	-1.48318434e+03
8.87280493e-02	-1.51639358e+03
8.90616134e-02	-1.54991152e+03
8.93951775e-02	-1.58365905e+03
8.97287416e-02	-1.61754424e+03
9.00623057e-02	-1.65146087e+03
9.03958698e-02	-1.68528927e+03
9.07294339e-02	-1.71890004e+03
9.10629980e-02	-1.75216046e+03
9.13965621e-02	-1.78494269e+03
9.17301262e-02	-1.81713213e+03
9.20636903e-02	-1.84863390e+03
9.23972544e-02	-1.87937581e+03
9.27308185e-02	-1.90930697e+03
9.30643826e-02	-1.93839188e+03
9.33979467e-02	-1.96660141e+03
9.37315108e-02	-1.99390225e+03
9.40650748e-02	-2.02024716e+03
9.43986389e-02	-2.04556788e+03
9.47322030e-02	-2.06977199e+03
9.50657671e-02	-2.09274395e+03
9.53993312e-02	-2.11435011e+03
9.57328953e-02	-2.13444649e+03
9.60664594e-02	-2.15288817e+03
9.64000235e-02	-2.16953924e+03
9.67335876e-02	-2.18428230e+03
9.70671517e-02	-2.19702726e+03
9.74007158e-02	-2.20771866e+03
9.77342799e-02	-2.21634140e+03
9.80678440e-02	-2.22292396e+03
9.84014081e-02	-2.22753857e+03
9.87349722e-02	-2.23029736e+03
9.90685363e-02	-2.23134420e+03
9.94021004e-02	-2.23084256e+03
9.97356645e-02	-2.22896046e+03
1.00069229e-01	-2.22585442e+03
1.00402793e-01	-2.22165495e+03
1.00736357e-01	-2.21645582e+03
1.01069921e-01	-2.21030890e+03
1.01403485e-01	-2.20322511e+03
1.01737049e-01	-2.19518091e+03
1.02070613e-01	-2.18612847e+03
1.02404177e-01	-2.17600748e+03
1.02737741e-01	-2.16475628e+03
1.03071305e-01	-2.15232097e+03
1.03404870e-01	-2.13866190e+03
1.03738434e-01	-2.12375790e+03
1.04071998e-01	-2.10760925e+03
1.04405562e-01	-2.09023996e+03
1.04739126e-01	-2.07169991e+03
1.05072690e-01	-2.05206640e+03
1.05406254e-01	-2.03144436e+03
1.05739818e-01	-2.00996425e+03
1.06073382e-01	-1.98777727e+03
1.06406946e-01	-1.96504793e+03
1.06740510e-01	-1.94194519e+03
1.07074075e-01	-1.91863358e+03
1.07407639e-01	-1.89526583e+03
1.07741203e-01	-1.87197816e+03
1.08074767e-01	-1.84888855e+03
1.08408331e-01	-1.82609748e+03
1.08741895e-01	-1.80369026e+03
1.09075459e-01	-1.78173975e+03
1.09409023e-01	-1.76030863e+03
1.09742587e-01	-1.73945077e+03
1.10076151e-01	-1.71921179e+03
1.10409716e-01	-1.69962915e+03
1.10743280e-01	-1.68073216e+03
1.11076844e-01	-1.66254205e+03
1.11410408e-01	-1.64507210e+03
1.11743972e-01	-1.62832757e+03
1.12077536e-01	-1.61230506e+03
1.12411100e-01	-1.59699145e+03
1.12744664e-01	-1.58236239e+03
1.13078228e-01	-1.56838109e+03
1.13411792e-01	-1.55499800e+03
1.13745356e-01	-1.54215218e+03
1.14078921e-01	-1.52977461e+03
1.14412485e-01	-1.51779363e+03
1.14746049e-01	-1.50614186e+03
1.15079613e-01	-1.49476368e+03
1.15413177e-01	-1.48362230e+03
1.15746741e-01	-1.47270507e+03
1.16080305e-01	-1.46202634e+03
1.16413869e-01	-1.45162739e+03
1.16747433e-01	-1.44157355e+03
1.17080997e-01	-1.43194916e+03
1.17414562e-01	-1.42285106e+03
1.17748126e-01	-1.41438188e+03
1.18081690e-01	-1.40664386e+03
1.18415254e-01	-1.39973382e+03
1.18748818e-01	-1.39373953e+03
1.19082382e-01	-1.38873748e+03
1.19415946e-01	-1.38479171e+03
1.19749510e-01	-1.38195332e+03
1.20083074e-01	-1.38026040e+03
1.20416638e-01	-1.37973814e+03
1.20750202e-01	-1.38039915e+03
1.21083767e-01	-1.38224379e+03
1.21417331e-01	-1.38526078e+03
1.21750895e-01	-1.38942769e+03
1.22084459e-01	-1.39471139e+03
1.22418023e-01	-1.40106816e+03
1.22751587e-01	-1.40844320e+03
1.23085151e-01	-1.41676958e+03
1.23418715e-01	-1.42596695e+03
1.23752279e-01	-1.43594056e+03
1.24085843e-01	-1.44658118e+03
1.24419408e-01	-1.45776691e+03
1.24752972e-01	-1.46936710e+03
1.25086536e-01	-1.48124882e+03
1.25420100e-01	-1.49328481e+03
1.25753664e-01	-1.50536220e+03
1.26087228e-01	-1.51739021e+03
1.26420792e-01	-1.52930552e+03
1.26754356e-01	-1.54107413e+03
1.27087920e-01	-1.55268951e+03
1.27421484e-01	-1.56416759e+03
1.27755048e-01	-1.57553976e+03
1.28088613e-01	-1.58684560e+03
1.28422177e-01	-1.59812658e+03
1.28755741e-01	-1.60942175e+03
1.29089305e-01	-1.62076549e+03
1.29422869e-01	-1.63218682e+03
1.29756433e-01	-1.64370956e+03
1.30089997e-01	-1.65535265e+03
1.30423561e-01	-1.66713045e+03
1.30757125e-01	-1.67905316e+03
1.31090689e-01	-1.69112815e+03
1.31424254e-01	-1.70336241e+03
1.31757818e-01	-1.71576652e+03
1.32091382e-01	-1.72835923e+03
1.32424946e-01	-1.74117189e+03
1.32758510e-01	-1.75425100e+03
1.33092074e-01	-1.76765800e+03
1.33425638e-01	-1.78146580e+03
1.33759202e-01	-1.79575231e+03
1.34092766e-01	-1.81059218e+03
1.34426330e-01	-1.82604833e+03
1.34759894e-01	-1.84216457e+03
1.35093459e-01	-1.85896048e+03
1.35427023e-01	-1.87642880e+03
1.35760587e-01	-1.89453497e+03
1.36094151e-01	-1.91321817e+03
1.36427715e-01	-1.93239287e+03
1.36761279e-01	-1.95195060e+03
1.37094843e-01	-1.97176166e+03
1.37428407e-01	-1.99167715e+03
1.37761971e-01	-2.01153178e+03
1.38095535e-01	-2.03114804e+03
1.38429100e-01	-2.05034167e+03
1.38762664e-01	-2.06892830e+03
1.39096228e-01	-2.08673040e+03
1.39429792e-01	-2.10358342e+03
1.39763356e-01	-2.11934029e+03
1.40096920e-01	-2.13387343e+03
1.40430484e-01	-2.14707439e+03
1.40764048e-01	-2.15885155e+03
1.41097612e-01	-2.16912697e+03
1.41431176e-01	-2.17783374e+03
1.41764740e-01	-2.18491456e+03
1.42098305e-01	-2.19032226e+03
1.42431869e-01	-2.19402187e+03
1.42765433e-01	-2.19599347e+03
1.43098997e-01	-2.19623498e+03
1.43432561e-01	-2.19476383e+03
1.43766125e-01	-2.19161730e+03
1.44099689e-01	-2.18685165e+03
1.44433253e-01	-2.18054076e+03
1.44766817e-01	-2.17277490e+03
1.45100381e-01	-2.16366015e+03
1.45433946e-01	-2.15331832e+03
1.45767510e-01	-2.14188658e+03
1.46101074e-01	-2.12951582e+03
1.46434638e-01	-2.11636682e+03
1.46768202e-01	-2.10260392e+03
1.47101766e-01	-2.08838653e+03
1.47435330e-01	-2.07385998e+03
1.47768894e-01	-2.05914727e+03
1.48102458e-01	-2.04434332e+03
1.48436022e-01	-2.02951298e+03
1.48769586e-01	-2.01469280e+03
1.49103151e-01	-1.99989588e+03
1.49436715e-01	-1.98511842e+03
1.49770279e-01	-1.97034639e+03
1.50103843e-01	-1.95556117e+03
1.50437407e-01	-1.94074312e+03
1.50770971e-01	-1.92587348e+03
1.51104535e-01	-1.91093468e+03
1.51438099e-01	-1.89591001e+03
1.51771663e-01	-1.88078307e+03
1.52105227e-01	-1.86553762e+03
1.52438792e-01	-1.85015769e+03
1.52772356e-01	-1.83462802e+03
1.53105920e-01	-1.81893475e+03
1.53439484e-01	-1.80306622e+03
1.53773048e-01	-1.78701420e+03
1.54106612e-01	-1.77077571e+03
1.54440176e-01	-1.75435571e+03
1.54773740e-01	-1.73777058e+03
1.55107304e-01	-1.72105218e+03
1.55440868e-01	-1.70425168e+03
1.55774432e-01	-1.68744238e+03
1.56107997e-01	-1.67072065e+03
1.56441561e-01	-1.65420415e+03
1.56775125e-01	-1.63802723e+03
1.57108689e-01	-1.62233359e+03
1.57442253e-01	-1.60726718e+03
1.57775817e-01	-1.59296239e+03
1.58109381e-01	-1.57953503e+03
1.58442945e-01	-1.56707541e+03
1.58776509e-01	-1.55564432e+03
1.59110073e-01	-1.54527244e+03
1.59443638e-01	-1.53596293e+03
1.59777202e-01	-1.52769642e+03
1.60110766e-01	-1.52043736e+03
1.60444330e-01	-1.51414081e+03
1.60777894e-01	-1.50875857e+03
1.61111458e-01	-1.50424408e+03
1.61445022e-01	-1.50055600e+03
1.61778586e-01	-1.49766031e+03
1.62112150e-01	-1.49553105e+03
1.62445714e-01	-1.49415002e+03
1.62779278e-01	-1.49350526e+03
1.63112843e-01	-1.49358881e+03
1.63446407e-01	-1.49439360e+03
1.63779971e-01	-1.49591019e+03
1.64113535e-01	-1.49812379e+03
1.64447099e-01	-1.50101222e+03
1.64780663e-01	-1.50454551e+03
1.65114227e-01	-1.50868711e+03
1.65447791e-01	-1.51339677e+03
1.65781355e-01	-1.51863426e+03
1.66114919e-01	-1.52436297e+03
1.66448484e-01	-1.53055254e+03
1.66782048e-01	-1.53717965e+03
1.67115612e-01	-1.54422665e+03
1.67449176e-01	-1.55167843e+03
1.67782740e-01	-1.55951787e+03
1.68116304e-01	-1.56772114e+03
1.68449868e-01	-1.57625348e+03
1.68783432e-01	-1.58506653e+03
1.69116996e-01	-1.59409761e+03
1.69450560e-01	-1.60327121e+03
1.69784124e-01	-1.61250263e+03
1.70117689e-01	-1.62170324e+03
1.70451253e-01	-1.63078689e+03
1.70784817e-01	-1.63967626e+03
1.71118381e-01	-1.64830857e+03
1.71451945e-01	-1.65663922e+03
1.71785509e-01	-1.66464306e+03
1.72119073e-01	-1.67231284e+03
1.72452637e-01	-1.67965498e+03
1.72786201e-01	-1.68668358e+03
1.73119765e-01	-1.69341351e+03
1.73453330e-01	-1.69985397e+03
1.73786894e-01	-1.70600318e+03
1.74120458e-01	-1.71184524e+03
1.74454022e-01	-1.71734904e+03
1.74787586e-01	-1.72246941e+03
1.75121150e-01	-1.72715008e+03
1.75454714e-01	-1.73132836e+03
1.75788278e-01	-1.73494101e+03
1.76121842e-01	-1.73793122e+03
1.76455406e-01	-1.74025598e+03
1.76788970e-01	-1.74189324e+03
1.77122535e-01	-1.74284767e+03
1.77456099e-01	-1.74315390e+03
1.77789663e-01	-1.74287642e+03
1.78123227e-01	-1.74210552e+03
1.78456791e-01	-1.74094979e+03
1.78790355e-01	-1.73952629e+03
1.79123919e-01	-1.73795021e+03
1.79457483e-01	-1.73632590e+03
1.79791047e-01	-1.73474084e+03
1.80124611e-01	-1.73326350e+03
1.80458176e-01	-1.73194494e+03
1.80791740e-01	-1.73082326e+03
1.81125304e-01	-1.72992947e+03
1.81458868e-01	-1.72929354e+03
1.81792432e-01	-1.72894912e+03
1.82125996e-01	-1.72893665e+03
1.82459560e-01	-1.72930446e+03
1.82793124e-01	-1.73010823e+03
1.83126688e-01	-1.73140888e+03
1.83460252e-01	-1.73326946e+03
1.83793816e-01	-1.73575089e+03
1.84127381e-01	-1.73890680e+03
1.84460945e-01	-1.74277794e+03
1.84794509e-01	-1.74738645e+03
1.85128073e-01	-1.75273124e+03
1.85461637e-01	-1.75878518e+03
1.85795201e-01	-1.76549525e+03
1.86128765e-01	-1.77278591e+03
1.86462329e-01	-1.78056552e+03
1.86795893e-01	-1.78873495e+03
1.87129457e-01	-1.79719685e+03
1.87463022e-01	-1.80586389e+03
1.87796586e-01	-1.81466453e+03
1.88130150e-01	-1.82354528e+03
1.88463714e-01	-1.83246921e+03
1.88797278e-01	-1.84141125e+03
1.89130842e-01	-1.85035127e+03
1.89464406e-01	-1.85926651e+03
1.89797970e-01	-1.86812449e+03
1.90131534e-01	-1.87687774e+03
1.90465098e-01	-1.88546081e+03
1.90798662e-01	-1.89378980e+03
1.91132227e-01	-1.90176436e+03
1.91465791e-01	-1.90927153e+03
1.91799355e-01	-1.91619118e+03
1.92132919e-01	-1.92240236e+03
1.92466483e-01	-1.92779032e+03
1.92800047e-01	-1.93225361e+03
1.93133611e-01	-1.93571080e+03
1.93467175e-01	-1.93810624e+03
1.93800739e-01	-1.93941401e+03
1.94134303e-01	-1.93963952e+03
1.94467868e-01	-1.93881828e+03
1.94801432e-01	-1.93701163e+03
1.95134996e-01	-1.93430001e+03
1.95468560e-01	-1.93077458e+03
1.95802124e-01	-1.92652860e+03
1.96135688e-01	-1.92164979e+03
1.96469252e-01	-1.91621511e+03
1.96802816e-01	-1.91028852e+03
1.97136380e-01	-1.90392182e+03
1.97469944e-01	-1.89715793e+03
1.97803508e-01	-1.89003557e+03
1.98137073e-01	-1.88259389e+03
1.98470637e-01	-1.87487607e+03
1.98804201e-01	-1.86693091e+03
1.99137765e-01	-1.85881245e+03
1.99471329e-01	-1.85057769e+03
1.99804893e-01	-1.84228328e+03
2.00138457e-01	-1.83398183e+03
2.00472021e-01	-1.82571845e+03
2.00805585e-01	-1.81752812e+03
2.01139149e-01	-1.80943387e+03
2.01472713e-01	-1.80144588e+03
2.01806278e-01	-1.79356141e+03
2.02139842e-01	-1.78576562e+03
2.02473406e-01	-1.77803322e+03
2.02806970e-01	-1.77033134e+03
2.03140534e-01	-1.76262330e+03
2.03474098e-01	-1.75487343e+03
2.03807662e-01	-1.74705233e+03
2.04141226e-01	-1.73914189e+03
2.04474790e-01	-1.73113934e+03
2.04808354e-01	-1.72305965e+03
2.05141919e-01	-1.71493564e+03
2.05475483e-01	-1.70681598e+03
2.05809047e-01	-1.69876126e+03
2.06142611e-01	-1.69083904e+03
2.06476175e-01	-1.68311866e+03
2.06809739e-01	-1.67566677e+03
2.07143303e-01	-1.66854424e+03
2.07476867e-01	-1.66180445e+03
2.07810431e-01	-1.65549305e+03
2.08143995e-01	-1.64964860e+03
2.08477559e-01	-1.64430349e+03
2.08811124e-01	-1.63948477e+03
2.09144688e-01	-1.63521463e+03
2.09478252e-01	-1.63151043e+03
2.09811816e-01	-1.62838467e+03
2.10145380e-01	-1.62584509e+03
2.10478944e-01	-1.62389508e+03
2.10812508e-01	-1.62253457e+03
2.11146072e-01	-1.62176094e+03
2.11479636e-01	-1.62156985e+03
2.11813200e-01	-1.62195541e+03
2.12146765e-01	-1.62290972e+03
2.12480329e-01	-1.62442170e+03
2.12813893e-01	-1.62647571e+03
2.13147457e-01	-1.62905054e+03
2.13481021e-01	-1.63211917e+03
2.13814585e-01	-1.63564971e+03
2.14148149e-01	-1.63960739e+03
2.14481713e-01	-1.64395705e+03
2.14815277e-01	-1.64866542e+03
2.15148841e-01	-1.65370261e+03
2.15482405e-01	-1.65904216e+03
2.15815970e-01	-1.66465988e+03
2.16149534e-01	-1.67053182e+03
2.16483098e-01	-1.67663231e+03
2.16816662e-01	-1.68293275e+03
2.17150226e-01	-1.68940171e+03
2.17483790e-01	-1.69600632e+03
2.17817354e-01	-1.70271443e+03
2.18150918e-01	-1.70949680e+03
2.18484482e-01	-1.71632823e+03
2.18818046e-01	-1.72318741e+03
2.19151611e-01	-1.73005514e+03
2.19485175e-01	-1.73691156e+03
2.19818739e-01	-1.74373319e+03
2.20152303e-01	-1.75049062e+03
2.20485867e-01	-1.75714744e+03
2.20819431e-01	-1.76366052e+03
2.21152995e-01	-1.76998132e+03
2.21486559e-01	-1.77605775e+03
2.21820123e-01	-1.78183581e+03
2.22153687e-01	-1.78726095e+03
2.22487251e-01	-1.79227898e+03
2.22820816e-01	-1.79683703e+03
2.23154380e-01	-1.80088487e+03
2.23487944e-01	-1.80437699e+03
2.23821508e-01	-1.80727526e+03
2.24155072e-01	-1.80955169e+03
2.24488636e-01	-1.81119073e+03
2.24822200e-01	-1.81219023e+03
2.25155764e-01	-1.81256087e+03
2.25489328e-01	-1.81232397e+03
2.25822892e-01	-1.81150826e+03
2.26156457e-01	-1.81014638e+03
2.26490021e-01	-1.80827196e+03
2.26823585e-01	-1.80591781e+03
2.27157149e-01	-1.80311546e+03
2.27490713e-01	-1.79989585e+03
2.27824277e-01	-1.79629079e+03
2.28157841e-01	-1.79233462e+03
2.28491405e-01	-1.78806562e+03
2.28824969e-01	-1.78352712e+03
2.29158533e-01	-1.77876805e+03
2.29492097e-01	-1.77384308e+03
2.29825662e-01	-1.76881237e+03
2.30159226e-01	-1.76374077e+03
2.30492790e-01	-1.75869644e+03
2.30826354e-01	-1.75374881e+03
2.31159918e-01	-1.74896575e+03
2.31493482e-01	-1.74441036e+03
2.31827046e-01	-1.74013765e+03
2.32160610e-01	-1.73619178e+03
2.32494174e-01	-1.73260427e+03
2.32827738e-01	-1.72939370e+03
2.33161303e-01	-1.72656685e+03
2.33494867e-01	-1.72412121e+03
2.33828431e-01	-1.72204827e+03
2.34161995e-01	-1.72033701e+03
2.34495559e-01	-1.71897694e+03
2.34829123e-01	-1.71796010e+03
2.35162687e-01	-1.71728173e+03
2.35496251e-01	-1.71693967e+03
2.35829815e-01	-1.71693255e+03
2.36163379e-01	-1.71725732e+03
2.36496943e-01	-1.71790666e+03
2.36830508e-01	-1.71886653e+03
2.37164072e-01	-1.72011451e+03
2.37497636e-01	-1.72161902e+03
2.37831200e-01	-1.72333943e+03
2.38164764e-01	-1.72522713e+03
2.38498328e-01	-1.72722723e+03
2.38831892e-01	-1.72928088e+03
2.39165456e-01	-1.73132801e+03
2.39499020e-01	-1.73331020e+03
2.39832584e-01	-1.73517368e+03
2.40166149e-01	-1.73687201e+03
2.40499713e-01	-1.73836812e+03
2.40833277e-01	-1.73963533e+03
2.41166841e-01	-1.74065697e+03
2.41500405e-01	-1.74142457e+03
2.41833969e-01	-1.74193481e+03
2.42167533e-01	-1.74218578e+03
2.42501097e-01	-1.74217333e+03
2.42834661e-01	-1.74188844e+03
2.43168225e-01	-1.74131609e+03
2.43501789e-01	-1.74043598e+03
2.43835354e-01	-1.73922483e+03
2.44168918e-01	-1.73765964e+03
2.44502482e-01	-1.73572114e+03
2.44836046e-01	-1.73339669e+03
2.45169610e-01	-1.73068219e+03
2.45503174e-01	-1.72758300e+03
2.45836738e-01	-1.72411397e+03
2.46170302e-01	-1.72029904e+03
2.46503866e-01	-1.71617058e+03
2.46837430e-01	-1.71176868e+03
2.47170995e-01	-1.70714002e+03
2.47504559e-01	-1.70233619e+03
2.47838123e-01	-1.69741136e+03
2.48171687e-01	-1.69241925e+03
2.48505251e-01	-1.68741013e+03
2.48838815e-01	-1.68242822e+03
2.49172379e-01	-1.67751048e+03
2.49505943e-01	-1.67268692e+03
2.49839507e-01	-1.66798240e+03
2.50173071e-01	-1.66341942e+03
2.50506635e-01	-1.65902067e+03
2.50840200e-01	-1.65481064e+03
2.51173764e-01	-1.65081541e+03
2.51507328e-01	-1.64706058e+03
2.51840892e-01	-1.64356797e+03
2.52174456e-01	-1.64035177e+03
2.52508020e-01	-1.63741553e+03
2.52841584e-01	-1.63475058e+03
2.53175148e-01	-1.63233647e+03
2.53508712e-01	-1.63014305e+03
2.53842276e-01	-1.62813381e+03
2.54175841e-01	-1.62626938e+03
2.54509405e-01	-1.62451085e+03
2.54842969e-01	-1.62282221e+03
2.55176533e-01	-1.62117206e+03
2.55510097e-01	-1.61953470e+03
2.55843661e-01	-1.61789102e+03
2.56177225e-01	-1.61622919e+03
2.56510789e-01	-1.61454527e+03
2.56844353e-01	-1.61284329e+03
2.57177917e-01	-1.61113466e+03
2.57511481e-01	-1.60943652e+03
2.57845046e-01	-1.60776920e+03
2.58178610e-01	-1.60615325e+03
2.58512174e-01	-1.60460658e+03
2.58845738e-01	-1.60314249e+03
2.59179302e-01	-1.60176932e+03
2.59512866e-01	-1.60049164e+03
2.59846430e-01	-1.59931305e+03
2.60179994e-01	-1.59823966e+03
2.60513558e-01	-1.59728360e+03
2.60847122e-01	-1.59646541e+03
2.61180687e-01	-1.59581482e+03
2.61514251e-01	-1.59536954e+03
2.61847815e-01	-1.59517205e+03
2.62181379e-01	-1.59526521e+03
2.62514943e-01	-1.59568713e+03
2.62848507e-01	-1.59646644e+03
2.63182071e-01	-1.59761848e+03
2.63515635e-01	-1.59914312e+03
2.63849199e-01	-1.60102428e+03
2.64182763e-01	-1.60323118e+03
2.64516327e-01	-1.60572108e+03
2.64849892e-01	-1.60844282e+03
2.65183456e-01	-1.61134100e+03
2.65517020e-01	-1.61436011e+03
2.65850584e-01	-1.61744831e+03
2.66184148e-01	-1.62056059e+03
2.66517712e-01	-1.62366103e+03
2.66851276e-01	-1.62672394e+03
2.67184840e-01	-1.62973381e+03
2.67518404e-01	-1.63268383e+03
2.67851968e-01	-1.63557299e+03
2.68185533e-01	-1.63840202e+03
2.68519097e-01	-1.64116857e+03
2.68852661e-01	-1.64386236e+03
2.69186225e-01	-1.64646116e+03
2.69519789e-01	-1.64892860e+03
2.69853353e-01	-1.65121441e+03
2.70186917e-01	-1.65325726e+03
2.70520481e-01	-1.65498999e+03
2.70854045e-01	-1.65634624e+03
2.71187609e-01	-1.65726727e+03
2.71521173e-01	-1.65770759e+03
2.71854738e-01	-1.65763839e+03
2.72188302e-01	-1.65704826e+03
2.72521866e-01	-1.65594120e+03
2.72855430e-01	-1.65433277e+03
2.73188994e-01	-1.65224536e+03
2.73522558e-01	-1.64970361e+03
2.73856122e-01	-1.64673088e+03
2.74189686e-01	-1.64334704e+03
2.74523250e-01	-1.63956760e+03
2.74856814e-01	-1.63540390e+03
2.75190379e-01	-1.63086390e+03
2.75523943e-01	-1.62595349e+03
2.75857507e-01	-1.62067819e+03
2.76191071e-01	-1.61504548e+03
2.76524635e-01	-1.60906792e+03
2.76858199e-01	-1.60276668e+03
2.77191763e-01	-1.59617522e+03
2.77525327e-01	-1.58934213e+03
2.77858891e-01	-1.58233215e+03
2.78192455e-01	-1.57522471e+03
2.78526019e-01	-1.56810956e+03
2.78859584e-01	-1.56108013e+03
2.79193148e-01	-1.55422565e+03
2.79526712e-01	-1.54762353e+03
2.79860276e-01	-1.54133358e+03
2.80193840e-01	-1.53539525e+03
2.80527404e-01	-1.52982816e+03
2.80860968e-01	-1.52463573e+03
2.81194532e-01	-1.51981065e+03
2.81528096e-01	-1.51534101e+03
2.81861660e-01	-1.51121572e+03
2.82195225e-01	-1.50742830e+03
2.82528789e-01	-1.50397866e+03
2.82862353e-01	-1.50087307e+03
2.83195917e-01	-1.49812284e+03
2.83529481e-01	-1.49574210e+03
2.83863045e-01	-1.49374544e+03
2.84196609e-01	-1.49214533e+03
2.84530173e-01	-1.49094958e+03
2.84863737e-01	-1.49015885e+03
2.85197301e-01	-1.48976410e+03
2.85530865e-01	-1.48974461e+03
2.85864430e-01	-1.49006671e+03
2.86197994e-01	-1.49068401e+03
2.86531558e-01	-1.49153945e+03
2.86865122e-01	-1.49256911e+03
2.87198686e-01	-1.49370755e+03
2.87532250e-01	-1.49489366e+03
2.87865814e-01	-1.49607604e+03
2.88199378e-01	-1.49721665e+03
2.88532942e-01	-1.49829207e+03
2.88866506e-01	-1.49929193e+03
2.89200071e-01	-1.50021490e+03
2.89533635e-01	-1.50106312e+03
2.89867199e-01	-1.50183635e+03
2.90200763e-01	-1.50252692e+03
2.90534327e-01	-1.50311673e+03
2.90867891e-01	-1.50357655e+03
2.91201455e-01	-1.50386775e+03
2.91535019e-01	-1.50394582e+03
2.91868583e-01	-1.50376484e+03
2.92202147e-01	-1.50328220e+03
2.92535711e-01	-1.50246258e+03
2.92869276e-01	-1.50128111e+03
2.93202840e-01	-1.49972538e+03
2.93536404e-01	-1.49779653e+03
2.93869968e-01	-1.49550944e+03
2.94203532e-01	-1.49289212e+03
2.94537096e-01	-1.48998423e+03
2.94870660e-01	-1.48683459e+03
2.95204224e-01	-1.48349753e+03
2.95537788e-01	-1.48002845e+03
2.95871352e-01	-1.47647892e+03
2.96204917e-01	-1.47289212e+03
2.96538481e-01	-1.46929963e+03
2.96872045e-01	-1.46572010e+03
2.97205609e-01	-1.46216039e+03
2.97539173e-01	-1.45861881e+03
2.97872737e-01	-1.45508983e+03
2.98206301e-01	-1.45156900e+03
2.98539865e-01	-1.44805690e+03
2.98873429e-01	-1.44456122e+03
2.99206993e-01	-1.44109628e+03
2.99540557e-01	-1.43768039e+03
2.99874122e-01	-1.43433157e+03
3.00207686e-01	-1.43106276e+03
3.00541250e-01	-1.42787758e+03
3.00874814e-01	-1.42476745e+03
3.01208378e-01	-1.42171044e+03
3.01541942e-01	-1.41867188e+03
3.01875506e-01	-1.41560632e+03
3.02209070e-01	-1.41246030e+03
3.02542634e-01	-1.40917561e+03
3.02876198e-01	-1.40569253e+03
3.03209763e-01	-1.40195320e+03
3.03543327e-01	-1.39790471e+03
3.03876891e-01	-1.39350214e+03
3.04210455e-01	-1.38871111e+03
3.04544019e-01	-1.38350965e+03
3.04877583e-01	-1.37788893e+03
3.05211147e-01	-1.37185255e+03
3.05544711e-01	-1.36541445e+03
3.05878275e-01	-1.35859551e+03
3.06211839e-01	-1.35141966e+03
3.06545403e-01	-1.34391011e+03
3.06878968e-01	-1.33608670e+03
3.07212532e-01	-1.32796487e+03
3.07546096e-01	-1.31955661e+03
3.07879660e-01	-1.31087316e+03
3.08213224e-01	-1.30192900e+03
3.08546788e-01	-1.29274607e+03
3.08880352e-01	-1.28335742e+03
3.09213916e-01	-1.27380942e+03
3.09547480e-01	-1.26416194e+03
3.09881044e-01	-1.25448647e+03
3.10214609e-01	-1.24486244e+03
3.10548173e-01	-1.23537221e+03
3.10881737e-01	-1.22609573e+03
3.11215301e-01	-1.21710550e+03
3.11548865e-01	-1.20846243e+03
3.11882429e-01	-1.20021329e+03
3.12215993e-01	-1.19238957e+03
3.12549557e-01	-1.18500790e+03
3.12883121e-01	-1.17807169e+03
3.13216685e-01	-1.17157364e+03
3.13550249e-01	-1.16549885e+03
3.13883814e-01	-1.15982813e+03
3.14217378e-01	-1.15454139e+03
3.14550942e-01	-1.14962070e+03
3.14884506e-01	-1.14505277e+03
3.15218070e-01	-1.14083054e+03
3.15551634e-01	-1.13695339e+03
3.15885198e-01	-1.13342605e+03
3.16218762e-01	-1.13025588e+03
3.16552326e-01	-1.12744906e+03
3.16885890e-01	-1.12500638e+03
3.17219455e-01	-1.12291927e+03
3.17553019e-01	-1.12116725e+03
3.17886583e-01	-1.11971725e+03
3.18220147e-01	-1.11852532e+03
3.18553711e-01	-1.11754034e+03
3.18887275e-01	-1.11670912e+03
3.19220839e-01	-1.11598182e+03
3.19554403e-01	-1.11531649e+03
3.19887967e-01	-1.11468198e+03
3.20221531e-01	-1.11405863e+03
3.20555095e-01	-1.11343676e+03
3.20888660e-01	-1.11281361e+03
3.21222224e-01	-1.11218937e+03
3.21555788e-01	-1.11156319e+03
3.21889352e-01	-1.11092981e+03
3.22222916e-01	-1.11027728e+03
3.22556480e-01	-1.10958571e+03
3.22890044e-01	-1.10882719e+03
3.23223608e-01	-1.10796649e+03
3.23557172e-01	-1.10696265e+03
3.23890736e-01	-1.10577129e+03
3.24224301e-01	-1.10434782e+03
3.24557865e-01	-1.10265124e+03
3.24891429e-01	-1.10064849e+03
3.25224993e-01	-1.09831870e+03
3.25558557e-01	-1.09565664e+03
3.25892121e-01	-1.09267467e+03
3.26225685e-01	-1.08940253e+03
3.26559249e-01	-1.08588484e+03
3.26892813e-01	-1.08217648e+03
3.27226377e-01	-1.07833668e+03
3.27559941e-01	-1.07442282e+03
3.27893506e-01	-1.07048520e+03
3.28227070e-01	-1.06656355e+03
3.28560634e-01	-1.06268592e+03
3.28894198e-01	-1.05886989e+03
3.29227762e-01	-1.05512554e+03
3.29561326e-01	-1.05145922e+03
3.29894890e-01	-1.04787735e+03
3.30228454e-01	-1.04438924e+03
3.30562018e-01	-1.04100850e+03
3.30895582e-01	-1.03775297e+03
3.31229147e-01	-1.03464332e+03
3.31562711e-01	-1.03170082e+03
3.31896275e-01	-1.02894457e+03
3.32229839e-01	-1.02638877e+03
3.32563403e-01	-1.02404005e+03
3.32896967e-01	-1.02189522e+03
3.33230531e-01	-1.01993937e+03
3.33564095e-01	-1.01814468e+03
3.33897659e-01	-1.01642934e+03
