-8.00553828e-03	-0.00000000e+00
-7.67197419e-03	-1.61269616e-02
-7.33841009e-03	-5.43477168e-02
-7.00484600e-03	-1.43964214e-01
-6.67128190e-03	-3.48072707e-01
-6.33771781e-03	-7.94936013e-01
-6.00415371e-03	-1.73478495e+00
-5.67058962e-03	-3.63377999e+00
-5.33702552e-03	-7.31903139e+00
-5.00346143e-03	-1.41861785e+01
-4.66989733e-03	-2.64713392e+01
-4.33633324e-03	-4.75679103e+01
-4.00276914e-03	-8.23363924e+01
-3.66920505e-03	-1.37315922e+02
-3.33564095e-03	-2.20709993e+02
-3.00207686e-03	-3.42002949e+02
-2.66851276e-03	-5.11090032e+02
-2.33494867e-03	-7.36885938e+02
-2.00138457e-03	-1.02551417e+03
-1.66782048e-03	-1.37834589e+03
-1.33425638e-03	-1.79030382e+03
-1.00069229e-03	-2.24891157e+03
-6.67128190e-04	-2.73450166e+03
-3.33564095e-04	-3.22178292e+03
1.85165269e-18	-3.68264862e+03
3.33564095e-04	-4.08976956e+03
6.67128190e-04	-4.42027025e+03
1.00069229e-03	-4.65872114e+03
1.33425638e-03	-4.79882927e+03
1.66782048e-03	-4.84353010e+03
2.00138457e-03	-4.80357650e+03
2.33494867e-03	-4.69506165e+03
2.66851276e-03	-4.53650560e+03
3.00207686e-03	-4.34613761e+03
3.33564095e-03	-4.13984705e+03
3.66920505e-03	-3.93002571e+03
4.00276914e-03	-3.72527520e+03
4.33633324e-03	-3.53077244e+03
4.66989733e-03	-3.34900900e+03
5.00346143e-03	-3.18063588e+03
5.33702552e-03	-3.02522233e+03
5.67058962e-03	-2.88183140e+03
6.00415371e-03	-2.74939324e+03
6.33771781e-03	-2.62690447e+03
6.67128190e-03	-2.51349831e+03
7.00484600e-03	-2.40842790e+03
7.33841009e-03	-2.31099764e+03
7.67197419e-03	-2.22047240e+03
8.00553828e-03	-2.13599370e+03
8.33910238e-03	-2.05653152e+03
8.67266648e-03	-1.98089445e+03
9.00623057e-03	-1.90780732e+03
9.33979467e-03	-1.83604600e+03
9.67335876e-03	-1.76459949e+03
1.00069229e-02	-1.69281785e+03
1.03404870e-02	-1.62050444e+03
1.06740510e-02	-1.54792478e+03
1.10076151e-02	-1.47572661e+03
1.13411792e-02	-1.40478964e+03
1.16747433e-02	-1.33604133e+03
1.20083074e-02	-1.27028180e+03
1.23418715e-02	-1.20805476e+03
1.26754356e-02	-1.14958636e+03
1.30089997e-02	-1.09479448e+03
1.33425638e-02	-1.04335441e+03
1.36761279e-02	-9.94796147e+02
1.40096920e-02	-9.48606688e+02
1.43432561e-02	-9.04315158e+02
1.46768202e-02	-8.61547627e+02
1.50103843e-02	-8.20047754e+02
1.53439484e-02	-7.79667242e+02
1.56775125e-02	-7.40334824e+02
1.60110766e-02	-7.02014534e+02
1.63446407e-02	-6.64663819e+02
1.66782048e-02	-6.28200680e+02
1.70117689e-02	-5.92486664e+02
1.73453330e-02	-5.57329426e+02
1.76788970e-02	-5.22504658e+02
1.80124611e-02	-4.87793055e+02
1.83460252e-02	-4.53024272e+02
1.86795893e-02	-4.18117892e+02
1.90131534e-02	-3.83111690e+02
1.93467175e-02	-3.48170428e+02
1.96802816e-02	-3.13572948e+02
2.00138457e-02	-2.79680411e+02
2.03474098e-02	-2.46892499e+02
2.06809739e-02	-2.15600340e+02
2.10145380e-02	-1.86144441e+02
2.13481021e-02	-1.58783687e+02
2.16816662e-02	-1.33678267e+02
2.20152303e-02	-1.10886404e+02
2.23487944e-02	-9.03725721e+01
2.26823585e-02	-7.20239909e+01
2.30159226e-02	-5.56722453e+01
2.33494867e-02	-4.11175772e+01
2.36830508e-02	-2.81540849e+01
2.40166149e-02	-1.65945345e+01
2.43501789e-02	-6.29338949e+00
2.46837430e-02	2.83377711e+00
2.50173071e-02	1.07969669e+01
2.53508712e-02	1.75272456e+01
2.56844353e-02	2.28833255e+01
2.60179994e-02	2.66701656e+01
2.63515635e-02	2.86684489e+01
2.66851276e-02	2.86713278e+01
2.70186917e-02	2.65227460e+01
2.73522558e-02	2.21505635e+01
2.76858199e-02	1.55881626e+01
2.80193840e-02	6.98011208e+00
2.83529481e-02	-3.42952164e+00
2.86865122e-02	-1.53243133e+01
2.90200763e-02	-2.83532673e+01
2.93536404e-02	-4.21726895e+01
2.96872045e-02	-5.64851793e+01
3.00207686e-02	-7.10696994e+01
3.03543327e-02	-8.57985017e+01
3.06878968e-02	-1.00639014e+02
3.10214609e-02	-1.15641180e+02
3.13550249e-02	-1.30912860e+02
3.16885890e-02	-1.46587524e+02
3.20221531e-02	-1.62789400e+02
3.23557172e-02	-1.79601567e+02
3.26892813e-02	-1.97041952e+02
3.30228454e-02	-2.15050908e+02
3.33564095e-02	-2.33492186e+02
3.36899736e-02	-2.52166878e+02
3.40235377e-02	-2.70837701e+02
3.43571018e-02	-2.89259218e+02
3.46906659e-02	-3.07208685e+02
3.50242300e-02	-3.24512304e+02
3.53577941e-02	-3.41062816e+02
3.56913582e-02	-3.56826119e+02
3.60249223e-02	-3.71836751e+02
3.63584864e-02	-3.86183973e+02
3.66920505e-02	-3.99991486e+02
3.70256146e-02	-4.13394431e+02
3.73591787e-02	-4.26517156e+02
3.76927428e-02	-4.39454687e+02
3.80263069e-02	-4.52259994e+02
3.83598709e-02	-4.64938290e+02
3.86934350e-02	-4.77448779e+02
3.90269991e-02	-4.89713534e+02
3.93605632e-02	-5.01632313e+02
3.96941273e-02	-5.13101368e+02
4.00276914e-02	-5.24033586e+02
4.03612555e-02	-5.34376936e+02
4.06948196e-02	-5.44128226e+02
4.10283837e-02	-5.53339793e+02
4.13619478e-02	-5.62117858e+02
4.16955119e-02	-5.70612667e+02
4.20290760e-02	-5.79001962e+02
4.23626401e-02	-5.87470493e+02
4.26962042e-02	-5.96188834e+02
4.30297683e-02	-6.05294791e+02
4.33633324e-02	-6.14879937e+02
4.36968965e-02	-6.24982793e+02
4.40304606e-02	-6.35588925e+02
4.43640247e-02	-6.46637227e+02
4.46975888e-02	-6.58030927e+02
4.50311529e-02	-6.69651663e+02
4.53647169e-02	-6.81374947e+02
4.56982810e-02	-6.93085545e+02
4.60318451e-02	-7.04691390e+02
4.63654092e-02	-7.16134708e+02
4.66989733e-02	-7.27399005e+02
4.70325374e-02	-7.38510774e+02
4.73661015e-02	-7.49535202e+02
4.76996656e-02	-7.60566005e+02
4.80332297e-02	-7.71710543e+02
4.83667938e-02	-7.83072377e+02
4.87003579e-02	-7.94734070e+02
4.90339220e-02	-8.06743141e+02
4.93674861e-02	-8.19103413e+02
4.97010502e-02	-8.31773012e+02
5.00346143e-02	-8.44668851e+02
5.03681784e-02	-8.57676315e+02
5.07017425e-02	-8.70662031e+02
5.10353066e-02	-8.83487411e+02
5.13688707e-02	-8.96020951e+02
5.17024348e-02	-9.08147941e+02
5.20359989e-02	-9.19777082e+02
5.23695629e-02	-9.30844186e+02
5.27031270e-02	-9.41313464e+02
5.30366911e-02	-9.51176944e+02
5.33702552e-02	-9.60452280e+02
5.37038193e-02	-9.69178859e+02
5.40373834e-02	-9.77411937e+02
5.43709475e-02	-9.85214680e+02
5.47045116e-02	-9.92648472e+02
5.50380757e-02	-9.99762467e+02
5.53716398e-02	-1.00658395e+03
5.57052039e-02	-1.01311135e+03
5.60387680e-02	-1.01931145e+03
5.63723321e-02	-1.02512173e+03
5.67058962e-02	-1.03045762e+03
5.70394603e-02	-1.03522364e+03
5.73730244e-02	-1.03932637e+03
5.77065885e-02	-1.04268707e+03
5.80401526e-02	-1.04525207e+03
5.83737167e-02	-1.04699944e+03
5.87072808e-02	-1.04794161e+03
5.90408449e-02	-1.04812415e+03
5.93744089e-02	-1.04762146e+03
5.97079730e-02	-1.04653048e+03
6.00415371e-02	-1.04496297e+03
6.03751012e-02	-1.04303711e+03
6.07086653e-02	-1.04086869e+03
6.10422294e-02	-1.03856228e+03
6.13757935e-02	-1.03620302e+03
6.17093576e-02	-1.03384983e+03
6.20429217e-02	-1.03153122e+03
6.23764858e-02	-1.02924455e+03
6.27100499e-02	-1.02695941e+03
6.30436140e-02	-1.02462486e+03
6.33771781e-02	-1.02217947e+03
6.37107422e-02	-1.01956252e+03
6.40443063e-02	-1.01672440e+03
6.43778704e-02	-1.01363447e+03
6.47114345e-02	-1.01028528e+03
6.50449986e-02	-1.00669289e+03
6.53785627e-02	-1.00289376e+03
6.57121268e-02	-9.98939353e+02
6.60456908e-02	-9.94889571e+02
6.63792549e-02	-9.90806253e+02
6.67128190e-02	-9.86747484e+02
6.70463831e-02	-9.82763122e+02
6.73799472e-02	-9.78891585e+02
6.77135113e-02	-9.75157766e+02
6.80470754e-02	-9.71571911e+02
6.83806395e-02	-9.68129427e+02
6.87142036e-02	-9.64811687e+02
6.90477677e-02	-9.61588041e+02
6.93813318e-02	-9.58419207e+02
6.97148959e-02	-9.55262020e+02
7.00484600e-02	-9.52075152e+02
7.03820241e-02	-9.48825097e+02
7.07155882e-02	-9.45491379e+02
7.10491523e-02	-9.42069978e+02
7.13827164e-02	-9.38574213e+02
7.17162805e-02	-9.35032857e+02
7.20498446e-02	-9.31485876e+02
7.23834087e-02	-9.27978701e+02
7.27169728e-02	-9.24556233e+02
7.30505368e-02	-9.21257720e+02
7.33841009e-02	-9.18113236e+02
7.37176650e-02	-9.15142004e+02
7.40512291e-02	-9.12352320e+02
7.43847932e-02	-9.09742516e+02
7.47183573e-02	-9.07302401e+02
7.50519214e-02	-9.05014791e+02
7.53854855e-02	-9.02857014e+02
7.57190496e-02	-9.00802594e+02
7.60526137e-02	-8.98823366e+02
7.63861778e-02	-8.96892202e+02
7.67197419e-02	-8.94986261e+02
7.70533060e-02	-8.93090357e+02
7.73868701e-02	-8.91199837e+02
7.77204342e-02	-8.89322299e+02
7.80539983e-02	-8.87477619e+02
7.83875624e-02	-8.85696111e+02
7.87211265e-02	-8.84015047e+02
7.90546906e-02	-8.82474163e+02
7.93882547e-02	-8.81110983e+02
7.97218188e-02	-8.79956787e+02
8.00553828e-02	-8.79033885e+02
8.03889469e-02	-8.78354432e+02
8.07225110e-02	-8.77920701e+02
8.10560751e-02	-8.77726373e+02
8.13896392e-02	-8.77758314e+02
8.17232033e-02	-8.77998377e+02
8.20567674e-02	-8.78424998e+02
8.23903315e-02	-8.79014596e+02
8.27238956e-02	-8.79742990e+02
8.30574597e-02	-8.80587030e+02
8.33910238e-02	-8.81526569e+02
8.37245879e-02	-8.82546623e+02
8.40581520e-02	-8.83639369e+02
8.43917161e-02	-8.84805489e+02
8.47252802e-02	-8.86054419e+02
8.50588443e-02	-8.87403267e+02
8.53924084e-02	-8.88874420e+02
8.57259725e-02	-8.90492169e+02
8.60595366e-02	-8.92278910e+02
8.63931007e-02	-8.94251530e+02
8.67266648e-02	-8.96418590e+02
8.70602288e-02	-8.98778694e+02
8.73937929e-02	-9.01320254e+02
8.77273570e-02	-9.04022519e+02
8.80609211e-02	-9.06857587e+02
8.83944852e-02	-9.09792901e+02
8.87280493e-02	-9.12793759e+02
8.90616134e-02	-9.15825456e+02
8.93951775e-02	-9.18854925e+02
8.97287416e-02	-9.21851987e+02
9.00623057e-02	-9.24790455e+02
9.03958698e-02	-9.27649353e+02
9.07294339e-02	-9.30414344e+02
9.10629980e-02	-9.33079151e+02
9.13965621e-02	-9.35646484e+02
9.17301262e-02	-9.38127881e+02
9.20636903e-02	-9.40542011e+02
9.23972544e-02	-9.42911360e+02
9.27308185e-02	-9.45257725e+02
9.30643826e-02	-9.47597363e+02
9.33979467e-02	-9.49936896e+02
9.37315108e-02	-9.52270916e+02
9.40650748e-02	-9.54581881e+02
9.43986389e-02	-9.56842279e+02
9.47322030e-02	-9.59018491e+02
9.50657671e-02	-9.61075400e+02
9.53993312e-02	-9.62980724e+02
9.57328953e-02	-9.64708233e+02
9.60664594e-02	-9.66239459e+02
9.64000235e-02	-9.67563943e+02
9.67335876e-02	-9.68678505e+02
9.70671517e-02	-9.69586148e+02
9.74007158e-02	-9.70295130e+02
9.77342799e-02	-9.70818475e+02
9.80678440e-02	-9.71173828e+02
9.84014081e-02	-9.71383244e+02
9.87349722e-02	-9.71472434e+02
9.90685363e-02	-9.71469038e+02
9.94021004e-02	-9.71399929e+02
9.97356645e-02	-9.71287868e+02
1.00069229e-01	-9.71148260e+02
1.00402793e-01	-9.70986810e+02
1.00736357e-01	-9.70798802e+02
1.01069921e-01	-9.70570285e+02
1.01403485e-01	-9.70280983e+02
1.01737049e-01	-9.69908257e+02
1.02070613e-01	-9.69431239e+02
1.02404177e-01	-9.68834277e+02
1.02737741e-01	-9.68109165e+02
1.03071305e-01	-9.67255991e+02
1.03404870e-01	-9.66282880e+02
1.03738434e-01	-9.65205080e+02
1.04071998e-01	-9.64043855e+02
1.04405562e-01	-9.62825453e+02
1.04739126e-01	-9.61580134e+02
1.05072690e-01	-9.60341043e+02
1.05406254e-01	-9.59142630e+02
1.05739818e-01	-9.58018418e+02
1.06073382e-01	-9.56998154e+02
1.06406946e-01	-9.56104637e+02
1.06740510e-01	-9.55350792e+02
1.07074075e-01	-9.54737614e+02
1.07407639e-01	-9.54253577e+02
1.07741203e-01	-9.53875847e+02
1.08074767e-01	-9.53573293e+02
1.08408331e-01	-9.53310899e+02
1.08741895e-01	-9.53054831e+02
1.09075459e-01	-9.52777237e+02
1.09409023e-01	-9.52459889e+02
1.09742587e-01	-9.52096027e+02
1.10076151e-01	-9.51690198e+02
1.10409716e-01	-9.51256322e+02
1.10743280e-01	-9.50814584e+02
1.11076844e-01	-9.50387932e+02
1.11410408e-01	-9.49998882e+02
1.11743972e-01	-9.49667045e+02
1.12077536e-01	-9.49407470e+02
1.12411100e-01	-9.49229625e+02
1.12744664e-01	-9.49136716e+02
1.13078228e-01	-9.49125131e+02
1.13411792e-01	-9.49183988e+02
1.13745356e-01	-9.49295014e+02
1.14078921e-01	-9.49433127e+02
1.14412485e-01	-9.49568025e+02
1.14746049e-01	-9.49666911e+02
1.15079613e-01	-9.49698134e+02
1.15413177e-01	-9.49635227e+02
1.15746741e-01	-9.49460601e+02
1.16080305e-01	-9.49168129e+02
1.16413869e-01	-9.48764061e+02
1.16747433e-01	-9.48266012e+02
1.17080997e-01	-9.47700240e+02
1.17414562e-01	-9.47097745e+02
1.17748126e-01	-9.46490004e+02
1.18081690e-01	-9.45905157e+02
1.18415254e-01	-9.45365286e+02
1.18748818e-01	-9.44885081e+02
1.19082382e-01	-9.44471815e+02
1.19415946e-01	-9.44126193e+02
1.19749510e-01	-9.43843527e+02
1.20083074e-01	-9.43614774e+02
1.20416638e-01	-9.43427207e+02
1.20750202e-01	-9.43264841e+02
1.21083767e-01	-9.43108973e+02
1.21417331e-01	-9.42939259e+02
1.21750895e-01	-9.42735617e+02
1.22084459e-01	-9.42480883e+02
1.22418023e-01	-9.42163829e+02
1.22751587e-01	-9.41781825e+02
1.23085151e-01	-9.41342436e+02
1.23418715e-01	-9.40863413e+02
1.23752279e-01	-9.40370915e+02
1.24085843e-01	-9.39896262e+02
1.24419408e-01	-9.39471892e+02
1.24752972e-01	-9.39127320e+02
1.25086536e-01	-9.38885890e+02
1.25420100e-01	-9.38762809e+02
1.25753664e-01	-9.38764616e+02
1.26087228e-01	-9.38889906e+02
1.26420792e-01	-9.39130846e+02
1.26754356e-01	-9.39474965e+02
1.27087920e-01	-9.39906784e+02
1.27421484e-01	-9.40409078e+02
1.27755048e-01	-9.40963770e+02
1.28088613e-01	-9.41552693e+02
1.28422177e-01	-9.42158531e+02
1.28755741e-01	-9.42766158e+02
1.29089305e-01	-9.43364406e+02
1.29422869e-01	-9.43948007e+02
1.29756433e-01	-9.44519277e+02
1.30089997e-01	-9.45088980e+02
1.30423561e-01	-9.45675940e+02
1.30757125e-01	-9.46305209e+02
1.31090689e-01	-9.47004993e+02
1.31424254e-01	-9.47802883e+02
1.31757818e-01	-9.48722122e+02
1.32091382e-01	-9.49778653e+02
1.32424946e-01	-9.50979462e+02
1.32758510e-01	-9.52322379e+02
1.33092074e-01	-9.53797157e+02
1.33425638e-01	-9.55387368e+02
1.33759202e-01	-9.57072580e+02
1.34092766e-01	-9.58830346e+02
1.34426330e-01	-9.60637739e+02
1.34759894e-01	-9.62472413e+02
1.35093459e-01	-9.64313376e+02
1.35427023e-01	-9.66141723e+02
1.35760587e-01	-9.67941516e+02
1.36094151e-01	-9.69700867e+02
1.36427715e-01	-9.71413046e+02
1.36761279e-01	-9.73077323e+02
1.37094843e-01	-9.74699148e+02
1.37428407e-01	-9.76289347e+02
1.37761971e-01	-9.77862181e+02
1.38095535e-01	-9.79432383e+02
1.38429100e-01	-9.81011588e+02
1.38762664e-01	-9.82604768e+02
1.39096228e-01	-9.84207409e+02
1.39429792e-01	-9.85804026e+02
1.39763356e-01	-9.87368394e+02
1.40096920e-01	-9.88865492e+02
1.40430484e-01	-9.90254788e+02
1.40764048e-01	-9.91494250e+02
1.41097612e-01	-9.92544336e+02
1.41431176e-01	-9.93371331e+02
1.41764740e-01	-9.93949649e+02
1.42098305e-01	-9.94263018e+02
1.42431869e-01	-9.94304729e+02
1.42765433e-01	-9.94077212e+02
1.43098997e-01	-9.93591252e+02
1.43432561e-01	-9.92864960e+02
1.43766125e-01	-9.91922491e+02
1.44099689e-01	-9.90792373e+02
1.44433253e-01	-9.89505319e+02
1.44766817e-01	-9.88091515e+02
1.45100381e-01	-9.86577595e+02
1.45433946e-01	-9.84983689e+02
1.45767510e-01	-9.83321060e+02
1.46101074e-01	-9.81590835e+02
1.46434638e-01	-9.79784176e+02
1.46768202e-01	-9.77883963e+02
1.47101766e-01	-9.75867763e+02
1.47435330e-01	-9.73711635e+02
1.47768894e-01	-9.71394107e+02
1.48102458e-01	-9.68899699e+02
1.48436022e-01	-9.66221443e+02
1.48769586e-01	-9.63362118e+02
1.49103151e-01	-9.60334154e+02
1.49436715e-01	-9.57158429e+02
1.49770279e-01	-9.53862314e+02
1.50103843e-01	-9.50477393e+02
1.50437407e-01	-9.47037184e+02
1.50770971e-01	-9.43575079e+02
1.51104535e-01	-9.40122529e+02
1.51438099e-01	-9.36707405e+02
1.51771663e-01	-9.33352464e+02
1.52105227e-01	-9.30073910e+02
1.52438792e-01	-9.26880178e+02
1.52772356e-01	-9.23771225e+02
1.53105920e-01	-9.20738606e+02
1.53439484e-01	-9.17766602e+02
1.53773048e-01	-9.14834453e+02
1.54106612e-01	-9.11919500e+02
1.54440176e-01	-9.09000821e+02
1.54773740e-01	-9.06062763e+02
1.55107304e-01	-9.03097766e+02
1.55440868e-01	-9.00108007e+02
1.55774432e-01	-8.97105618e+02
1.56107997e-01	-8.94111496e+02
1.56441561e-01	-8.91152965e+02
1.56775125e-01	-8.88260739e+02
1.57108689e-01	-8.85465662e+02
1.57442253e-01	-8.82795698e+02
1.57775817e-01	-8.80273477e+02
1.58109381e-01	-8.77914575e+02
1.58442945e-01	-8.75726574e+02
1.58776509e-01	-8.73708827e+02
1.59110073e-01	-8.71852807e+02
1.59443638e-01	-8.70142941e+02
1.59777202e-01	-8.68557885e+02
1.60110766e-01	-8.67072222e+02
1.60444330e-01	-8.65658596e+02
1.60777894e-01	-8.64290209e+02
1.61111458e-01	-8.62943525e+02
1.61445022e-01	-8.61600884e+02
1.61778586e-01	-8.60252648e+02
1.62112150e-01	-8.58898466e+02
1.62445714e-01	-8.57547338e+02
1.62779278e-01	-8.56216367e+02
1.63112843e-01	-8.54928335e+02
1.63446407e-01	-8.53708468e+02
1.63779971e-01	-8.52580931e+02
1.64113535e-01	-8.51565641e+02
1.64447099e-01	-8.50675882e+02
1.64780663e-01	-8.49917020e+02
1.65114227e-01	-8.49286371e+02
1.65447791e-01	-8.48774063e+02
1.65781355e-01	-8.48364552e+02
1.66114919e-01	-8.48038456e+02
1.66448484e-01	-8.47774371e+02
1.66782048e-01	-8.47550494e+02
1.67115612e-01	-8.47345971e+02
1.67449176e-01	-8.47142024e+02
1.67782740e-01	-8.46922944e+02
1.68116304e-01	-8.46677018e+02
1.68449868e-01	-8.46397382e+02
1.68783432e-01	-8.46082697e+02
1.69116996e-01	-8.45737437e+02
1.69450560e-01	-8.45371583e+02
1.69784124e-01	-8.44999560e+02
1.70117689e-01	-8.44638369e+02
1.70451253e-01	-8.44305097e+02
1.70784817e-01	-8.44014140e+02
1.71118381e-01	-8.43774641e+02
1.71451945e-01	-8.43588659e+02
1.71785509e-01	-8.43450441e+02
1.72119073e-01	-8.43346972e+02
1.72452637e-01	-8.43259655e+02
1.72786201e-01	-8.43166757e+02
1.73119765e-01	-8.43046084e+02
1.73453330e-01	-8.42877357e+02
1.73786894e-01	-8.42643936e+02
1.74120458e-01	-8.42333752e+02
1.74454022e-01	-8.41939548e+02
1.74787586e-01	-8.41458694e+02
1.75121150e-01	-8.40892823e+02
1.75454714e-01	-8.40247531e+02
1.75788278e-01	-8.39532139e+02
1.76121842e-01	-8.38759460e+02
1.76455406e-01	-8.37945335e+02
1.76788970e-01	-8.37107785e+02
1.77122535e-01	-8.36265691e+02
1.77456099e-01	-8.35437105e+02
1.77789663e-01	-8.34637409e+02
1.78123227e-01	-8.33877687e+02
1.78456791e-01	-8.33163658e+02
1.78790355e-01	-8.32495433e+02
1.79123919e-01	-8.31868172e+02
1.79457483e-01	-8.31273536e+02
1.79791047e-01	-8.30701610e+02
1.80124611e-01	-8.30142905e+02
1.80458176e-01	-8.29590046e+02
1.80791740e-01	-8.29038863e+02
1.81125304e-01	-8.28488780e+02
1.81458868e-01	-8.27942601e+02
1.81792432e-01	-8.27405910e+02
1.82125996e-01	-8.26886364e+02
1.82459560e-01	-8.26393085e+02
1.82793124e-01	-8.25936259e+02
1.83126688e-01	-8.25526872e+02
1.83460252e-01	-8.25176464e+02
1.83793816e-01	-8.24896695e+02
1.84127381e-01	-8.24698627e+02
1.84460945e-01	-8.24591717e+02
1.84794509e-01	-8.24582667e+02
1.85128073e-01	-8.24674375e+02
1.85461637e-01	-8.24865259e+02
1.85795201e-01	-8.25149173e+02
1.86128765e-01	-8.25516002e+02
1.86462329e-01	-8.25952839e+02
1.86795893e-01	-8.26445516e+02
1.87129457e-01	-8.26980165e+02
1.87463022e-01	-8.27544494e+02
1.87796586e-01	-8.28128544e+02
1.88130150e-01	-8.28724858e+02
1.88463714e-01	-8.29328141e+02
1.88797278e-01	-8.29934607e+02
1.89130842e-01	-8.30541264e+02
1.89464406e-01	-8.31145364e+02
1.89797970e-01	-8.31744126e+02
1.90131534e-01	-8.32334752e+02
1.90465098e-01	-8.32914616e+02
1.90798662e-01	-8.33481456e+02
1.91132227e-01	-8.34033388e+02
1.91465791e-01	-8.34568665e+02
1.91799355e-01	-8.35085147e+02
1.92132919e-01	-8.35579630e+02
1.92466483e-01	-8.36047215e+02
1.92800047e-01	-8.36480955e+02
1.93133611e-01	-8.36871914e+02
1.93467175e-01	-8.37209698e+02
1.93800739e-01	-8.37483357e+02
1.94134303e-01	-8.37682458e+02
1.94467868e-01	-8.37798092e+02
1.94801432e-01	-8.37823597e+02
1.95134996e-01	-8.37754887e+02
1.95468560e-01	-8.37590405e+02
1.95802124e-01	-8.37330824e+02
1.96135688e-01	-8.36978669e+02
1.96469252e-01	-8.36538029e+02
1.96802816e-01	-8.36014448e+02
1.97136380e-01	-8.35414977e+02
1.97469944e-01	-8.34748267e+02
1.97803508e-01	-8.34024535e+02
1.98137073e-01	-8.33255232e+02
1.98470637e-01	-8.32452314e+02
1.98804201e-01	-8.31627144e+02
1.99137765e-01	-8.30789174e+02
1.99471329e-01	-8.29944661e+02
1.99804893e-01	-8.29095718e+02
2.00138457e-01	-8.28239947e+02
2.00472021e-01	-8.27370795e+02
2.00805585e-01	-8.26478592e+02
2.01139149e-01	-8.25552100e+02
2.01472713e-01	-8.24580269e+02
2.01806278e-01	-8.23553868e+02
2.02139842e-01	-8.22466726e+02
2.02473406e-01	-8.21316424e+02
2.02806970e-01	-8.20104437e+02
2.03140534e-01	-8.18835835e+02
2.03474098e-01	-8.17518725e+02
2.03807662e-01	-8.16163602e+02
2.04141226e-01	-8.14782704e+02
2.04474790e-01	-8.13389413e+02
2.04808354e-01	-8.11997609e+02
2.05141919e-01	-8.10620904e+02
2.05475483e-01	-8.09271702e+02
2.05809047e-01	-8.07960124e+02
2.06142611e-01	-8.06692916e+02
2.06476175e-01	-8.05472563e+02
2.06809739e-01	-8.04296839e+02
2.07143303e-01	-8.03158971e+02
2.07476867e-01	-8.02048495e+02
2.07810431e-01	-8.00952709e+02
2.08143995e-01	-7.99858530e+02
2.08477559e-01	-7.98754450e+02
2.08811124e-01	-7.97632249e+02
2.09144688e-01	-7.96488197e+02
2.09478252e-01	-7.95323569e+02
2.09811816e-01	-7.94144439e+02
2.10145380e-01	-7.92960863e+02
2.10478944e-01	-7.91785641e+02
2.10812508e-01	-7.90632914e+02
2.11146072e-01	-7.89516816e+02
2.11479636e-01	-7.88450329e+02
2.11813200e-01	-7.87444379e+02
2.12146765e-01	-7.86507166e+02
2.12480329e-01	-7.85643633e+02
2.12813893e-01	-7.84855037e+02
2.13147457e-01	-7.84138627e+02
2.13481021e-01	-7.83487502e+02
2.13814585e-01	-7.82890788e+02
2.14148149e-01	-7.82334270e+02
2.14481713e-01	-7.81801533e+02
2.14815277e-01	-7.81275573e+02
2.15148841e-01	-7.80740687e+02
2.15482405e-01	-7.80184371e+02
2.15815970e-01	-7.79598899e+02
2.16149534e-01	-7.78982288e+02
2.16483098e-01	-7.78338483e+02
2.16816662e-01	-7.77676709e+02
2.17150226e-01	-7.77010137e+02
2.17483790e-01	-7.76354089e+02
2.17817354e-01	-7.75724093e+02
2.18150918e-01	-7.75134060e+02
2.18484482e-01	-7.74594808e+02
2.18818046e-01	-7.74113032e+02
2.19151611e-01	-7.73690750e+02
2.19485175e-01	-7.73325147e+02
2.19818739e-01	-7.73008753e+02
2.20152303e-01	-7.72729883e+02
2.20485867e-01	-7.72473311e+02
2.20819431e-01	-7.72221170e+02
2.21152995e-01	-7.71954098e+02
2.21486559e-01	-7.71652598e+02
2.21820123e-01	-7.71298573e+02
2.22153687e-01	-7.70876871e+02
2.22487251e-01	-7.70376680e+02
2.22820816e-01	-7.69792557e+02
2.23154380e-01	-7.69124890e+02
2.23487944e-01	-7.68379711e+02
2.23821508e-01	-7.67567814e+02
2.24155072e-01	-7.66703303e+02
2.24488636e-01	-7.65801773e+02
2.24822200e-01	-7.64878371e+02
2.25155764e-01	-7.63946031e+02
2.25489328e-01	-7.63014069e+02
2.25822892e-01	-7.62087294e+02
2.26156457e-01	-7.61165671e+02
2.26490021e-01	-7.60244490e+02
2.26823585e-01	-7.59314989e+02
2.27157149e-01	-7.58365302e+02
2.27490713e-01	-7.57381657e+02
2.27824277e-01	-7.56349745e+02
2.28157841e-01	-7.55256158e+02
2.28491405e-01	-7.54089820e+02
2.28824969e-01	-7.52843288e+02
2.29158533e-01	-7.51513803e+02
2.29492097e-01	-7.50103979e+02
2.29825662e-01	-7.48622026e+02
2.30159226e-01	-7.47081430e+02
2.30492790e-01	-7.45500085e+02
2.30826354e-01	-7.43898892e+02
2.31159918e-01	-7.42299954e+02
2.31493482e-01	-7.40724518e+02
2.31827046e-01	-7.39190897e+02
2.32160610e-01	-7.37712620e+02
2.32494174e-01	-7.36297067e+02
2.32827738e-01	-7.34944760e+02
2.33161303e-01	-7.33649432e+02
2.33494867e-01	-7.32398841e+02
2.33828431e-01	-7.31176216e+02
2.34161995e-01	-7.29962146e+02
2.34495559e-01	-7.28736641e+02
2.34829123e-01	-7.27481126e+02
2.35162687e-01	-7.26180160e+02
2.35496251e-01	-7.24822738e+02
2.35829815e-01	-7.23403092e+02
2.36163379e-01	-7.21920997e+02
2.36496943e-01	-7.20381591e+02
2.36830508e-01	-7.18794779e+02
2.37164072e-01	-7.17174262e+02
2.37497636e-01	-7.15536249e+02
2.37831200e-01	-7.13897897e+02
2.38164764e-01	-7.12275595e+02
2.38498328e-01	-7.10683220e+02
2.38831892e-01	-7.09130553e+02
2.39165456e-01	-7.07622073e+02
2.39499020e-01	-7.06156315e+02
2.39832584e-01	-7.04725931e+02
2.40166149e-01	-7.03318492e+02
2.40499713e-01	-7.01917953e+02
2.40833277e-01	-7.00506576e+02
2.41166841e-01	-6.99067067e+02
2.41500405e-01	-6.97584604e+02
2.41833969e-01	-6.96048515e+02
2.42167533e-01	-6.94453402e+02
2.42501097e-01	-6.92799614e+02
2.42834661e-01	-6.91093114e+02
2.43168225e-01	-6.89344833e+02
2.43501789e-01	-6.87569650e+02
2.43835354e-01	-6.85785151e+02
2.44168918e-01	-6.84010255e+02
2.44502482e-01	-6.82263780e+02
2.44836046e-01	-6.80562996e+02
2.45169610e-01	-6.78922226e+02
2.45503174e-01	-6.77351587e+02
2.45836738e-01	-6.75856028e+02
2.46170302e-01	-6.74434820e+02
2.46503866e-01	-6.73081631e+02
2.46837430e-01	-6.71785254e+02
2.47170995e-01	-6.70530944e+02
2.47504559e-01	-6.69302204e+02
2.47838123e-01	-6.68082793e+02
2.48171687e-01	-6.66858679e+02
2.48505251e-01	-6.65619666e+02
2.48838815e-01	-6.64360504e+02
2.49172379e-01	-6.63081374e+02
2.49505943e-01	-6.61787719e+02
2.49839507e-01	-6.60489517e+02
2.50173071e-01	-6.59200114e+02
2.50506635e-01	-6.57934780e+02
2.50840200e-01	-6.56709149e+02
2.51173764e-01	-6.55537690e+02
2.51507328e-01	-6.54432315e+02
2.51840892e-01	-6.53401217e+02
2.52174456e-01	-6.52448020e+02
2.52508020e-01	-6.51571301e+02
2.52841584e-01	-6.50764527e+02
2.53175148e-01	-6.50016451e+02
2.53508712e-01	-6.49311924e+02
2.53842276e-01	-6.48633092e+02
2.54175841e-01	-6.47960852e+02
2.54509405e-01	-6.47276430e+02
2.54842969e-01	-6.46562913e+02
2.55176533e-01	-6.45806578e+02
2.55510097e-01	-6.44997872e+02
2.55843661e-01	-6.44131969e+02
2.56177225e-01	-6.43208832e+02
2.56510789e-01	-6.42232818e+02
2.56844353e-01	-6.41211856e+02
2.57177917e-01	-6.40156333e+02
2.57511481e-01	-6.39077784e+02
2.57845046e-01	-6.37987553e+02
2.58178610e-01	-6.36895553e+02
2.58512174e-01	-6.35809227e+02
2.58845738e-01	-6.34732821e+02
2.59179302e-01	-6.33667020e+02
2.59512866e-01	-6.32608952e+02
2.59846430e-01	-6.31552563e+02
2.60179994e-01	-6.30489296e+02
2.60513558e-01	-6.29408996e+02
2.60847122e-01	-6.28300938e+02
2.61180687e-01	-6.27154881e+02
2.61514251e-01	-6.25962056e+02
2.61847815e-01	-6.24716018e+02
2.62181379e-01	-6.23413340e+02
2.62514943e-01	-6.22054080e+02
2.62848507e-01	-6.20642008e+02
2.63182071e-01	-6.19184525e+02
2.63515635e-01	-6.17692247e+02
2.63849199e-01	-6.16178216e+02
2.64182763e-01	-6.14656786e+02
2.64516327e-01	-6.13142259e+02
2.64849892e-01	-6.11647419e+02
2.65183456e-01	-6.10182165e+02
2.65517020e-01	-6.08752412e+02
2.65850584e-01	-6.07359426e+02
2.66184148e-01	-6.05999674e+02
2.66517712e-01	-6.04665195e+02
2.66851276e-01	-6.03344422e+02
2.67184840e-01	-6.02023318e+02
2.67518404e-01	-6.00686656e+02
2.67851968e-01	-5.99319282e+02
2.68185533e-01	-5.97907226e+02
2.68519097e-01	-5.96438600e+02
2.68852661e-01	-5.94904235e+02
2.69186225e-01	-5.93298100e+02
2.69519789e-01	-5.91617491e+02
2.69853353e-01	-5.89863033e+02
2.70186917e-01	-5.88038469e+02
2.70520481e-01	-5.86150233e+02
2.70854045e-01	-5.84206784e+02
2.71187609e-01	-5.82217735e+02
2.71521173e-01	-5.80192835e+02
2.71854738e-01	-5.78140917e+02
2.72188302e-01	-5.76068959e+02
2.72521866e-01	-5.73981377e+02
2.72855430e-01	-5.71879684e+02
2.73188994e-01	-5.69762537e+02
2.73522558e-01	-5.67626184e+02
2.73856122e-01	-5.65465203e+02
2.74189686e-01	-5.63273427e+02
2.74523250e-01	-5.61044902e+02
2.74856814e-01	-5.58774762e+02
2.75190379e-01	-5.56459930e+02
2.75523943e-01	-5.54099629e+02
2.75857507e-01	-5.51695685e+02
2.76191071e-01	-5.49252664e+02
2.76524635e-01	-5.46777857e+02
2.76858199e-01	-5.44281103e+02
2.77191763e-01	-5.41774442e+02
2.77525327e-01	-5.39271558e+02
2.77858891e-01	-5.36787018e+02
2.78192455e-01	-5.34335320e+02
2.78526019e-01	-5.31929838e+02
2.78859584e-01	-5.29581757e+02
2.79193148e-01	-5.27299144e+02
2.79526712e-01	-5.25086282e+02
2.79860276e-01	-5.22943352e+02
2.80193840e-01	-5.20866546e+02
2.80527404e-01	-5.18848581e+02
2.80860968e-01	-5.16879567e+02
2.81194532e-01	-5.14948121e+02
2.81528096e-01	-5.13042581e+02
2.81861660e-01	-5.11152180e+02
2.82195225e-01	-5.09268023e+02
2.82528789e-01	-5.07383794e+02
2.82862353e-01	-5.05496109e+02
2.83195917e-01	-5.03604517e+02
2.83529481e-01	-5.01711189e+02
2.83863045e-01	-4.99820368e+02
2.84196609e-01	-4.97937647e+02
2.84530173e-01	-4.96069164e+02
2.84863737e-01	-4.94220796e+02
2.85197301e-01	-4.92397383e+02
2.85530865e-01	-4.90602045e+02
2.85864430e-01	-4.88835617e+02
2.86197994e-01	-4.87096243e+02
2.86531558e-01	-4.85379175e+02
2.86865122e-01	-4.83676828e+02
2.87198686e-01	-4.81979108e+02
2.87532250e-01	-4.80274044e+02
2.87865814e-01	-4.78548670e+02
2.88199378e-01	-4.76790095e+02
2.88532942e-01	-4.74986637e+02
2.88866506e-01	-4.73128865e+02
2.89200071e-01	-4.71210419e+02
2.89533635e-01	-4.69228494e+02
2.89867199e-01	-4.67183932e+02
2.90200763e-01	-4.65080936e+02
2.90534327e-01	-4.62926461e+02
2.90867891e-01	-4.60729412e+02
2.91201455e-01	-4.58499733e+02
2.91535019e-01	-4.56247532e+02
2.91868583e-01	-4.53982293e+02
2.92202147e-01	-4.51712237e+02
2.92535711e-01	-4.49443827e+02
2.92869276e-01	-4.47181415e+02
2.93202840e-01	-4.44927006e+02
2.93536404e-01	-4.42680151e+02
2.93869968e-01	-4.40437977e+02
2.94203532e-01	-4.38195425e+02
2.94537096e-01	-4.35945725e+02
2.94870660e-01	-4.33681133e+02
2.95204224e-01	-4.31393902e+02
2.95537788e-01	-4.29077363e+02
2.95871352e-01	-4.26726961e+02
2.96204917e-01	-4.24341049e+02
2.96538481e-01	-4.21921271e+02
2.96872045e-01	-4.19472455e+02
2.97205609e-01	-4.17002021e+02
2.97539173e-01	-4.14519019e+02
2.97872737e-01	-4.12032975e+02
2.98206301e-01	-4.09552749e+02
2.98539865e-01	-4.07085558e+02
2.98873429e-01	-4.04636259e+02
2.99206993e-01	-4.02206917e+02
2.99540557e-01	-3.99796589e+02
2.99874122e-01	-3.97401270e+02
3.00207686e-01	-3.95013934e+02
3.00541250e-01	-3.92624657e+02
3.00874814e-01	-3.90220860e+02
3.01208378e-01	-3.87787743e+02
3.01541942e-01	-3.85308983e+02
3.01875506e-01	-3.82767716e+02
3.02209070e-01	-3.80147754e+02
3.02542634e-01	-3.77434906e+02
3.02876198e-01	-3.74618228e+02
3.03209763e-01	-3.71690972e+02
3.03543327e-01	-3.68651093e+02
3.03876891e-01	-3.65501213e+02
3.04210455e-01	-3.62248060e+02
3.04544019e-01	-3.58901495e+02
3.04877583e-01	-3.55473303e+02
3.05211147e-01	-3.51975958e+02
3.05544711e-01	-3.48421532e+02
3.05878275e-01	-3.44820857e+02
3.06211839e-01	-3.41182999e+02
3.06545403e-01	-3.37514993e+02
3.06878968e-01	-3.33821805e+02
3.07212532e-01	-3.30106426e+02
3.07546096e-01	-3.26370086e+02
3.07879660e-01	-3.22612554e+02
3.08213224e-01	-3.18832568e+02
3.08546788e-01	-3.15028399e+02
3.08880352e-01	-3.11198569e+02
3.09213916e-01	-3.07342656e+02
3.09547480e-01	-3.03462113e+02
3.09881044e-01	-2.99560957e+02
3.10214609e-01	-2.95646202e+02
3.10548173e-01	-2.91727925e+02
3.10881737e-01	-2.87818925e+02
3.11215301e-01	-2.83933999e+02
3.11548865e-01	-2.80088914e+02
3.11882429e-01	-2.76299238e+02
3.12215993e-01	-2.72579153e+02
3.12549557e-01	-2.68940428e+02
3.12883121e-01	-2.65391635e+02
3.13216685e-01	-2.61937701e+02
3.13550249e-01	-2.58579824e+02
3.13883814e-01	-2.55315731e+02
3.14217378e-01	-2.52140242e+02
3.14550942e-01	-2.49046056e+02
3.14884506e-01	-2.46024653e+02
3.15218070e-01	-2.43067211e+02
3.15551634e-01	-2.40165447e+02
3.15885198e-01	-2.37312313e+02
3.16218762e-01	-2.34502522e+02
3.16552326e-01	-2.31732881e+02
3.16885890e-01	-2.29002465e+02
3.17219455e-01	-2.26312608e+02
3.17553019e-01	-2.23666729e+02
3.17886583e-01	-2.21069956e+02
3.18220147e-01	-2.18528550e+02
3.18553711e-01	-2.16049136e+02
3.18887275e-01	-2.13637778e+02
3.19220839e-01	-2.11299015e+02
3.19554403e-01	-2.09034952e+02
3.19887967e-01	-2.06844570e+02
3.20221531e-01	-2.04723363e+02
3.20555095e-01	-2.02663372e+02
3.20888660e-01	-2.00653634e+02
3.21222224e-01	-1.98680973e+02
3.21555788e-01	-1.96731009e+02
3.21889352e-01	-1.94789244e+02
3.22222916e-01	-1.92842072e+02
3.22556480e-01	-1.90877613e+02
3.22890044e-01	-1.88886298e+02
3.23223608e-01	-1.86861229e+02
3.23557172e-01	-1.84798340e+02
3.23890736e-01	-1.82696414e+02
3.24224301e-01	-1.80557002e+02
3.24557865e-01	-1.78384244e+02
3.24891429e-01	-1.76184555e+02
3.25224993e-01	-1.73966135e+02
3.25558557e-01	-1.71738243e+02
3.25892121e-01	-1.69510251e+02
3.26225685e-01	-1.67290539e+02
3.26559249e-01	-1.65085385e+02
3.26892813e-01	-1.62898038e+02
3.27226377e-01	-1.60728183e+02
3.27559941e-01	-1.58571917e+02
3.27893506e-01	-1.56422295e+02
3.28227070e-01	-1.54270330e+02
3.28560634e-01	-1.52106265e+02
3.28894198e-01	-1.49920871e+02
3.29227762e-01	-1.47706538e+02
3.29561326e-01	-1.45457998e+02
3.29894890e-01	-1.43172657e+02
3.30228454e-01	-1.40850556e+02
3.30562018e-01	-1.38494099e+02
3.30895582e-01	-1.36107655e+02
3.31229147e-01	-1.33697116e+02
3.31562711e-01	-1.31269436e+02
3.31896275e-01	-1.28832130e+02
3.32229839e-01	-1.26392684e+02
3.32563403e-01	-1.23957841e+02
3.32896967e-01	-1.21532804e+02
3.33230531e-01	-1.19120410e+02
3.33564095e-01	-1.16720418e+02
3.33897659e-01	-1.14317044e+02
