-8.00553828e-03	-0.00000000e+00
-7.67197419e-03	-6.69430016e-03
-7.33841009e-03	-2.28417072e-02
-7.00484600e-03	-6.07956926e-02
-6.67128190e-03	-1.47250627e-01
-6.33771781e-03	-3.36884559e-01
-6.00415371e-03	-7.36762005e-01
-5.67058962e-03	-1.54680153e+00
-5.33702552e-03	-3.12283099e+00
-5.00346143e-03	-6.06752279e+00
-4.66989733e-03	-1.13506535e+01
-4.33633324e-03	-2.04510199e+01
-4.00276914e-03	-3.54987832e+01
-3.66920505e-03	-5.93792291e+01
-3.33564095e-03	-9.57426663e+01
-3.00207686e-03	-1.48856696e+02
-2.66851276e-03	-2.23246544e+02
-2.33494867e-03	-3.23102211e+02
-2.00138457e-03	-4.51489454e+02
-1.66782048e-03	-6.09473625e+02
-1.33425638e-03	-7.95331733e+02
-1.00069229e-03	-1.00406104e+03
-6.67128190e-04	-1.22737087e+03
-3.33564095e-04	-1.45425950e+03
1.85165269e-18	-1.67214628e+03
3.33564095e-04	-1.86838516e+03
6.67128190e-04	-2.03187664e+03
1.00069229e-03	-2.15445829e+03
1.33425638e-03	-2.23180444e+03
1.66782048e-03	-2.26368802e+03
2.00138457e-03	-2.25361123e+03
2.33494867e-03	-2.20794869e+03
2.66851276e-03	-2.13482809e+03
3.00207686e-03	-2.04298475e+03
3.33564095e-03	-1.94077836e+03
3.66920505e-03	-1.83547946e+03
4.00276914e-03	-1.73285260e+03
4.33633324e-03	-1.63700297e+03
4.66989733e-03	-1.55042446e+03
5.00346143e-03	-1.47418311e+03
5.33702552e-03	-1.40818088e+03
5.67058962e-03	-1.35145824e+03
6.00415371e-03	-1.30250441e+03
6.33771781e-03	-1.25954953e+03
6.67128190e-03	-1.22081581e+03
7.00484600e-03	-1.18470946e+03
7.33841009e-03	-1.14994261e+03
7.67197419e-03	-1.11558530e+03
8.00553828e-03	-1.08105846e+03
8.33910238e-03	-1.04608647e+03
8.67266648e-03	-1.01063078e+03
9.00623057e-03	-9.74822407e+02
9.33979467e-03	-9.38904514e+02
9.67335876e-03	-9.03187482e+02
1.00069229e-02	-8.68013521e+02
1.03404870e-02	-8.33725495e+02
1.06740510e-02	-8.00636725e+02
1.10076151e-02	-7.69002522e+02
1.13411792e-02	-7.38997862e+02
1.16747433e-02	-7.10706701e+02
1.20083074e-02	-6.84126425e+02
1.23418715e-02	-6.59186608e+02
1.26754356e-02	-6.35776742e+02
1.30089997e-02	-6.13774914e+02
1.33425638e-02	-5.93069673e+02
1.36761279e-02	-5.73570461e+02
1.40096920e-02	-5.55206396e+02
1.43432561e-02	-5.37917129e+02
1.46768202e-02	-5.21641296e+02
1.50103843e-02	-5.06307452e+02
1.53439484e-02	-4.91829801e+02
1.56775125e-02	-4.78108150e+02
1.60110766e-02	-4.65029489e+02
1.63446407e-02	-4.52468487e+02
1.66782048e-02	-4.40285645e+02
1.70117689e-02	-4.28324203e+02
1.73453330e-02	-4.16408749e+02
1.76788970e-02	-4.04349079e+02
1.80124611e-02	-3.91951741e+02
1.83460252e-02	-3.79039482e+02
1.86795893e-02	-3.65476041e+02
1.90131534e-02	-3.51191677e+02
1.93467175e-02	-3.36203942e+02
1.96802816e-02	-3.20628869e+02
2.00138457e-02	-3.04679586e+02
2.03474098e-02	-2.88651908e+02
2.06809739e-02	-2.72898856e+02
2.10145380e-02	-2.57797908e+02
2.13481021e-02	-2.43715612e+02
2.16816662e-02	-2.30974200e+02
2.20152303e-02	-2.19823966e+02
2.23487944e-02	-2.10424027e+02
2.26823585e-02	-2.02832778e+02
2.30159226e-02	-1.97008150e+02
2.33494867e-02	-1.92816880e+02
2.36830508e-02	-1.90051212e+02
2.40166149e-02	-1.88450982e+02
2.43501789e-02	-1.87728707e+02
2.46837430e-02	-1.87595209e+02
2.50173071e-02	-1.87783432e+02
2.53508712e-02	-1.88068461e+02
2.56844353e-02	-1.88282302e+02
2.60179994e-02	-1.88322541e+02
2.63515635e-02	-1.88154668e+02
2.66851276e-02	-1.87808304e+02
2.70186917e-02	-1.87368105e+02
2.73522558e-02	-1.86960450e+02
2.76858199e-02	-1.86737412e+02
2.80193840e-02	-1.86859731e+02
2.83529481e-02	-1.87480673e+02
2.86865122e-02	-1.88732497e+02
2.90200763e-02	-1.90716856e+02
2.93536404e-02	-1.93499822e+02
2.96872045e-02	-1.97111389e+02
3.00207686e-02	-2.01548632e+02
3.03543327e-02	-2.06781143e+02
3.06878968e-02	-2.12757232e+02
3.10214609e-02	-2.19409527e+02
3.13550249e-02	-2.26659117e+02
3.16885890e-02	-2.34417952e+02
3.20221531e-02	-2.42589790e+02
3.23557172e-02	-2.51070430e+02
3.26892813e-02	-2.59748159e+02
3.30228454e-02	-2.68505301e+02
3.33564095e-02	-2.77221486e+02
3.36899736e-02	-2.85778803e+02
3.40235377e-02	-2.94068535e+02
3.43571018e-02	-3.01998687e+02
3.46906659e-02	-3.09501211e+02
3.50242300e-02	-3.16537734e+02
3.53577941e-02	-3.23102712e+02
3.56913582e-02	-3.29223300e+02
3.60249223e-02	-3.34955745e+02
3.63584864e-02	-3.40378636e+02
3.66920505e-02	-3.45583815e+02
3.70256146e-02	-3.50666115e+02
3.73591787e-02	-3.55713188e+02
3.76927428e-02	-3.60796646e+02
3.80263069e-02	-3.65965543e+02
3.83598709e-02	-3.71242879e+02
3.86934350e-02	-3.76625413e+02
3.90269991e-02	-3.82086609e+02
3.93605632e-02	-3.87582086e+02
3.96941273e-02	-3.93056544e+02
4.00276914e-02	-3.98450948e+02
4.03612555e-02	-4.03708728e+02
4.06948196e-02	-4.08780112e+02
4.10283837e-02	-4.13624263e+02
4.13619478e-02	-4.18209550e+02
4.16955119e-02	-4.22512850e+02
4.20290760e-02	-4.26519053e+02
4.23626401e-02	-4.30221728e+02
4.26962042e-02	-4.33625401e+02
4.30297683e-02	-4.36749052e+02
4.33633324e-02	-4.39629773e+02
4.36968965e-02	-4.42325084e+02
4.40304606e-02	-4.44912549e+02
4.43640247e-02	-4.47485855e+02
4.46975888e-02	-4.50147449e+02
4.50311529e-02	-4.52998676e+02
4.53647169e-02	-4.56129029e+02
4.56982810e-02	-4.59606333e+02
4.60318451e-02	-4.63469456e+02
4.63654092e-02	-4.67724635e+02
4.66989733e-02	-4.72345819e+02
4.70325374e-02	-4.77278788e+02
4.73661015e-02	-4.82448341e+02
4.76996656e-02	-4.87767452e+02
4.80332297e-02	-4.93147167e+02
4.83667938e-02	-4.98505879e+02
4.87003579e-02	-5.03776760e+02
4.90339220e-02	-5.08912324e+02
4.93674861e-02	-5.13885591e+02
4.97010502e-02	-5.18687869e+02
5.00346143e-02	-5.23323850e+02
5.03681784e-02	-5.27805246e+02
5.07017425e-02	-5.32144497e+02
5.10353066e-02	-5.36350022e+02
5.13688707e-02	-5.40424109e+02
5.17024348e-02	-5.44363868e+02
5.20359989e-02	-5.48164951e+02
5.23695629e-02	-5.51826982e+02
5.27031270e-02	-5.55359212e+02
5.30366911e-02	-5.58784728e+02
5.33702552e-02	-5.62141819e+02
5.37038193e-02	-5.65481675e+02
5.40373834e-02	-5.68862452e+02
5.43709475e-02	-5.72340580e+02
5.47045116e-02	-5.75960879e+02
5.50380757e-02	-5.79747387e+02
5.53716398e-02	-5.83696648e+02
5.57052039e-02	-5.87774774e+02
5.60387680e-02	-5.91918823e+02
5.63723321e-02	-5.96042281e+02
5.67058962e-02	-6.00043778e+02
5.70394603e-02	-6.03817748e+02
5.73730244e-02	-6.07265560e+02
5.77065885e-02	-6.10305660e+02
5.80401526e-02	-6.12881442e+02
5.83737167e-02	-6.14965874e+02
5.87072808e-02	-6.16562277e+02
5.90408449e-02	-6.17701236e+02
5.93744089e-02	-6.18434190e+02
5.97079730e-02	-6.18824860e+02
6.00415371e-02	-6.18940123e+02
6.03751012e-02	-6.18842038e+02
6.07086653e-02	-6.18582493e+02
6.10422294e-02	-6.18201332e+02
6.13757935e-02	-6.17727957e+02
6.17093576e-02	-6.17185581e+02
6.20429217e-02	-6.16596673e+02
6.23764858e-02	-6.15987879e+02
6.27100499e-02	-6.15392928e+02
6.30436140e-02	-6.14852581e+02
6.33771781e-02	-6.14411477e+02
6.37107422e-02	-6.14112507e+02
6.40443063e-02	-6.13989968e+02
6.43778704e-02	-6.14063011e+02
6.47114345e-02	-6.14330852e+02
6.50449986e-02	-6.14770812e+02
6.53785627e-02	-6.15339622e+02
6.57121268e-02	-6.15977781e+02
6.60456908e-02	-6.16616179e+02
6.63792549e-02	-6.17183859e+02
6.67128190e-02	-6.17615726e+02
6.70463831e-02	-6.17859152e+02
6.73799472e-02	-6.17878751e+02
6.77135113e-02	-6.17658943e+02
6.80470754e-02	-6.17204257e+02
6.83806395e-02	-6.16537542e+02
6.87142036e-02	-6.15696441e+02
6.90477677e-02	-6.14728559e+02
6.93813318e-02	-6.13685910e+02
6.97148959e-02	-6.12619280e+02
7.00484600e-02	-6.11573269e+02
7.03820241e-02	-6.10582678e+02
7.07155882e-02	-6.09670764e+02
7.10491523e-02	-6.08849523e+02
7.13827164e-02	-6.08121790e+02
7.17162805e-02	-6.07484532e+02
7.20498446e-02	-6.06932449e+02
7.23834087e-02	-6.06460999e+02
7.27169728e-02	-6.06068105e+02
7.30505368e-02	-6.05754240e+02
7.33841009e-02	-6.05520975e+02
7.37176650e-02	-6.05368512e+02
7.40512291e-02	-6.05292915e+02
7.43847932e-02	-6.05283784e+02
7.47183573e-02	-6.05322978e+02
7.50519214e-02	-6.05384710e+02
7.53854855e-02	-6.05437036e+02
7.57190496e-02	-6.05444517e+02
7.60526137e-02	-6.05371639e+02
7.63861778e-02	-6.05186502e+02
7.67197419e-02	-6.04864300e+02
7.70533060e-02	-6.04390171e+02
7.73868701e-02	-6.03761071e+02
7.77204342e-02	-6.02986453e+02
7.80539983e-02	-6.02087672e+02
7.83875624e-02	-6.01096133e+02
7.87211265e-02	-6.00050372e+02
7.90546906e-02	-5.98992381e+02
7.93882547e-02	-5.97963565e+02
7.97218188e-02	-5.97000863e+02
8.00553828e-02	-5.96133537e+02
8.03889469e-02	-5.95381124e+02
8.07225110e-02	-5.94752867e+02
8.10560751e-02	-5.94248749e+02
8.13896392e-02	-5.93861904e+02
8.17232033e-02	-5.93581915e+02
8.20567674e-02	-5.93398254e+02
8.23903315e-02	-5.93303052e+02
8.27238956e-02	-5.93292502e+02
8.30574597e-02	-5.93366502e+02
8.33910238e-02	-5.93526612e+02
8.37245879e-02	-5.93772810e+02
8.40581520e-02	-5.94099922e+02
8.43917161e-02	-5.94494702e+02
8.47252802e-02	-5.94934462e+02
8.50588443e-02	-5.95387757e+02
8.53924084e-02	-5.95817199e+02
8.57259725e-02	-5.96183884e+02
8.60595366e-02	-5.96452616e+02
8.63931007e-02	-5.96596856e+02
8.67266648e-02	-5.96602475e+02
8.70602288e-02	-5.96469648e+02
8.73937929e-02	-5.96212686e+02
8.77273570e-02	-5.95858016e+02
8.80609211e-02	-5.95440843e+02
8.83944852e-02	-5.95001153e+02
8.87280493e-02	-5.94579680e+02
8.90616134e-02	-5.94214274e+02
8.93951775e-02	-5.93936922e+02
8.97287416e-02	-5.93771536e+02
9.00623057e-02	-5.93732532e+02
9.03958698e-02	-5.93824273e+02
9.07294339e-02	-5.94041443e+02
9.10629980e-02	-5.94370407e+02
9.13965621e-02	-5.94791478e+02
9.17301262e-02	-5.95281842e+02
9.20636903e-02	-5.95818638e+02
9.23972544e-02	-5.96381624e+02
9.27308185e-02	-5.96954818e+02
9.30643826e-02	-5.97526752e+02
9.33979467e-02	-5.98089290e+02
9.37315108e-02	-5.98635366e+02
9.40650748e-02	-5.99156338e+02
9.43986389e-02	-5.99639796e+02
9.47322030e-02	-6.00068599e+02
9.50657671e-02	-6.00421594e+02
9.53993312e-02	-6.00676027e+02
9.57328953e-02	-6.00811188e+02
9.60664594e-02	-6.00812454e+02
9.64000235e-02	-6.00674767e+02
9.67335876e-02	-6.00404714e+02
9.70671517e-02	-6.00020685e+02
9.74007158e-02	-5.99551080e+02
9.77342799e-02	-5.99030957e+02
9.80678440e-02	-5.98497826e+02
9.84014081e-02	-5.97987409e+02
9.87349722e-02	-5.97530052e+02
9.90685363e-02	-5.97148288e+02
9.94021004e-02	-5.96855677e+02
9.97356645e-02	-5.96656853e+02
1.00069229e-01	-5.96548502e+02
1.00402793e-01	-5.96520941e+02
1.00736357e-01	-5.96560023e+02
1.01069921e-01	-5.96649142e+02
1.01403485e-01	-5.96771185e+02
1.01737049e-01	-5.96910311e+02
1.02070613e-01	-5.97053419e+02
1.02404177e-01	-5.97191158e+02
1.02737741e-01	-5.97318314e+02
1.03071305e-01	-5.97433446e+02
1.03404870e-01	-5.97537784e+02
1.03738434e-01	-5.97633513e+02
1.04071998e-01	-5.97721800e+02
1.04405562e-01	-5.97801006e+02
1.04739126e-01	-5.97865594e+02
1.05072690e-01	-5.97906107e+02
1.05406254e-01	-5.97910386e+02
1.05739818e-01	-5.97865876e+02
1.06073382e-01	-5.97762557e+02
1.06406946e-01	-5.97595858e+02
1.06740510e-01	-5.97368863e+02
1.07074075e-01	-5.97093243e+02
1.07407639e-01	-5.96788666e+02
1.07741203e-01	-5.96480758e+02
1.08074767e-01	-5.96197988e+02
1.08408331e-01	-5.95968078e+02
1.08741895e-01	-5.95814559e+02
1.09075459e-01	-5.95754049e+02
1.09409023e-01	-5.95794604e+02
1.09742587e-01	-5.95935329e+02
1.10076151e-01	-5.96167147e+02
1.10409716e-01	-5.96474526e+02
1.10743280e-01	-5.96837789e+02
1.11076844e-01	-5.97235615e+02
1.11410408e-01	-5.97647352e+02
1.11743972e-01	-5.98054854e+02
1.12077536e-01	-5.98443636e+02
1.12411100e-01	-5.98803332e+02
1.12744664e-01	-5.99127512e+02
1.13078228e-01	-5.99413035e+02
1.13411792e-01	-5.99659110e+02
1.13745356e-01	-5.99866279e+02
1.14078921e-01	-6.00035464e+02
1.14412485e-01	-6.00167211e+02
1.14746049e-01	-6.00261235e+02
1.15079613e-01	-6.00316336e+02
1.15413177e-01	-6.00330740e+02
1.15746741e-01	-6.00302820e+02
1.16080305e-01	-6.00232115e+02
1.16413869e-01	-6.00120441e+02
1.16747433e-01	-5.99972833e+02
1.17080997e-01	-5.99798058e+02
1.17414562e-01	-5.99608477e+02
1.17748126e-01	-5.99419174e+02
1.18081690e-01	-5.99246429e+02
1.18415254e-01	-5.99105748e+02
1.18748818e-01	-5.99009821e+02
1.19082382e-01	-5.98966770e+02
1.19415946e-01	-5.98979031e+02
1.19749510e-01	-5.99043075e+02
1.20083074e-01	-5.99149997e+02
1.20416638e-01	-5.99286858e+02
1.20750202e-01	-5.99438487e+02
1.21083767e-01	-5.99589428e+02
1.21417331e-01	-5.99725710e+02
1.21750895e-01	-5.99836188e+02
1.22084459e-01	-5.99913341e+02
1.22418023e-01	-5.99953501e+02
1.22751587e-01	-5.99956586e+02
1.23085151e-01	-5.99925434e+02
1.23418715e-01	-5.99864869e+02
1.23752279e-01	-5.99780611e+02
1.24085843e-01	-5.99678164e+02
1.24419408e-01	-5.99561816e+02
1.24752972e-01	-5.99433902e+02
1.25086536e-01	-5.99294452e+02
1.25420100e-01	-5.99141333e+02
1.25753664e-01	-5.98970883e+02
1.26087228e-01	-5.98778949e+02
1.26420792e-01	-5.98562187e+02
1.26754356e-01	-5.98319349e+02
1.27087920e-01	-5.98052363e+02
1.27421484e-01	-5.97766961e+02
1.27755048e-01	-5.97472750e+02
1.28088613e-01	-5.97182669e+02
1.28422177e-01	-5.96911876e+02
1.28755741e-01	-5.96676196e+02
1.29089305e-01	-5.96490321e+02
1.29422869e-01	-5.96365991e+02
1.29756433e-01	-5.96310436e+02
1.30089997e-01	-5.96325304e+02
1.30423561e-01	-5.96406277e+02
1.30757125e-01	-5.96543483e+02
1.31090689e-01	-5.96722668e+02
1.31424254e-01	-5.96926957e+02
1.31757818e-01	-5.97138905e+02
1.32091382e-01	-5.97342483e+02
1.32424946e-01	-5.97524624e+02
1.32758510e-01	-5.97676074e+02
1.33092074e-01	-5.97791437e+02
1.33425638e-01	-5.97868499e+02
1.33759202e-01	-5.97907097e+02
1.34092766e-01	-5.97907867e+02
1.34426330e-01	-5.97871233e+02
1.34759894e-01	-5.97796866e+02
1.35093459e-01	-5.97683684e+02
1.35427023e-01	-5.97530322e+02
1.35760587e-01	-5.97335844e+02
1.36094151e-01	-5.97100487e+02
1.36427715e-01	-5.96826213e+02
1.36761279e-01	-5.96516993e+02
1.37094843e-01	-5.96178805e+02
1.37428407e-01	-5.95819406e+02
1.37761971e-01	-5.95447940e+02
1.38095535e-01	-5.95074404e+02
1.38429100e-01	-5.94708966e+02
1.38762664e-01	-5.94361119e+02
1.39096228e-01	-5.94038673e+02
1.39429792e-01	-5.93746670e+02
1.39763356e-01	-5.93486358e+02
1.40096920e-01	-5.93254430e+02
1.40430484e-01	-5.93042692e+02
1.40764048e-01	-5.92838314e+02
1.41097612e-01	-5.92624665e+02
1.41431176e-01	-5.92382678e+02
1.41764740e-01	-5.92092559e+02
1.42098305e-01	-5.91735651e+02
1.42431869e-01	-5.91296199e+02
1.42765433e-01	-5.90762820e+02
1.43098997e-01	-5.90129477e+02
1.43432561e-01	-5.89395850e+02
1.43766125e-01	-5.88567035e+02
1.44099689e-01	-5.87652593e+02
1.44433253e-01	-5.86665078e+02
1.44766817e-01	-5.85618277e+02
1.45100381e-01	-5.84525443e+02
1.45433946e-01	-5.83397846e+02
1.45767510e-01	-5.82243894e+02
1.46101074e-01	-5.81068959e+02
1.46434638e-01	-5.79875888e+02
1.46768202e-01	-5.78666013e+02
1.47101766e-01	-5.77440363e+02
1.47435330e-01	-5.76200743e+02
1.47768894e-01	-5.74950430e+02
1.48102458e-01	-5.73694322e+02
1.48436022e-01	-5.72438569e+02
1.48769586e-01	-5.71189811e+02
1.49103151e-01	-5.69954230e+02
1.49436715e-01	-5.68736614e+02
1.49770279e-01	-5.67539590e+02
1.50103843e-01	-5.66363101e+02
1.50437407e-01	-5.65204165e+02
1.50770971e-01	-5.64056902e+02
1.51104535e-01	-5.62912863e+02
1.51438099e-01	-5.61761667e+02
1.51771663e-01	-5.60591963e+02
1.52105227e-01	-5.59392684e+02
1.52438792e-01	-5.58154465e+02
1.52772356e-01	-5.56871038e+02
1.53105920e-01	-5.55540341e+02
1.53439484e-01	-5.54165107e+02
1.53773048e-01	-5.52752770e+02
1.54106612e-01	-5.51314683e+02
1.54440176e-01	-5.49864763e+02
1.54773740e-01	-5.48417832e+02
1.55107304e-01	-5.46987956e+02
1.55440868e-01	-5.45587057e+02
1.55774432e-01	-5.44224012e+02
1.56107997e-01	-5.42904308e+02
1.56441561e-01	-5.41630221e+02
1.56775125e-01	-5.40401385e+02
1.57108689e-01	-5.39215616e+02
1.57442253e-01	-5.38069801e+02
1.57775817e-01	-5.36960731e+02
1.58109381e-01	-5.35885773e+02
1.58442945e-01	-5.34843297e+02
1.58776509e-01	-5.33832829e+02
1.59110073e-01	-5.32854892e+02
1.59443638e-01	-5.31910560e+02
1.59777202e-01	-5.31000785e+02
1.60110766e-01	-5.30125597e+02
1.60444330e-01	-5.29283342e+02
1.60777894e-01	-5.28470129e+02
1.61111458e-01	-5.27679616e+02
1.61445022e-01	-5.26903268e+02
1.61778586e-01	-5.26131056e+02
1.62112150e-01	-5.25352518e+02
1.62445714e-01	-5.24558007e+02
1.62779278e-01	-5.23739905e+02
1.63112843e-01	-5.22893604e+02
1.63446407e-01	-5.22018097e+02
1.63779971e-01	-5.21116109e+02
1.64113535e-01	-5.20193758e+02
1.64447099e-01	-5.19259816e+02
1.64780663e-01	-5.18324681e+02
1.65114227e-01	-5.17399168e+02
1.65447791e-01	-5.16493289e+02
1.65781355e-01	-5.15615158e+02
1.66114919e-01	-5.14770191e+02
1.66448484e-01	-5.13960738e+02
1.66782048e-01	-5.13186226e+02
1.67115612e-01	-5.12443801e+02
1.67449176e-01	-5.11729365e+02
1.67782740e-01	-5.11038778e+02
1.68116304e-01	-5.10368955e+02
1.68449868e-01	-5.09718605e+02
1.68783432e-01	-5.09088431e+02
1.69116996e-01	-5.08480764e+02
1.69450560e-01	-5.07898717e+02
1.69784124e-01	-5.07345103e+02
1.70117689e-01	-5.06821354e+02
1.70451253e-01	-5.06326696e+02
1.70784817e-01	-5.05857708e+02
1.71118381e-01	-5.05408332e+02
1.71451945e-01	-5.04970252e+02
1.71785509e-01	-5.04533569e+02
1.72119073e-01	-5.04087619e+02
1.72452637e-01	-5.03621862e+02
1.72786201e-01	-5.03126749e+02
1.73119765e-01	-5.02594545e+02
1.73453330e-01	-5.02020026e+02
1.73786894e-01	-5.01401022e+02
1.74120458e-01	-5.00738703e+02
1.74454022e-01	-5.00037534e+02
1.74787586e-01	-4.99304879e+02
1.75121150e-01	-4.98550251e+02
1.75454714e-01	-4.97784310e+02
1.75788278e-01	-4.97017762e+02
1.76121842e-01	-4.96260325e+02
1.76455406e-01	-4.95519928e+02
1.76788970e-01	-4.94802240e+02
1.77122535e-01	-4.94110572e+02
1.77456099e-01	-4.93446100e+02
1.77789663e-01	-4.92808314e+02
1.78123227e-01	-4.92195598e+02
1.78456791e-01	-4.91605821e+02
1.78790355e-01	-4.91036849e+02
1.79123919e-01	-4.90486912e+02
1.79457483e-01	-4.89954784e+02
1.79791047e-01	-4.89439721e+02
1.80124611e-01	-4.88941187e+02
1.80458176e-01	-4.88458380e+02
1.80791740e-01	-4.87989656e+02
1.81125304e-01	-4.87531988e+02
1.81458868e-01	-4.87080617e+02
1.81792432e-01	-4.86629043e+02
1.82125996e-01	-4.86169419e+02
1.82459560e-01	-4.85693351e+02
1.82793124e-01	-4.85192975e+02
1.83126688e-01	-4.84662114e+02
1.83460252e-01	-4.84097295e+02
1.83793816e-01	-4.83498435e+02
1.84127381e-01	-4.82869062e+02
1.84460945e-01	-4.82216072e+02
1.84794509e-01	-4.81549067e+02
1.85128073e-01	-4.80879425e+02
1.85461637e-01	-4.80219241e+02
1.85795201e-01	-4.79580277e+02
1.86128765e-01	-4.78973032e+02
1.86462329e-01	-4.78405992e+02
1.86795893e-01	-4.77885081e+02
1.87129457e-01	-4.77413361e+02
1.87463022e-01	-4.76990943e+02
1.87796586e-01	-4.76615149e+02
1.88130150e-01	-4.76280887e+02
1.88463714e-01	-4.75981221e+02
1.88797278e-01	-4.75708079e+02
1.89130842e-01	-4.75453030e+02
1.89464406e-01	-4.75208022e+02
1.89797970e-01	-4.74965987e+02
1.90131534e-01	-4.74721232e+02
1.90465098e-01	-4.74469560e+02
1.90798662e-01	-4.74208117e+02
1.91132227e-01	-4.73935017e+02
1.91465791e-01	-4.73648821e+02
1.91799355e-01	-4.73348001e+02
1.92132919e-01	-4.73030508e+02
1.92466483e-01	-4.72693534e+02
1.92800047e-01	-4.72333564e+02
1.93133611e-01	-4.71946703e+02
1.93467175e-01	-4.71529273e+02
1.93800739e-01	-4.71078559e+02
1.94134303e-01	-4.70593602e+02
1.94467868e-01	-4.70075869e+02
1.94801432e-01	-4.69529662e+02
1.95134996e-01	-4.68962148e+02
1.95468560e-01	-4.68382930e+02
1.95802124e-01	-4.67803193e+02
1.96135688e-01	-4.67234507e+02
1.96469252e-01	-4.66687461e+02
1.96802816e-01	-4.66170355e+02
1.97136380e-01	-4.65688177e+02
1.97469944e-01	-4.65242030e+02
1.97803508e-01	-4.64829149e+02
1.98137073e-01	-4.64443456e+02
1.98470637e-01	-4.64076565e+02
1.98804201e-01	-4.63719019e+02
1.99137765e-01	-4.63361526e+02
1.99471329e-01	-4.62995974e+02
1.99804893e-01	-4.62616065e+02
2.00138457e-01	-4.62217534e+02
2.00472021e-01	-4.61797973e+02
2.00805585e-01	-4.61356391e+02
2.01139149e-01	-4.60892663e+02
2.01472713e-01	-4.60407004e+02
2.01806278e-01	-4.59899578e+02
2.02139842e-01	-4.59370270e+02
2.02473406e-01	-4.58818623e+02
2.02806970e-01	-4.58243885e+02
2.03140534e-01	-4.57645129e+02
2.03474098e-01	-4.57021423e+02
2.03807662e-01	-4.56372037e+02
2.04141226e-01	-4.55696695e+02
2.04474790e-01	-4.54995898e+02
2.04808354e-01	-4.54271265e+02
2.05141919e-01	-4.53525863e+02
2.05475483e-01	-4.52764409e+02
2.05809047e-01	-4.51993277e+02
2.06142611e-01	-4.51220212e+02
2.06476175e-01	-4.50453754e+02
2.06809739e-01	-4.49702411e+02
2.07143303e-01	-4.48973710e+02
2.07476867e-01	-4.48273270e+02
2.07810431e-01	-4.47604069e+02
2.08143995e-01	-4.46966038e+02
2.08477559e-01	-4.46356062e+02
2.08811124e-01	-4.45768383e+02
2.09144688e-01	-4.45195356e+02
2.09478252e-01	-4.44628430e+02
2.09811816e-01	-4.44059196e+02
2.10145380e-01	-4.43480357e+02
2.10478944e-01	-4.42886451e+02
2.10812508e-01	-4.42274249e+02
2.11146072e-01	-4.41642753e+02
2.11479636e-01	-4.40992832e+02
2.11813200e-01	-4.40326558e+02
2.12146765e-01	-4.39646395e+02
2.12480329e-01	-4.38954403e+02
2.12813893e-01	-4.38251625e+02
2.13147457e-01	-4.37537799e+02
2.13481021e-01	-4.36811464e+02
2.13814585e-01	-4.36070450e+02
2.14148149e-01	-4.35312661e+02
2.14481713e-01	-4.34536971e+02
2.14815277e-01	-4.33744048e+02
2.15148841e-01	-4.32936895e+02
2.15482405e-01	-4.32120991e+02
2.15815970e-01	-4.31303965e+02
2.16149534e-01	-4.30494867e+02
2.16483098e-01	-4.29703160e+02
2.16816662e-01	-4.28937610e+02
2.17150226e-01	-4.28205256e+02
2.17483790e-01	-4.27510612e+02
2.17817354e-01	-4.26855164e+02
2.18150918e-01	-4.26237216e+02
2.18484482e-01	-4.25652048e+02
2.18818046e-01	-4.25092338e+02
2.19151611e-01	-4.24548810e+02
2.19485175e-01	-4.24011024e+02
2.19818739e-01	-4.23468255e+02
2.20152303e-01	-4.22910374e+02
2.20485867e-01	-4.22328628e+02
2.20819431e-01	-4.21716233e+02
2.21152995e-01	-4.21068689e+02
2.21486559e-01	-4.20383789e+02
2.21820123e-01	-4.19661330e+02
2.22153687e-01	-4.18902611e+02
2.22487251e-01	-4.18109821e+02
2.22820816e-01	-4.17285460e+02
2.23154380e-01	-4.16431876e+02
2.23487944e-01	-4.15551026e+02
2.23821508e-01	-4.14644442e+02
2.24155072e-01	-4.13713405e+02
2.24488636e-01	-4.12759249e+02
2.24822200e-01	-4.11783725e+02
2.25155764e-01	-4.10789342e+02
2.25489328e-01	-4.09779615e+02
2.25822892e-01	-4.08759162e+02
2.26156457e-01	-4.07733613e+02
2.26490021e-01	-4.06709306e+02
2.26823585e-01	-4.05692780e+02
2.27157149e-01	-4.04690114e+02
2.27490713e-01	-4.03706158e+02
2.27824277e-01	-4.02743793e+02
2.28157841e-01	-4.01803315e+02
2.28491405e-01	-4.00882074e+02
2.28824969e-01	-3.99974471e+02
2.29158533e-01	-3.99072341e+02
2.29492097e-01	-3.98165720e+02
2.29825662e-01	-3.97243876e+02
2.30159226e-01	-3.96296484e+02
2.30492790e-01	-3.95314743e+02
2.30826354e-01	-3.94292279e+02
2.31159918e-01	-3.93225708e+02
2.31493482e-01	-3.92114776e+02
2.31827046e-01	-3.90962096e+02
2.32160610e-01	-3.89772543e+02
2.32494174e-01	-3.88552430e+02
2.32827738e-01	-3.87308604e+02
2.33161303e-01	-3.86047601e+02
2.33494867e-01	-3.84774993e+02
2.33828431e-01	-3.83494989e+02
2.34161995e-01	-3.82210344e+02
2.34495559e-01	-3.80922557e+02
2.34829123e-01	-3.79632282e+02
2.35162687e-01	-3.78339876e+02
2.35496251e-01	-3.77045939e+02
2.35829815e-01	-3.75751754e+02
2.36163379e-01	-3.74459520e+02
2.36496943e-01	-3.73172326e+02
2.36830508e-01	-3.71893871e+02
2.37164072e-01	-3.70627986e+02
2.37497636e-01	-3.69378035e+02
2.37831200e-01	-3.68146318e+02
2.38164764e-01	-3.66933585e+02
2.38498328e-01	-3.65738757e+02
2.38831892e-01	-3.64558884e+02
2.39165456e-01	-3.63389368e+02
2.39499020e-01	-3.62224397e+02
2.39832584e-01	-3.61057521e+02
2.40166149e-01	-3.59882292e+02
2.40499713e-01	-3.58692879e+02
2.40833277e-01	-3.57484592e+02
2.41166841e-01	-3.56254294e+02
2.41500405e-01	-3.55000656e+02
2.41833969e-01	-3.53724273e+02
2.42167533e-01	-3.52427631e+02
2.42501097e-01	-3.51114912e+02
2.42834661e-01	-3.49791655e+02
2.43168225e-01	-3.48464265e+02
2.43501789e-01	-3.47139419e+02
2.43835354e-01	-3.45823416e+02
2.44168918e-01	-3.44521592e+02
2.44502482e-01	-3.43237882e+02
2.44836046e-01	-3.41974650e+02
2.45169610e-01	-3.40732809e+02
2.45503174e-01	-3.39512239e+02
2.45836738e-01	-3.38312384e+02
2.46170302e-01	-3.37132922e+02
2.46503866e-01	-3.35974310e+02
2.46837430e-01	-3.34838109e+02
2.47170995e-01	-3.33726971e+02
2.47504559e-01	-3.32644308e+02
2.47838123e-01	-3.31593697e+02
2.48171687e-01	-3.30578135e+02
2.48505251e-01	-3.29599297e+02
2.48838815e-01	-3.28656930e+02
2.49172379e-01	-3.27748495e+02
2.49505943e-01	-3.26869133e+02
2.49839507e-01	-3.26011969e+02
2.50173071e-01	-3.25168724e+02
2.50506635e-01	-3.24330559e+02
2.50840200e-01	-3.23489012e+02
2.51173764e-01	-3.22636899e+02
2.51507328e-01	-3.21769006e+02
2.51840892e-01	-3.20882475e+02
2.52174456e-01	-3.19976816e+02
2.52508020e-01	-3.19053556e+02
2.52841584e-01	-3.18115631e+02
2.53175148e-01	-3.17166660e+02
2.53508712e-01	-3.16210262e+02
2.53842276e-01	-3.15249558e+02
2.54175841e-01	-3.14286912e+02
2.54509405e-01	-3.13323931e+02
2.54842969e-01	-3.12361637e+02
2.55176533e-01	-3.11400718e+02
2.55510097e-01	-3.10441763e+02
2.55843661e-01	-3.09485401e+02
2.56177225e-01	-3.08532336e+02
2.56510789e-01	-3.07583296e+02
2.56844353e-01	-3.06638935e+02
2.57177917e-01	-3.05699736e+02
2.57511481e-01	-3.04765922e+02
2.57845046e-01	-3.03837383e+02
2.58178610e-01	-3.02913574e+02
2.58512174e-01	-3.01993380e+02
2.58845738e-01	-3.01074931e+02
2.59179302e-01	-3.00155410e+02
2.59512866e-01	-2.99230886e+02
2.59846430e-01	-2.98296266e+02
2.60179994e-01	-2.97345410e+02
2.60513558e-01	-2.96371452e+02
2.60847122e-01	-2.95367305e+02
2.61180687e-01	-2.94326309e+02
2.61514251e-01	-2.93242919e+02
2.61847815e-01	-2.92113331e+02
2.62181379e-01	-2.90935945e+02
2.62514943e-01	-2.89711587e+02
2.62848507e-01	-2.88443447e+02
2.63182071e-01	-2.87136749e+02
2.63515635e-01	-2.85798188e+02
2.63849199e-01	-2.84435232e+02
2.64182763e-01	-2.83055375e+02
2.64516327e-01	-2.81665465e+02
2.64849892e-01	-2.80271182e+02
2.65183456e-01	-2.78876737e+02
2.65517020e-01	-2.77484816e+02
2.65850584e-01	-2.76096747e+02
2.66184148e-01	-2.74712829e+02
2.66517712e-01	-2.73332743e+02
2.66851276e-01	-2.71955948e+02
2.67184840e-01	-2.70581972e+02
2.67518404e-01	-2.69210529e+02
2.67851968e-01	-2.67841451e+02
2.68185533e-01	-2.66474447e+02
2.68519097e-01	-2.65108754e+02
2.68852661e-01	-2.63742776e+02
2.69186225e-01	-2.62373820e+02
2.69519789e-01	-2.60997995e+02
2.69853353e-01	-2.59610344e+02
2.70186917e-01	-2.58205180e+02
2.70520481e-01	-2.56776584e+02
2.70854045e-01	-2.55318959e+02
2.71187609e-01	-2.53827569e+02
2.71521173e-01	-2.52298949e+02
2.71854738e-01	-2.50731194e+02
2.72188302e-01	-2.49124078e+02
2.72521866e-01	-2.47479079e+02
2.72855430e-01	-2.45799288e+02
2.73188994e-01	-2.44089266e+02
2.73522558e-01	-2.42354804e+02
2.73856122e-01	-2.40602599e+02
2.74189686e-01	-2.38839834e+02
2.74523250e-01	-2.37073670e+02
2.74856814e-01	-2.35310728e+02
2.75190379e-01	-2.33556632e+02
2.75523943e-01	-2.31815686e+02
2.75857507e-01	-2.30090769e+02
2.76191071e-01	-2.28383430e+02
2.76524635e-01	-2.26694161e+02
2.76858199e-01	-2.25022768e+02
2.77191763e-01	-2.23368733e+02
2.77525327e-01	-2.21731506e+02
2.77858891e-01	-2.20110668e+02
2.78192455e-01	-2.18505970e+02
2.78526019e-01	-2.16917252e+02
2.78859584e-01	-2.15344303e+02
2.79193148e-01	-2.13786682e+02
2.79526712e-01	-2.12243530e+02
2.79860276e-01	-2.10713404e+02
2.80193840e-01	-2.09194143e+02
2.80527404e-01	-2.07682803e+02
2.80860968e-01	-2.06175684e+02
2.81194532e-01	-2.04668481e+02
2.81528096e-01	-2.03156586e+02
2.81861660e-01	-2.01635500e+02
2.82195225e-01	-2.00101343e+02
2.82528789e-01	-1.98551353e+02
2.82862353e-01	-1.96984296e+02
2.83195917e-01	-1.95400706e+02
2.83529481e-01	-1.93802884e+02
2.83863045e-01	-1.92194665e+02
2.84196609e-01	-1.90580970e+02
2.84530173e-01	-1.88967234e+02
2.84863737e-01	-1.87358790e+02
2.85197301e-01	-1.85760319e+02
2.85530865e-01	-1.84175424e+02
2.85864430e-01	-1.82606382e+02
2.86197994e-01	-1.81054089e+02
2.86531558e-01	-1.79518162e+02
2.86865122e-01	-1.77997185e+02
2.87198686e-01	-1.76489020e+02
2.87532250e-01	-1.74991143e+02
2.87865814e-01	-1.73500941e+02
2.88199378e-01	-1.72015916e+02
2.88532942e-01	-1.70533779e+02
2.88866506e-01	-1.69052413e+02
2.89200071e-01	-1.67569725e+02
2.89533635e-01	-1.66083445e+02
2.89867199e-01	-1.64590920e+02
2.90200763e-01	-1.63088975e+02
2.90534327e-01	-1.61573903e+02
2.90867891e-01	-1.60041594e+02
2.91201455e-01	-1.58487822e+02
2.91535019e-01	-1.56908615e+02
2.91868583e-01	-1.55300682e+02
2.92202147e-01	-1.53661789e+02
2.92535711e-01	-1.51991059e+02
2.92869276e-01	-1.50289118e+02
2.93202840e-01	-1.48558097e+02
2.93536404e-01	-1.46801500e+02
2.93869968e-01	-1.45023953e+02
2.94203532e-01	-1.43230891e+02
2.94537096e-01	-1.41428207e+02
2.94870660e-01	-1.39621894e+02
2.95204224e-01	-1.37817699e+02
2.95537788e-01	-1.36020787e+02
2.95871352e-01	-1.34235428e+02
2.96204917e-01	-1.32464710e+02
2.96538481e-01	-1.30710303e+02
2.96872045e-01	-1.28972293e+02
2.97205609e-01	-1.27249131e+02
2.97539173e-01	-1.25537725e+02
2.97872737e-01	-1.23833673e+02
2.98206301e-01	-1.22131635e+02
2.98539865e-01	-1.20425779e+02
2.98873429e-01	-1.18710231e+02
2.99206993e-01	-1.16979464e+02
2.99540557e-01	-1.15228543e+02
2.99874122e-01	-1.13453227e+02
3.00207686e-01	-1.11649932e+02
3.00541250e-01	-1.09815605e+02
3.00874814e-01	-1.07947592e+02
3.01208378e-01	-1.06043557e+02
3.01541942e-01	-1.04101479e+02
3.01875506e-01	-1.02119754e+02
3.02209070e-01	-1.00097357e+02
3.02542634e-01	-9.80340285e+01
3.02876198e-01	-9.59304548e+01
3.03209763e-01	-9.37884012e+01
3.03543327e-01	-9.16107774e+01
3.03876891e-01	-8.94016208e+01
3.04210455e-01	-8.71659795e+01
3.04544019e-01	-8.49096805e+01
3.04877583e-01	-8.26389816e+01
3.05211147e-01	-8.03601255e+01
3.05544711e-01	-7.80788501e+01
3.05878275e-01	-7.57999309e+01
3.06211839e-01	-7.35268413e+01
3.06545403e-01	-7.12615999e+01
3.06878968e-01	-6.90048259e+01
3.07212532e-01	-6.67559757e+01
3.07546096e-01	-6.45136866e+01
3.07879660e-01	-6.22761362e+01
3.08213224e-01	-6.00413440e+01
3.08546788e-01	-5.78073786e+01
3.08880352e-01	-5.55724836e+01
3.09213916e-01	-5.33351651e+01
3.09547480e-01	-5.10942876e+01
3.09881044e-01	-4.88492026e+01
3.10214609e-01	-4.65998942e+01
3.10548173e-01	-4.43470940e+01
3.10881737e-01	-4.20923107e+01
3.11215301e-01	-3.98377349e+01
3.11548865e-01	-3.75860258e+01
3.11882429e-01	-3.53400243e+01
3.12215993e-01	-3.31024727e+01
3.12549557e-01	-3.08758146e+01
3.12883121e-01	-2.86621283e+01
3.13216685e-01	-2.64631990e+01
3.13550249e-01	-2.42806942e+01
3.13883814e-01	-2.21163782e+01
3.14217378e-01	-1.99722965e+01
3.14550942e-01	-1.78508758e+01
3.14884506e-01	-1.57549144e+01
3.15218070e-01	-1.36874625e+01
3.15551634e-01	-1.16516149e+01
3.15885198e-01	-9.65024772e+00
3.16218762e-01	-7.68573103e+00
3.16552326e-01	-5.75965180e+00
3.16885890e-01	-3.87257625e+00
3.17219455e-01	-2.02388134e+00
3.17553019e-01	-2.11681149e-01
3.17886583e-01	1.56713337e+00
3.18220147e-01	3.31673509e+00
3.18553711e-01	5.04209172e+00
3.18887275e-01	6.74861323e+00
3.19220839e-01	8.44175542e+00
3.19554403e-01	1.01266269e+01
3.19887967e-01	1.18076481e+01
3.20221531e-01	1.34883056e+01
3.20555095e-01	1.51710333e+01
3.20888660e-01	1.68572345e+01
3.21222224e-01	1.85474375e+01
3.21555788e-01	2.02415518e+01
3.21889352e-01	2.19391697e+01
3.22222916e-01	2.36398495e+01
3.22556480e-01	2.53433155e+01
3.22890044e-01	2.70495326e+01
3.23223608e-01	2.87586471e+01
3.23557172e-01	3.04708194e+01
3.23890736e-01	3.21860051e+01
3.24224301e-01	3.39037501e+01
3.24557865e-01	3.56230552e+01
3.24891429e-01	3.73423414e+01
3.25224993e-01	3.90595174e+01
3.25558557e-01	4.07721272e+01
3.25892121e-01	4.24775511e+01
3.26225685e-01	4.41732336e+01
3.26559249e-01	4.58569264e+01
3.26892813e-01	4.75269380e+01
3.27226377e-01	4.91823789e+01
3.27559941e-01	5.08233766e+01
3.27893506e-01	5.24512204e+01
3.28227070e-01	5.40683912e+01
3.28560634e-01	5.56784417e+01
3.28894198e-01	5.72857262e+01
3.29227762e-01	5.88950124e+01
3.29561326e-01	6.05110425e+01
3.29894890e-01	6.21381224e+01
3.30228454e-01	6.37798063e+01
3.30562018e-01	6.54387112e+01
3.30895582e-01	6.71164617e+01
3.31229147e-01	6.88137333e+01
3.31562711e-01	7.05303542e+01
3.31896275e-01	7.22654341e+01
3.32229839e-01	7.40175071e+01
3.32563403e-01	7.57846898e+01
3.32896967e-01	7.75648613e+01
3.33230531e-01	7.93558555e+01
3.33564095e-01	8.11556380e+01
3.33897659e-01	8.29594329e+01
