-8.00553828e-03	-0.00000000e+00
-7.67197419e-03	-1.17352036e-04
-7.33841009e-03	-3.71313927e-04
-7.00484600e-03	-9.68152666e-04
-6.67128190e-03	-2.31795363e-03
-6.33771781e-03	-5.25008537e-03
-6.00415371e-03	-1.13752330e-02
-5.67058962e-03	-2.36867693e-02
-5.33702552e-03	-4.74852937e-02
-5.00346143e-03	-9.17181571e-02
-4.66989733e-03	-1.70772238e-01
-4.33633324e-03	-3.06620974e-01
-4.00276914e-03	-5.31058499e-01
-3.66920505e-03	-8.87517376e-01
-3.33564095e-03	-1.43169669e+00
-3.00207686e-03	-2.23009455e+00
-2.66851276e-03	-3.35560025e+00
-2.33494867e-03	-4.87965405e+00
-2.00138457e-03	-6.86121922e+00
-1.66782048e-03	-9.33376357e+00
-1.33425638e-03	-1.22924201e+01
-1.00069229e-03	-1.56841770e+01
-6.67128190e-04	-1.94039479e+01
-3.33564095e-04	-2.32985842e+01
1.85165269e-18	-2.71793544e+01
3.33564095e-04	-3.08414754e+01
6.67128190e-04	-3.40875211e+01
1.00069229e-03	-3.67504650e+01
1.33425638e-03	-3.87121211e+01
1.66782048e-03	-3.99138327e+01
2.00138457e-03	-4.03580664e+01
2.33494867e-03	-4.01015936e+01
2.66851276e-03	-3.92425485e+01
3.00207686e-03	-3.79044993e+01
3.33564095e-03	-3.62206455e+01
3.66920505e-03	-3.43205146e+01
4.00276914e-03	-3.23204583e+01
4.33633324e-03	-3.03181725e+01
4.66989733e-03	-2.83906748e+01
5.00346143e-03	-2.65947711e+01
5.33702552e-03	-2.49689866e+01
5.67058962e-03	-2.35361380e+01
6.00415371e-03	-2.23059955e+01
6.33771781e-03	-2.12777593e+01
6.67128190e-03	-2.04422701e+01
7.00484600e-03	-1.97839627e+01
7.33841009e-03	-1.92826142e+01
7.67197419e-03	-1.89149106e+01
8.00553828e-03	-1.86558410e+01
8.33910238e-03	-1.84799052e+01
8.67266648e-03	-1.83621170e+01
9.00623057e-03	-1.82788024e+01
9.33979467e-03	-1.82081990e+01
9.67335876e-03	-1.81308868e+01
1.00069229e-02	-1.80300762e+01
1.03404870e-02	-1.78917841e+01
1.06740510e-02	-1.77049148e+01
1.10076151e-02	-1.74612469e+01
1.13411792e-02	-1.71553256e+01
1.16747433e-02	-1.67842469e+01
1.20083074e-02	-1.63473281e+01
1.23418715e-02	-1.58456668e+01
1.26754356e-02	-1.52815973e+01
1.30089997e-02	-1.46580750e+01
1.33425638e-02	-1.39780278e+01
1.36761279e-02	-1.32437347e+01
1.40096920e-02	-1.24563087e+01
1.43432561e-02	-1.16153808e+01
1.46768202e-02	-1.07190939e+01
1.50103843e-02	-9.76451864e+00
1.53439484e-02	-8.74858231e+00
1.56775125e-02	-7.66954685e+00
1.60110766e-02	-6.52898680e+00
1.63446407e-02	-5.33408914e+00
1.66782048e-02	-4.09996258e+00
1.70117689e-02	-2.85150920e+00
1.73453330e-02	-1.62433782e+00
1.76788970e-02	-4.64213708e-01
1.80124611e-02	5.75319844e-01
1.83460252e-02	1.43723271e+00
1.86795893e-02	2.06691747e+00
1.90131534e-02	2.41900303e+00
1.93467175e-02	2.46400544e+00
1.96802816e-02	2.19357266e+00
2.00138457e-02	1.62316871e+00
2.03474098e-02	7.91423862e-01
2.06809739e-02	-2.43995172e-01
2.10145380e-02	-1.41340881e+00
2.13481021e-02	-2.64380293e+00
2.16816662e-02	-3.86753646e+00
2.20152303e-02	-5.02946532e+00
2.23487944e-02	-6.09127658e+00
2.26823585e-02	-7.03252995e+00
2.30159226e-02	-7.84868420e+00
2.33494867e-02	-8.54702247e+00
2.36830508e-02	-9.14171552e+00
2.40166149e-02	-9.64920957e+00
2.43501789e-02	-1.00847796e+01
2.46837430e-02	-1.04605929e+01
2.50173071e-02	-1.07851705e+01
2.53508712e-02	-1.10638393e+01
2.56844353e-02	-1.12996803e+01
2.60179994e-02	-1.14945558e+01
2.63515635e-02	-1.16499597e+01
2.66851276e-02	-1.17675871e+01
2.70186917e-02	-1.18496248e+01
2.73522558e-02	-1.18988071e+01
2.76858199e-02	-1.19182934e+01
2.80193840e-02	-1.19114245e+01
2.83529481e-02	-1.18814208e+01
2.86865122e-02	-1.18310957e+01
2.90200763e-02	-1.17626543e+01
2.93536404e-02	-1.16776312e+01
2.96872045e-02	-1.15769815e+01
3.00207686e-02	-1.14612982e+01
3.03543327e-02	-1.13310899e+01
3.06878968e-02	-1.11870431e+01
3.10214609e-02	-1.10301984e+01
3.13550249e-02	-1.08620037e+01
3.16885890e-02	-1.06842433e+01
3.20221531e-02	-1.04988758e+01
3.23557172e-02	-1.03078400e+01
3.26892813e-02	-1.01128841e+01
3.30228454e-02	-9.91546162e+00
3.33564095e-02	-9.71670968e+00
3.36899736e-02	-9.51749863e+00
3.40235377e-02	-9.31852610e+00
3.43571018e-02	-9.12042180e+00
3.46906659e-02	-8.92383569e+00
3.50242300e-02	-8.72949608e+00
3.53577941e-02	-8.53823575e+00
3.56913582e-02	-8.35099458e+00
3.60249223e-02	-8.16880579e+00
3.63584864e-02	-7.99277027e+00
3.66920505e-02	-7.82402108e+00
3.70256146e-02	-7.66367808e+00
3.73591787e-02	-7.51279586e+00
3.76927428e-02	-7.37231000e+00
3.80263069e-02	-7.24299083e+00
3.83598709e-02	-7.12541490e+00
3.86934350e-02	-7.01995872e+00
3.90269991e-02	-6.92681457e+00
3.93605632e-02	-6.84602077e+00
3.96941273e-02	-6.77749481e+00
4.00276914e-02	-6.72105684e+00
4.03612555e-02	-6.67643050e+00
4.06948196e-02	-6.64321518e+00
4.10283837e-02	-6.62083164e+00
4.13619478e-02	-6.60845098e+00
4.16955119e-02	-6.60492647e+00
4.20290760e-02	-6.60875332e+00
4.23626401e-02	-6.61808488e+00
4.26962042e-02	-6.63082762e+00
4.30297683e-02	-6.64482247e+00
4.33633324e-02	-6.65810136e+00
4.36968965e-02	-6.66918277e+00
4.40304606e-02	-6.67734983e+00
4.43640247e-02	-6.68284198e+00
4.46975888e-02	-6.68689613e+00
4.50311529e-02	-6.69159849e+00
4.53647169e-02	-6.69954645e+00
4.56982810e-02	-6.71336766e+00
4.60318451e-02	-6.73518809e+00
4.63654092e-02	-6.76616580e+00
4.66989733e-02	-6.80620523e+00
4.70325374e-02	-6.85393071e+00
4.73661015e-02	-6.90693805e+00
4.76996656e-02	-6.96227323e+00
4.80332297e-02	-7.01702352e+00
4.83667938e-02	-7.06887540e+00
4.87003579e-02	-7.11650254e+00
4.90339220e-02	-7.15969666e+00
4.93674861e-02	-7.19923033e+00
4.97010502e-02	-7.23651568e+00
5.00346143e-02	-7.27317771e+00
5.03681784e-02	-7.31067312e+00
5.07017425e-02	-7.35005202e+00
5.10353066e-02	-7.39189996e+00
5.13688707e-02	-7.43643018e+00
5.17024348e-02	-7.48365124e+00
5.20359989e-02	-7.53352470e+00
5.23695629e-02	-7.58605151e+00
5.27031270e-02	-7.64127366e+00
5.30366911e-02	-7.69921863e+00
5.33702552e-02	-7.75983511e+00
5.37038193e-02	-7.82296184e+00
5.40373834e-02	-7.88834368e+00
5.43709475e-02	-7.95567990e+00
5.47045116e-02	-8.02467100e+00
5.50380757e-02	-8.09503553e+00
5.53716398e-02	-8.16648954e+00
5.57052039e-02	-8.23870385e+00
5.60387680e-02	-8.31126827e+00
5.63723321e-02	-8.38368852e+00
5.67058962e-02	-8.45542471e+00
5.70394603e-02	-8.52595945e+00
5.73730244e-02	-8.59486914e+00
5.77065885e-02	-8.66187208e+00
5.80401526e-02	-8.72683713e+00
5.83737167e-02	-8.78975025e+00
5.87072808e-02	-8.85064919e+00
5.90408449e-02	-8.90954257e+00
5.93744089e-02	-8.96633056e+00
5.97079730e-02	-9.02074158e+00
6.00415371e-02	-9.07229711e+00
6.03751012e-02	-9.12031555e+00
6.07086653e-02	-9.16396058e+00
6.10422294e-02	-9.20233197e+00
6.13757935e-02	-9.23458755e+00
6.17093576e-02	-9.26007461e+00
6.20429217e-02	-9.27844347e+00
6.23764858e-02	-9.28971618e+00
6.27100499e-02	-9.29429239e+00
6.30436140e-02	-9.29288929e+00
6.33771781e-02	-9.28642621e+00
6.37107422e-02	-9.27587842e+00
6.40443063e-02	-9.26213344e+00
6.43778704e-02	-9.24588235e+00
6.47114345e-02	-9.22757103e+00
6.50449986e-02	-9.20741896e+00
6.53785627e-02	-9.18549518e+00
6.57121268e-02	-9.16182407e+00
6.60456908e-02	-9.13648471e+00
6.63792549e-02	-9.10967258e+00
6.67128190e-02	-9.08170617e+00
6.70463831e-02	-9.05297958e+00
6.73799472e-02	-9.02388080e+00
6.77135113e-02	-8.99470475e+00
6.80470754e-02	-8.96559175e+00
6.83806395e-02	-8.93651155e+00
6.87142036e-02	-8.90729763e+00
6.90477677e-02	-8.87772069e+00
6.93813318e-02	-8.84757730e+00
6.97148959e-02	-8.81676572e+00
7.00484600e-02	-8.78532752e+00
7.03820241e-02	-8.75344600e+00
7.07155882e-02	-8.72140749e+00
7.10491523e-02	-8.68954259e+00
7.13827164e-02	-8.65816883e+00
7.17162805e-02	-8.62755394e+00
7.20498446e-02	-8.59790862e+00
7.23834087e-02	-8.56940682e+00
7.27169728e-02	-8.54222347e+00
7.30505368e-02	-8.51657440e+00
7.33841009e-02	-8.49274465e+00
7.37176650e-02	-8.47109538e+00
7.40512291e-02	-8.45204618e+00
7.43847932e-02	-8.43603579e+00
7.47183573e-02	-8.42346674e+00
7.50519214e-02	-8.41464270e+00
7.53854855e-02	-8.40970807e+00
7.57190496e-02	-8.40859782e+00
7.60526137e-02	-8.41100463e+00
7.63861778e-02	-8.41636754e+00
7.67197419e-02	-8.42388406e+00
7.70533060e-02	-8.43254640e+00
7.73868701e-02	-8.44120021e+00
7.77204342e-02	-8.44862380e+00
7.80539983e-02	-8.45362371e+00
7.83875624e-02	-8.45513903e+00
7.87211265e-02	-8.45234349e+00
7.90546906e-02	-8.44473113e+00
7.93882547e-02	-8.43217018e+00
7.97218188e-02	-8.41491275e+00
8.00553828e-02	-8.39355336e+00
8.03889469e-02	-8.36894022e+00
8.07225110e-02	-8.34205359e+00
8.10560751e-02	-8.31387206e+00
8.13896392e-02	-8.28525008e+00
8.17232033e-02	-8.25682621e+00
8.20567674e-02	-8.22897391e+00
8.23903315e-02	-8.20179731e+00
8.27238956e-02	-8.17516625e+00
8.30574597e-02	-8.14877911e+00
8.33910238e-02	-8.12224019e+00
8.37245879e-02	-8.09513822e+00
8.40581520e-02	-8.06711534e+00
8.43917161e-02	-8.03791819e+00
8.47252802e-02	-8.00742540e+00
8.50588443e-02	-7.97564950e+00
8.53924084e-02	-7.94271615e+00
8.57259725e-02	-7.90882746e+00
8.60595366e-02	-7.87421911e+00
8.63931007e-02	-7.83912113e+00
8.67266648e-02	-7.80373051e+00
8.70602288e-02	-7.76819959e+00
8.73937929e-02	-7.73263853e+00
8.77273570e-02	-7.69712681e+00
8.80609211e-02	-7.66172721e+00
8.83944852e-02	-7.62649565e+00
8.87280493e-02	-7.59148389e+00
8.90616134e-02	-7.55673476e+00
8.93951775e-02	-7.52227275e+00
8.97287416e-02	-7.48809380e+00
9.00623057e-02	-7.45415843e+00
9.03958698e-02	-7.42039055e+00
9.07294339e-02	-7.38668283e+00
9.10629980e-02	-7.35290705e+00
9.13965621e-02	-7.31892672e+00
9.17301262e-02	-7.28460954e+00
9.20636903e-02	-7.24983785e+00
9.23972544e-02	-7.21451603e+00
9.27308185e-02	-7.17857593e+00
9.30643826e-02	-7.14198087e+00
9.33979467e-02	-7.10472889e+00
9.37315108e-02	-7.06685502e+00
9.40650748e-02	-7.02843123e+00
9.43986389e-02	-6.98956286e+00
9.47322030e-02	-6.95038081e+00
9.50657671e-02	-6.91102955e+00
9.53993312e-02	-6.87165283e+00
9.57328953e-02	-6.83237960e+00
9.60664594e-02	-6.79331214e+00
9.64000235e-02	-6.75451750e+00
9.67335876e-02	-6.71602357e+00
9.70671517e-02	-6.67781991e+00
9.74007158e-02	-6.63986293e+00
9.77342799e-02	-6.60208495e+00
9.80678440e-02	-6.56440609e+00
9.84014081e-02	-6.52674819e+00
9.87349722e-02	-6.48904885e+00
9.90685363e-02	-6.45127263e+00
9.94021004e-02	-6.41341744e+00
9.97356645e-02	-6.37551399e+00
1.00069229e-01	-6.33761790e+00
1.00402793e-01	-6.29979490e+00
1.00736357e-01	-6.26210198e+00
1.01069921e-01	-6.22456803e+00
1.01403485e-01	-6.18717849e+00
1.01737049e-01	-6.14986723e+00
1.02070613e-01	-6.11251822e+00
1.02404177e-01	-6.07497776e+00
1.02737741e-01	-6.03707576e+00
1.03071305e-01	-5.99865233e+00
1.03404870e-01	-5.95958469e+00
1.03738434e-01	-5.91980935e+00
1.04071998e-01	-5.87933484e+00
1.04405562e-01	-5.83824221e+00
1.04739126e-01	-5.79667343e+00
1.05072690e-01	-5.75481093e+00
1.05406254e-01	-5.71285320e+00
1.05739818e-01	-5.67099232e+00
1.06073382e-01	-5.62939800e+00
1.06406946e-01	-5.58821060e+00
1.06740510e-01	-5.54754280e+00
1.07074075e-01	-5.50748643e+00
1.07407639e-01	-5.46812057e+00
1.07741203e-01	-5.42951746e+00
1.08074767e-01	-5.39174348e+00
1.08408331e-01	-5.35485519e+00
1.08741895e-01	-5.31889206e+00
1.09075459e-01	-5.28386904e+00
1.09409023e-01	-5.24977208e+00
1.09742587e-01	-5.21655902e+00
1.10076151e-01	-5.18416666e+00
1.10409716e-01	-5.15252323e+00
1.10743280e-01	-5.12156435e+00
1.11076844e-01	-5.09124922e+00
1.11410408e-01	-5.06157304e+00
1.11743972e-01	-5.03257269e+00
1.12077536e-01	-5.00432350e+00
1.12411100e-01	-4.97692701e+00
1.12744664e-01	-4.95049239e+00
1.13078228e-01	-4.92511598e+00
1.13411792e-01	-4.90086449e+00
1.13745356e-01	-4.87776660e+00
1.14078921e-01	-4.85581557e+00
1.14412485e-01	-4.83498174e+00
1.14746049e-01	-4.81523012e+00
1.15079613e-01	-4.79653695e+00
1.15413177e-01	-4.77889880e+00
1.15746741e-01	-4.76233007e+00
1.16080305e-01	-4.74684914e+00
1.16413869e-01	-4.73245668e+00
1.16747433e-01	-4.71911270e+00
1.17080997e-01	-4.70671965e+00
1.17414562e-01	-4.69511639e+00
1.17748126e-01	-4.68408443e+00
1.18081690e-01	-4.67336520e+00
1.18415254e-01	-4.66268381e+00
1.18748818e-01	-4.65177420e+00
1.19082382e-01	-4.64040087e+00
1.19415946e-01	-4.62837519e+00
1.19749510e-01	-4.61556505e+00
1.20083074e-01	-4.60189847e+00
1.20416638e-01	-4.58736184e+00
1.20750202e-01	-4.57199395e+00
1.21083767e-01	-4.55587621e+00
1.21417331e-01	-4.53912012e+00
1.21750895e-01	-4.52185312e+00
1.22084459e-01	-4.50420468e+00
1.22418023e-01	-4.48629444e+00
1.22751587e-01	-4.46822398e+00
1.23085151e-01	-4.45007230e+00
1.23418715e-01	-4.43189445e+00
1.23752279e-01	-4.41372142e+00
1.24085843e-01	-4.39555981e+00
1.24419408e-01	-4.37739017e+00
1.24752972e-01	-4.35916450e+00
1.25086536e-01	-4.34080457e+00
1.25420100e-01	-4.32220370e+00
1.25753664e-01	-4.30323371e+00
1.26087228e-01	-4.28375785e+00
1.26420792e-01	-4.26364786e+00
1.26754356e-01	-4.24280193e+00
1.27087920e-01	-4.22115978e+00
1.27421484e-01	-4.19871119e+00
1.27755048e-01	-4.17549592e+00
1.28088613e-01	-4.15159465e+00
1.28422177e-01	-4.12711312e+00
1.28755741e-01	-4.10216272e+00
1.29089305e-01	-4.07684173e+00
1.29422869e-01	-4.05122112e+00
1.29756433e-01	-4.02533743e+00
1.30089997e-01	-3.99919354e+00
1.30423561e-01	-3.97276634e+00
1.30757125e-01	-3.94601864e+00
1.31090689e-01	-3.91891226e+00
1.31424254e-01	-3.89141873e+00
1.31757818e-01	-3.86352577e+00
1.32091382e-01	-3.83523827e+00
1.32424946e-01	-3.80657421e+00
1.32758510e-01	-3.77755671e+00
1.33092074e-01	-3.74820442e+00
1.33425638e-01	-3.71852251e+00
1.33759202e-01	-3.68849667e+00
1.34092766e-01	-3.65809143e+00
1.34426330e-01	-3.62725306e+00
1.34759894e-01	-3.59591627e+00
1.35093459e-01	-3.56401335e+00
1.35427023e-01	-3.53148397e+00
1.35760587e-01	-3.49828393e+00
1.36094151e-01	-3.46439135e+00
1.36427715e-01	-3.42980936e+00
1.36761279e-01	-3.39456500e+00
1.37094843e-01	-3.35870514e+00
1.37428407e-01	-3.32229028e+00
1.37761971e-01	-3.28538742e+00
1.38095535e-01	-3.24806253e+00
1.38429100e-01	-3.21037297e+00
1.38762664e-01	-3.17236074e+00
1.39096228e-01	-3.13404766e+00
1.39429792e-01	-3.09543386e+00
1.39763356e-01	-3.05650043e+00
1.40096920e-01	-3.01721638e+00
1.40430484e-01	-2.97754837e+00
1.40764048e-01	-2.93747165e+00
1.41097612e-01	-2.89697960e+00
1.41431176e-01	-2.85609054e+00
1.41764740e-01	-2.81485060e+00
1.42098305e-01	-2.77333262e+00
1.42431869e-01	-2.73163163e+00
1.42765433e-01	-2.68985822e+00
1.43098997e-01	-2.64813046e+00
1.43432561e-01	-2.60656519e+00
1.43766125e-01	-2.56526892e+00
1.44099689e-01	-2.52432869e+00
1.44433253e-01	-2.48380402e+00
1.44766817e-01	-2.44372124e+00
1.45100381e-01	-2.40407202e+00
1.45433946e-01	-2.36481662e+00
1.45767510e-01	-2.32589103e+00
1.46101074e-01	-2.28721642e+00
1.46434638e-01	-2.24870906e+00
1.46768202e-01	-2.21028924e+00
1.47101766e-01	-2.17188798e+00
1.47435330e-01	-2.13345095e+00
1.47768894e-01	-2.09493946e+00
1.48102458e-01	-2.05632903e+00
1.48436022e-01	-2.01760667e+00
1.48769586e-01	-1.97876833e+00
1.49103151e-01	-1.93981733e+00
1.49436715e-01	-1.90076457e+00
1.49770279e-01	-1.86163032e+00
1.50103843e-01	-1.82244697e+00
1.50437407e-01	-1.78326118e+00
1.50770971e-01	-1.74413350e+00
1.51104535e-01	-1.70513449e+00
1.51438099e-01	-1.66633748e+00
1.51771663e-01	-1.62780938e+00
1.52105227e-01	-1.58960138e+00
1.52438792e-01	-1.55174143e+00
1.52772356e-01	-1.51422971e+00
1.53105920e-01	-1.47703760e+00
1.53439484e-01	-1.44011030e+00
1.53773048e-01	-1.40337267e+00
1.54106612e-01	-1.36673756e+00
1.54440176e-01	-1.33011578e+00
1.54773740e-01	-1.29342710e+00
1.55107304e-01	-1.25661091e+00
1.55440868e-01	-1.21963512e+00
1.55774432e-01	-1.18250172e+00
1.56107997e-01	-1.14524853e+00
1.56441561e-01	-1.10794762e+00
1.56775125e-01	-1.07070096e+00
1.57108689e-01	-1.03363374e+00
1.57442253e-01	-9.96885194e-01
1.57775817e-01	-9.60596657e-01
1.58109381e-01	-9.24897750e-01
1.58442945e-01	-8.89892398e-01
1.58776509e-01	-8.55647056e-01
1.59110073e-01	-8.22183457e-01
1.59443638e-01	-7.89477561e-01
1.59777202e-01	-7.57465100e-01
1.60110766e-01	-7.26052587e-01
1.60444330e-01	-6.95131397e-01
1.60777894e-01	-6.64592312e-01
1.61111458e-01	-6.34338560e-01
1.61445022e-01	-6.04296151e-01
1.61778586e-01	-5.74420563e-01
1.62112150e-01	-5.44698705e-01
1.62445714e-01	-5.15145495e-01
1.62779278e-01	-4.85795495e-01
1.63112843e-01	-4.56691538e-01
1.63446407e-01	-4.27873137e-01
1.63779971e-01	-3.99367410e-01
1.64113535e-01	-3.71184561e-01
1.64447099e-01	-3.43318695e-01
1.64780663e-01	-3.15753088e-01
1.65114227e-01	-2.88467809e-01
1.65447791e-01	-2.61447465e-01
1.65781355e-01	-2.34687741e-01
1.66114919e-01	-2.08200311e-01
1.66448484e-01	-1.82015863e-01
1.66782048e-01	-1.56184475e-01
1.67115612e-01	-1.30772232e-01
1.67449176e-01	-1.05853462e-01
1.67782740e-01	-8.14995346e-02
1.68116304e-01	-5.77667769e-02
1.68449868e-01	-3.46868800e-02
1.68783432e-01	-1.22628663e-02
1.69116996e-01	9.52775254e-03
1.69450560e-01	3.07233032e-02
1.69784124e-01	5.13647256e-02
1.70117689e-01	7.14827695e-02
1.70451253e-01	9.10888857e-02
1.70784817e-01	1.10171412e-01
1.71118381e-01	1.28697159e-01
1.71451945e-01	1.46617704e-01
1.71785509e-01	1.63879410e-01
1.72119073e-01	1.80435792e-01
1.72452637e-01	1.96260284e-01
1.72786201e-01	2.11356929e-01
1.73119765e-01	2.25766552e-01
1.73453330e-01	2.39566466e-01
1.73786894e-01	2.52862979e-01
1.74120458e-01	2.65777842e-01
1.74454022e-01	2.78431814e-01
1.74787586e-01	2.90929647e-01
1.75121150e-01	3.03350233e-01
1.75454714e-01	3.15743749e-01
1.75788278e-01	3.28135215e-01
1.76121842e-01	3.40531897e-01
1.76455406e-01	3.52931054e-01
1.76788970e-01	3.65325052e-01
1.77122535e-01	3.77702644e-01
1.77456099e-01	3.90047347e-01
1.77789663e-01	4.02335096e-01
1.78123227e-01	4.14533300e-01
1.78456791e-01	4.26602244e-01
1.78790355e-01	4.38498540e-01
1.79123919e-01	4.50179426e-01
1.79457483e-01	4.61606503e-01
1.79791047e-01	4.72747820e-01
1.80124611e-01	4.83578210e-01
1.80458176e-01	4.94078887e-01
1.80791740e-01	5.04237760e-01
1.81125304e-01	5.14051026e-01
1.81458868e-01	5.23525339e-01
1.81792432e-01	5.32679246e-01
1.82125996e-01	5.41542955e-01
1.82459560e-01	5.50156397e-01
1.82793124e-01	5.58566384e-01
1.83126688e-01	5.66824208e-01
1.83460252e-01	5.74984969e-01
1.83793816e-01	5.83108850e-01
1.84127381e-01	5.91263174e-01
1.84460945e-01	5.99523192e-01
1.84794509e-01	6.07970023e-01
1.85128073e-01	6.16685555e-01
1.85461637e-01	6.25745457e-01
1.85795201e-01	6.35212095e-01
1.86128765e-01	6.45129056e-01
1.86462329e-01	6.55518415e-01
1.86795893e-01	6.66381092e-01
1.87129457e-01	6.77699779e-01
1.87463022e-01	6.89443566e-01
1.87796586e-01	7.01573603e-01
1.88130150e-01	7.14049567e-01
1.88463714e-01	7.26836554e-01
1.88797278e-01	7.39911503e-01
1.89130842e-01	7.53267988e-01
1.89464406e-01	7.66918438e-01
1.89797970e-01	7.80893128e-01
1.90131534e-01	7.95235585e-01
1.90465098e-01	8.09994738e-01
1.90798662e-01	8.25215237e-01
1.91132227e-01	8.40928054e-01
1.91465791e-01	8.57143285e-01
1.91799355e-01	8.73846588e-01
1.92132919e-01	8.91000184e-01
1.92466483e-01	9.08548573e-01
1.92800047e-01	9.26427752e-01
1.93133611e-01	9.44575415e-01
1.93467175e-01	9.62939484e-01
1.93800739e-01	9.81483382e-01
1.94134303e-01	1.00018791e+00
1.94467868e-01	1.01905064e+00
1.94801432e-01	1.03808414e+00
1.95134996e-01	1.05731468e+00
1.95468560e-01	1.07678188e+00
1.95802124e-01	1.09653837e+00
1.96135688e-01	1.11664703e+00
1.96469252e-01	1.13717388e+00
1.96802816e-01	1.15817638e+00
1.97136380e-01	1.17968911e+00
1.97469944e-01	1.20170987e+00
1.97803508e-01	1.22418979e+00
1.98137073e-01	1.24703045e+00
1.98470637e-01	1.27008931e+00
1.98804201e-01	1.29319224e+00
1.99137765e-01	1.31615040e+00
1.99471329e-01	1.33877842e+00
1.99804893e-01	1.36091196e+00
2.00138457e-01	1.38242348e+00
2.00472021e-01	1.40323584e+00
2.00805585e-01	1.42333330e+00
2.01139149e-01	1.44276931e+00
2.01472713e-01	1.46166856e+00
2.01806278e-01	1.48022045e+00
2.02139842e-01	1.49866189e+00
2.02473406e-01	1.51725023e+00
2.02806970e-01	1.53623035e+00
2.03140534e-01	1.55580198e+00
2.03474098e-01	1.57609419e+00
2.03807662e-01	1.59715237e+00
2.04141226e-01	1.61894009e+00
2.04474790e-01	1.64135369e+00
2.04808354e-01	1.66424456e+00
2.05141919e-01	1.68744300e+00
2.05475483e-01	1.71077953e+00
2.05809047e-01	1.73410114e+00
2.06142611e-01	1.75728226e+00
2.06476175e-01	1.78023190e+00
2.06809739e-01	1.80289818e+00
2.07143303e-01	1.82527098e+00
2.07476867e-01	1.84738201e+00
2.07810431e-01	1.86930109e+00
2.08143995e-01	1.89112760e+00
2.08477559e-01	1.91297738e+00
2.08811124e-01	1.93496578e+00
2.09144688e-01	1.95718907e+00
2.09478252e-01	1.97970691e+00
2.09811816e-01	2.00252905e+00
2.10145380e-01	2.02560839e+00
2.10478944e-01	2.04884218e+00
2.10812508e-01	2.07208199e+00
2.11146072e-01	2.09515243e+00
2.11479636e-01	2.11787610e+00
2.11813200e-01	2.14010081e+00
2.12146765e-01	2.16172356e+00
2.12480329e-01	2.18270633e+00
2.12813893e-01	2.20307986e+00
2.13147457e-01	2.22293452e+00
2.13481021e-01	2.24240085e+00
2.13814585e-01	2.26162514e+00
2.14148149e-01	2.28074604e+00
2.14481713e-01	2.29987727e+00
2.14815277e-01	2.31909887e+00
2.15148841e-01	2.33845670e+00
2.15482405e-01	2.35796740e+00
2.15815970e-01	2.37762464e+00
2.16149534e-01	2.39740314e+00
2.16483098e-01	2.41725903e+00
2.16816662e-01	2.43712808e+00
2.17150226e-01	2.45692469e+00
2.17483790e-01	2.47654572e+00
2.17817354e-01	2.49588164e+00
2.18150918e-01	2.51483472e+00
2.18484482e-01	2.53334078e+00
2.18818046e-01	2.55138832e+00
2.19151611e-01	2.56902888e+00
2.19485175e-01	2.58637434e+00
2.19818739e-01	2.60357979e+00
2.20152303e-01	2.62081505e+00
2.20485867e-01	2.63823081e+00
2.20819431e-01	2.65592747e+00
2.21152995e-01	2.67393409e+00
2.21486559e-01	2.69220242e+00
2.21820123e-01	2.71061731e+00
2.22153687e-01	2.72902084e+00
2.22487251e-01	2.74724410e+00
2.22820816e-01	2.76513868e+00
2.23154380e-01	2.78260104e+00
2.23487944e-01	2.79958472e+00
2.23821508e-01	2.81609927e+00
2.24155072e-01	2.83219715e+00
2.24488636e-01	2.84795291e+00
2.24822200e-01	2.86343954e+00
2.25155764e-01	2.87870715e+00
2.25489328e-01	2.89376777e+00
2.25822892e-01	2.90858833e+00
2.26156457e-01	2.92309270e+00
2.26490021e-01	2.93717166e+00
2.26823585e-01	2.95069846e+00
2.27157149e-01	2.96354732e+00
2.27490713e-01	2.97561174e+00
2.27824277e-01	2.98681986e+00
2.28157841e-01	2.99714465e+00
2.28491405e-01	3.00660756e+00
2.28824969e-01	3.01527547e+00
2.29158533e-01	3.02325205e+00
2.29492097e-01	3.03066509e+00
2.29825662e-01	3.03765214e+00
2.30159226e-01	3.04434657e+00
2.30492790e-01	3.05086600e+00
2.30826354e-01	3.05730391e+00
2.31159918e-01	3.06372486e+00
2.31493482e-01	3.07016301e+00
2.31827046e-01	3.07662346e+00
2.32160610e-01	3.08308575e+00
2.32494174e-01	3.08950889e+00
2.32827738e-01	3.09583763e+00
2.33161303e-01	3.10200982e+00
2.33494867e-01	3.10796453e+00
2.33828431e-01	3.11365019e+00
2.34161995e-01	3.11903187e+00
2.34495559e-01	3.12409617e+00
2.34829123e-01	3.12885240e+00
2.35162687e-01	3.13332936e+00
2.35496251e-01	3.13756789e+00
2.35829815e-01	3.14161092e+00
2.36163379e-01	3.14549335e+00
2.36496943e-01	3.14923457e+00
2.36830508e-01	3.15283563e+00
2.37164072e-01	3.15628226e+00
2.37497636e-01	3.15955327e+00
2.37831200e-01	3.16263207e+00
2.38164764e-01	3.16551814e+00
2.38498328e-01	3.16823495e+00
2.38831892e-01	3.17083147e+00
2.39165456e-01	3.17337575e+00
2.39499020e-01	3.17594145e+00
2.39832584e-01	3.17859004e+00
2.40166149e-01	3.18135301e+00
2.40499713e-01	3.18421855e+00
2.40833277e-01	3.18712676e+00
2.41166841e-01	3.18997551e+00
2.41500405e-01	3.19263642e+00
2.41833969e-01	3.19497798e+00
2.42167533e-01	3.19689073e+00
2.42501097e-01	3.19830875e+00
2.42834661e-01	3.19922221e+00
2.43168225e-01	3.19967826e+00
2.43501789e-01	3.19977012e+00
2.43835354e-01	3.19961749e+00
2.44168918e-01	3.19934326e+00
2.44502482e-01	3.19905222e+00
2.44836046e-01	3.19881657e+00
2.45169610e-01	3.19867094e+00
2.45503174e-01	3.19861748e+00
2.45836738e-01	3.19863861e+00
2.46170302e-01	3.19871371e+00
2.46503866e-01	3.19883503e+00
2.46837430e-01	3.19901866e+00
2.47170995e-01	3.19930774e+00
2.47504559e-01	3.19976706e+00
2.47838123e-01	3.20047048e+00
2.48171687e-01	3.20148410e+00
2.48505251e-01	3.20284930e+00
2.48838815e-01	3.20456967e+00
2.49172379e-01	3.20660504e+00
2.49505943e-01	3.20887437e+00
2.49839507e-01	3.21126708e+00
2.50173071e-01	3.21366046e+00
2.50506635e-01	3.21593955e+00
2.50840200e-01	3.21801522e+00
2.51173764e-01	3.21983657e+00
2.51507328e-01	3.22139546e+00
2.51840892e-01	3.22272253e+00
2.52174456e-01	3.22387640e+00
2.52508020e-01	3.22492899e+00
2.52841584e-01	3.22595018e+00
2.53175148e-01	3.22699501e+00
2.53508712e-01	3.22809549e+00
2.53842276e-01	3.22925755e+00
2.54175841e-01	3.23046296e+00
2.54509405e-01	3.23167479e+00
2.54842969e-01	3.23284500e+00
2.55176533e-01	3.23392278e+00
2.55510097e-01	3.23486221e+00
2.55843661e-01	3.23562859e+00
2.56177225e-01	3.23620262e+00
2.56510789e-01	3.23658197e+00
2.56844353e-01	3.23678019e+00
2.57177917e-01	3.23682291e+00
2.57511481e-01	3.23674226e+00
2.57845046e-01	3.23657059e+00
2.58178610e-01	3.23633497e+00
2.58512174e-01	3.23605367e+00
2.58845738e-01	3.23573544e+00
2.59179302e-01	3.23538141e+00
2.59512866e-01	3.23498906e+00
2.59846430e-01	3.23455672e+00
2.60179994e-01	3.23408758e+00
2.60513558e-01	3.23359175e+00
2.60847122e-01	3.23308601e+00
2.61180687e-01	3.23259105e+00
2.61514251e-01	3.23212674e+00
2.61847815e-01	3.23170661e+00
2.62181379e-01	3.23133273e+00
2.62514943e-01	3.23099249e+00
2.62848507e-01	3.23065829e+00
2.63182071e-01	3.23029098e+00
2.63515635e-01	3.22984654e+00
2.63849199e-01	3.22928509e+00
2.64182763e-01	3.22858034e+00
2.64516327e-01	3.22772720e+00
2.64849892e-01	3.22674557e+00
2.65183456e-01	3.22567898e+00
2.65517020e-01	3.22458799e+00
2.65850584e-01	3.22353950e+00
2.66184148e-01	3.22259422e+00
2.66517712e-01	3.22179517e+00
2.66851276e-01	3.22115994e+00
2.67184840e-01	3.22067884e+00
2.67518404e-01	3.22031944e+00
2.67851968e-01	3.22003649e+00
2.68185533e-01	3.21978465e+00
2.68519097e-01	3.21953060e+00
2.68852661e-01	3.21926127e+00
2.69186225e-01	3.21898571e+00
2.69519789e-01	3.21873035e+00
2.69853353e-01	3.21852914e+00
2.70186917e-01	3.21841176e+00
2.70520481e-01	3.21839339e+00
2.70854045e-01	3.21846916e+00
2.71187609e-01	3.21861464e+00
2.71521173e-01	3.21879200e+00
2.71854738e-01	3.21895967e+00
2.72188302e-01	3.21908273e+00
2.72521866e-01	3.21914129e+00
2.72855430e-01	3.21913497e+00
2.73188994e-01	3.21908288e+00
2.73522558e-01	3.21901980e+00
2.73856122e-01	3.21898963e+00
2.74189686e-01	3.21903810e+00
2.74523250e-01	3.21920603e+00
2.74856814e-01	3.21952436e+00
2.75190379e-01	3.22001161e+00
2.75523943e-01	3.22067370e+00
2.75857507e-01	3.22150559e+00
2.76191071e-01	3.22249408e+00
2.76524635e-01	3.22362063e+00
2.76858199e-01	3.22486352e+00
2.77191763e-01	3.22619878e+00
2.77525327e-01	3.22760008e+00
2.77858891e-01	3.22903822e+00
2.78192455e-01	3.23048107e+00
2.78526019e-01	3.23189481e+00
2.78859584e-01	3.23324693e+00
2.79193148e-01	3.23451036e+00
2.79526712e-01	3.23566803e+00
2.79860276e-01	3.23671602e+00
2.80193840e-01	3.23766425e+00
2.80527404e-01	3.23853393e+00
2.80860968e-01	3.23935197e+00
2.81194532e-01	3.24014390e+00
2.81528096e-01	3.24092691e+00
2.81861660e-01	3.24170526e+00
2.82195225e-01	3.24246928e+00
2.82528789e-01	3.24319851e+00
2.82862353e-01	3.24386805e+00
2.83195917e-01	3.24445644e+00
2.83529481e-01	3.24495285e+00
2.83863045e-01	3.24536159e+00
2.84196609e-01	3.24570277e+00
2.84530173e-01	3.24600881e+00
2.84863737e-01	3.24631795e+00
2.85197301e-01	3.24666610e+00
2.85530865e-01	3.24707931e+00
2.85864430e-01	3.24756829e+00
2.86197994e-01	3.24812646e+00
2.86531558e-01	3.24873155e+00
2.86865122e-01	3.24935064e+00
2.87198686e-01	3.24994701e+00
2.87532250e-01	3.25048769e+00
2.87865814e-01	3.25094983e+00
2.88199378e-01	3.25132496e+00
2.88532942e-01	3.25162055e+00
2.88866506e-01	3.25185882e+00
2.89200071e-01	3.25207364e+00
2.89533635e-01	3.25230603e+00
2.89867199e-01	3.25259914e+00
2.90200763e-01	3.25299295e+00
2.90534327e-01	3.25351886e+00
2.90867891e-01	3.25419432e+00
2.91201455e-01	3.25501788e+00
2.91535019e-01	3.25596554e+00
2.91868583e-01	3.25698952e+00
2.92202147e-01	3.25802048e+00
2.92535711e-01	3.25897364e+00
2.92869276e-01	3.25975819e+00
2.93202840e-01	3.26028816e+00
2.93536404e-01	3.26049264e+00
2.93869968e-01	3.26032282e+00
2.94203532e-01	3.25975428e+00
2.94537096e-01	3.25878463e+00
2.94870660e-01	3.25742768e+00
2.95204224e-01	3.25570644e+00
2.95537788e-01	3.25364755e+00
2.95871352e-01	3.25127881e+00
2.96204917e-01	3.24863020e+00
2.96538481e-01	3.24573738e+00
2.96872045e-01	3.24264527e+00
2.97205609e-01	3.23940944e+00
2.97539173e-01	3.23609336e+00
2.97872737e-01	3.23276122e+00
2.98206301e-01	3.22946767e+00
2.98539865e-01	3.22624725e+00
2.98873429e-01	3.22310674e+00
2.99206993e-01	3.22002325e+00
2.99540557e-01	3.21694914e+00
2.99874122e-01	3.21382296e+00
3.00207686e-01	3.21058335e+00
3.00541250e-01	3.20718223e+00
3.00874814e-01	3.20359318e+00
3.01208378e-01	3.19981314e+00
3.01541942e-01	3.19585716e+00
3.01875506e-01	3.19174877e+00
3.02209070e-01	3.18750961e+00
3.02542634e-01	3.18315222e+00
3.02876198e-01	3.17867853e+00
3.03209763e-01	3.17408427e+00
3.03543327e-01	3.16936726e+00
3.03876891e-01	3.16453588e+00
3.04210455e-01	3.15961410e+00
3.04544019e-01	3.15464055e+00
3.04877583e-01	3.14966123e+00
3.05211147e-01	3.14471815e+00
3.05544711e-01	3.13983744e+00
3.05878275e-01	3.13502106e+00
3.06211839e-01	3.13024491e+00
3.06545403e-01	3.12546441e+00
3.06878968e-01	3.12062588e+00
3.07212532e-01	3.11568042e+00
3.07546096e-01	3.11059624e+00
3.07879660e-01	3.10536593e+00
3.08213224e-01	3.10000675e+00
3.08546788e-01	3.09455429e+00
3.08880352e-01	3.08905178e+00
3.09213916e-01	3.08353835e+00
3.09547480e-01	3.07803990e+00
3.09881044e-01	3.07256486e+00
3.10214609e-01	3.06710583e+00
3.10548173e-01	3.06164578e+00
3.10881737e-01	3.05616658e+00
3.11215301e-01	3.05065673e+00
3.11548865e-01	3.04511576e+00
3.11882429e-01	3.03955416e+00
3.12215993e-01	3.03398900e+00
3.12549557e-01	3.02843708e+00
3.12883121e-01	3.02290810e+00
3.13216685e-01	3.01740037e+00
3.13550249e-01	3.01190052e+00
3.13883814e-01	3.00638733e+00
3.14217378e-01	3.00083837e+00
3.14550942e-01	2.99523711e+00
3.14884506e-01	2.98957812e+00
3.15218070e-01	2.98386867e+00
3.15551634e-01	2.97812621e+00
3.15885198e-01	2.97237267e+00
3.16218762e-01	2.96662749e+00
3.16552326e-01	2.96090171e+00
3.16885890e-01	2.95519496e+00
3.17219455e-01	2.94949623e+00
3.17553019e-01	2.94378797e+00
3.17886583e-01	2.93805201e+00
3.18220147e-01	2.93227527e+00
3.18553711e-01	2.92645326e+00
3.18887275e-01	2.92059035e+00
3.19220839e-01	2.91469658e+00
3.19554403e-01	2.90878215e+00
3.19887967e-01	2.90285133e+00
3.20221531e-01	2.89689782e+00
3.20555095e-01	2.89090299e+00
3.20888660e-01	2.88483778e+00
3.21222224e-01	2.87866794e+00
3.21555788e-01	2.87236125e+00
3.21889352e-01	2.86589498e+00
3.22222916e-01	2.85926146e+00
3.22556480e-01	2.85247046e+00
3.22890044e-01	2.84554741e+00
3.23223608e-01	2.83852808e+00
3.23557172e-01	2.83145093e+00
3.23890736e-01	2.82434909e+00
3.24224301e-01	2.81724409e+00
3.24557865e-01	2.81014265e+00
3.24891429e-01	2.80303720e+00
3.25224993e-01	2.79590961e+00
3.25558557e-01	2.78873666e+00
3.25892121e-01	2.78149548e+00
3.26225685e-01	2.77416763e+00
3.26559249e-01	2.76674074e+00
3.26892813e-01	2.75920794e+00
3.27226377e-01	2.75156603e+00
3.27559941e-01	2.74381336e+00
3.27893506e-01	2.73594874e+00
3.28227070e-01	2.72797182e+00
3.28560634e-01	2.71988463e+00
3.28894198e-01	2.71169375e+00
3.29227762e-01	2.70341166e+00
3.29561326e-01	2.69505657e+00
3.29894890e-01	2.68665014e+00
3.30228454e-01	2.67821355e+00
3.30562018e-01	2.66976284e+00
3.30895582e-01	2.66130485e+00
3.31229147e-01	2.65283501e+00
3.31562711e-01	2.64433772e+00
3.31896275e-01	2.63578926e+00
3.32229839e-01	2.62716231e+00
3.32563403e-01	2.61843079e+00
3.32896967e-01	2.60957362e+00
3.33230531e-01	2.60057640e+00
3.33564095e-01	2.59143072e+00
3.33897659e-01	2.58153720e+00
