-8.00553828e-03	-0.00000000e+00
-7.67197419e-03	-1.53230901e-03
-7.33841009e-03	-5.28849349e-03
-7.00484600e-03	-1.41603654e-02
-6.67128190e-03	-3.44726360e-02
-6.33771781e-03	-7.91163397e-02
-6.00415371e-03	-1.73523927e-01
-5.67058962e-03	-3.65352079e-01
-5.33702552e-03	-7.39929254e-01
-5.00346143e-03	-1.44264750e+00
-4.66989733e-03	-2.70916018e+00
-4.33633324e-03	-4.90180458e+00
-4.00276914e-03	-8.54768828e+00
-3.66920505e-03	-1.43693109e+01
-3.33564095e-03	-2.32942951e+01
-3.00207686e-03	-3.64279935e+01
-2.66851276e-03	-5.49739134e+01
-2.33494867e-03	-8.00938731e+01
-2.00138457e-03	-1.12713081e+02
-1.66782048e-03	-1.53293226e+02
-1.33425638e-03	-2.01614301e+02
-1.00069229e-03	-2.56617392e+02
-6.67128190e-04	-3.16359354e+02
-3.33564095e-04	-3.78113774e+02
1.85165269e-18	-4.38622265e+02
3.33564095e-04	-4.94463884e+02
6.67128190e-04	-5.42478727e+02
1.00069229e-03	-5.80165225e+02
1.33425638e-03	-6.05974919e+02
1.66782048e-03	-6.19452801e+02
2.00138457e-03	-6.21207691e+02
2.33494867e-03	-6.12734578e+02
2.66851276e-03	-5.96138441e+02
3.00207686e-03	-5.73820760e+02
3.33564095e-03	-5.48185128e+02
3.66920505e-03	-5.21401911e+02
4.00276914e-03	-4.95250947e+02
4.33633324e-03	-4.71042477e+02
4.66989733e-03	-4.49604022e+02
5.00346143e-03	-4.31315720e+02
5.33702552e-03	-4.16177003e+02
5.67058962e-03	-4.03890854e+02
6.00415371e-03	-3.93955596e+02
6.33771781e-03	-3.85756782e+02
6.67128190e-03	-3.78653040e+02
7.00484600e-03	-3.72050124e+02
7.33841009e-03	-3.65458024e+02
7.67197419e-03	-3.58527242e+02
8.00553828e-03	-3.51062672e+02
8.33910238e-03	-3.43016359e+02
8.67266648e-03	-3.34463269e+02
9.00623057e-03	-3.25566160e+02
9.33979467e-03	-3.16536466e+02
9.67335876e-03	-3.07597395e+02
1.00069229e-02	-2.98953857e+02
1.03404870e-02	-2.90771623e+02
1.06740510e-02	-2.83166131e+02
1.10076151e-02	-2.76199834e+02
1.13411792e-02	-2.69886282e+02
1.16747433e-02	-2.64198974e+02
1.20083074e-02	-2.59083268e+02
1.23418715e-02	-2.54469813e+02
1.26754356e-02	-2.50288077e+02
1.30089997e-02	-2.46478370e+02
1.33425638e-02	-2.43000662e+02
1.36761279e-02	-2.39838597e+02
1.40096920e-02	-2.36997709e+02
1.43432561e-02	-2.34497904e+02
1.46768202e-02	-2.32361616e+02
1.50103843e-02	-2.30600315e+02
1.53439484e-02	-2.29202699e+02
1.56775125e-02	-2.28127713e+02
1.60110766e-02	-2.27304382e+02
1.63446407e-02	-2.26638617e+02
1.66782048e-02	-2.26025207e+02
1.70117689e-02	-2.25361789e+02
1.73453330e-02	-2.24561125e+02
1.76788970e-02	-2.23558735e+02
1.80124611e-02	-2.22314502e+02
1.83460252e-02	-2.20808817e+02
1.86795893e-02	-2.19035378e+02
1.90131534e-02	-2.16993516e+02
1.93467175e-02	-2.14682599e+02
1.96802816e-02	-2.12099965e+02
2.00138457e-02	-2.09242361e+02
2.03474098e-02	-2.06109674e+02
2.06809739e-02	-2.02709131e+02
2.10145380e-02	-1.99058356e+02
2.13481021e-02	-1.95186316e+02
2.16816662e-02	-1.91132149e+02
2.20152303e-02	-1.86942517e+02
2.23487944e-02	-1.82668504e+02
2.26823585e-02	-1.78362934e+02
2.30159226e-02	-1.74078695e+02
2.33494867e-02	-1.69868197e+02
2.36830508e-02	-1.65783786e+02
2.40166149e-02	-1.61878745e+02
2.43501789e-02	-1.58208488e+02
2.46837430e-02	-1.54831542e+02
2.50173071e-02	-1.51809980e+02
2.53508712e-02	-1.49208999e+02
2.56844353e-02	-1.47095382e+02
2.60179994e-02	-1.45534713e+02
2.63515635e-02	-1.44587331e+02
2.66851276e-02	-1.44303204e+02
2.70186917e-02	-1.44716117e+02
2.73522558e-02	-1.45837811e+02
2.76858199e-02	-1.47652840e+02
2.80193840e-02	-1.50115061e+02
2.83529481e-02	-1.53146575e+02
2.86865122e-02	-1.56639791e+02
2.90200763e-02	-1.60462858e+02
2.93536404e-02	-1.64468255e+02
2.96872045e-02	-1.68503767e+02
3.00207686e-02	-1.72424582e+02
3.03543327e-02	-1.76104921e+02
3.06878968e-02	-1.79447528e+02
3.10214609e-02	-1.82389579e+02
3.13550249e-02	-1.84904069e+02
3.16885890e-02	-1.86996485e+02
3.20221531e-02	-1.88697361e+02
3.23557172e-02	-1.90052049e+02
3.26892813e-02	-1.91109550e+02
3.30228454e-02	-1.91912357e+02
3.33564095e-02	-1.92489084e+02
3.36899736e-02	-1.92851043e+02
3.40235377e-02	-1.92993182e+02
3.43571018e-02	-1.92898947e+02
3.46906659e-02	-1.92547890e+02
3.50242300e-02	-1.91924376e+02
3.53577941e-02	-1.91025605e+02
3.56913582e-02	-1.89867413e+02
3.60249223e-02	-1.88486824e+02
3.63584864e-02	-1.86941083e+02
3.66920505e-02	-1.85303542e+02
3.70256146e-02	-1.83657343e+02
3.73591787e-02	-1.82088084e+02
3.76927428e-02	-1.80676620e+02
3.80263069e-02	-1.79492917e+02
3.83598709e-02	-1.78591503e+02
3.86934350e-02	-1.78008750e+02
3.90269991e-02	-1.77761964e+02
3.93605632e-02	-1.77850147e+02
3.96941273e-02	-1.78256282e+02
4.00276914e-02	-1.78950915e+02
4.03612555e-02	-1.79896729e+02
4.06948196e-02	-1.81053635e+02
4.10283837e-02	-1.82383724e+02
4.13619478e-02	-1.83855313e+02
4.16955119e-02	-1.85445365e+02
4.20290760e-02	-1.87139827e+02
4.23626401e-02	-1.88931778e+02
4.26962042e-02	-1.90817811e+02
4.30297683e-02	-1.92793448e+02
4.33633324e-02	-1.94848654e+02
4.36968965e-02	-1.96964520e+02
4.40304606e-02	-1.99111908e+02
4.43640247e-02	-2.01252390e+02
4.46975888e-02	-2.03341251e+02
4.50311529e-02	-2.05331859e+02
4.53647169e-02	-2.07180382e+02
4.56982810e-02	-2.08849846e+02
4.60318451e-02	-2.10312736e+02
4.63654092e-02	-2.11551836e+02
4.66989733e-02	-2.12559469e+02
4.70325374e-02	-2.13335721e+02
4.73661015e-02	-2.13886433e+02
4.76996656e-02	-2.14221634e+02
4.80332297e-02	-2.14354836e+02
4.83667938e-02	-2.14303186e+02
4.87003579e-02	-2.14088113e+02
4.90339220e-02	-2.13735931e+02
4.93674861e-02	-2.13277861e+02
4.97010502e-02	-2.12749181e+02
5.00346143e-02	-2.12187564e+02
5.03681784e-02	-2.11630932e+02
5.07017425e-02	-2.11115346e+02
5.10353066e-02	-2.10673385e+02
5.13688707e-02	-2.10333205e+02
5.17024348e-02	-2.10118182e+02
5.20359989e-02	-2.10046747e+02
5.23695629e-02	-2.10131956e+02
5.27031270e-02	-2.10380535e+02
5.30366911e-02	-2.10791415e+02
5.33702552e-02	-2.11354204e+02
5.37038193e-02	-2.12048252e+02
5.40373834e-02	-2.12843005e+02
5.43709475e-02	-2.13700057e+02
5.47045116e-02	-2.14576906e+02
5.50380757e-02	-2.15431916e+02
5.53716398e-02	-2.16229645e+02
5.57052039e-02	-2.16945555e+02
5.60387680e-02	-2.17569239e+02
5.63723321e-02	-2.18105597e+02
5.67058962e-02	-2.18573782e+02
5.70394603e-02	-2.19004131e+02
5.73730244e-02	-2.19433558e+02
5.77065885e-02	-2.19900092e+02
5.80401526e-02	-2.20437298e+02
5.83737167e-02	-2.21069309e+02
5.87072808e-02	-2.21807127e+02
5.90408449e-02	-2.22646709e+02
5.93744089e-02	-2.23569137e+02
5.97079730e-02	-2.24542909e+02
6.00415371e-02	-2.25528031e+02
6.03751012e-02	-2.26481272e+02
6.07086653e-02	-2.27361700e+02
6.10422294e-02	-2.28135499e+02
6.13757935e-02	-2.28779227e+02
6.17093576e-02	-2.29280942e+02
6.20429217e-02	-2.29639140e+02
6.23764858e-02	-2.29859902e+02
6.27100499e-02	-2.29953110e+02
6.30436140e-02	-2.29928769e+02
6.33771781e-02	-2.29794414e+02
6.37107422e-02	-2.29554267e+02
6.40443063e-02	-2.29210263e+02
6.43778704e-02	-2.28764576e+02
6.47114345e-02	-2.28222803e+02
6.50449986e-02	-2.27596862e+02
6.53785627e-02	-2.26906707e+02
6.57121268e-02	-2.26180366e+02
6.60456908e-02	-2.25452238e+02
6.63792549e-02	-2.24760043e+02
6.67128190e-02	-2.24141101e+02
6.70463831e-02	-2.23628688e+02
6.73799472e-02	-2.23249099e+02
6.77135113e-02	-2.23019815e+02
6.80470754e-02	-2.22948836e+02
6.83806395e-02	-2.23035062e+02
6.87142036e-02	-2.23269381e+02
6.90477677e-02	-2.23636120e+02
6.93813318e-02	-2.24114547e+02
6.97148959e-02	-2.24680210e+02
7.00484600e-02	-2.25306065e+02
7.03820241e-02	-2.25963461e+02
7.07155882e-02	-2.26623130e+02
7.10491523e-02	-2.27256372e+02
7.13827164e-02	-2.27836553e+02
7.17162805e-02	-2.28340881e+02
7.20498446e-02	-2.28752275e+02
7.23834087e-02	-2.29060983e+02
7.27169728e-02	-2.29265547e+02
7.30505368e-02	-2.29372811e+02
7.33841009e-02	-2.29396846e+02
7.37176650e-02	-2.29356943e+02
7.40512291e-02	-2.29275038e+02
7.43847932e-02	-2.29173058e+02
7.47183573e-02	-2.29070645e+02
7.50519214e-02	-2.28983556e+02
7.53854855e-02	-2.28922807e+02
7.57190496e-02	-2.28894439e+02
7.60526137e-02	-2.28899707e+02
7.63861778e-02	-2.28935477e+02
7.67197419e-02	-2.28994750e+02
7.70533060e-02	-2.29067309e+02
7.73868701e-02	-2.29140561e+02
7.77204342e-02	-2.29200630e+02
7.80539983e-02	-2.29233650e+02
7.83875624e-02	-2.29227122e+02
7.87211265e-02	-2.29171112e+02
7.90546906e-02	-2.29059053e+02
7.93882547e-02	-2.28888010e+02
7.97218188e-02	-2.28658388e+02
8.00553828e-02	-2.28373174e+02
8.03889469e-02	-2.28036956e+02
8.07225110e-02	-2.27654948e+02
8.10560751e-02	-2.27232284e+02
8.13896392e-02	-2.26773733e+02
8.17232033e-02	-2.26283886e+02
8.20567674e-02	-2.25767728e+02
8.23903315e-02	-2.25231437e+02
8.27238956e-02	-2.24683125e+02
8.30574597e-02	-2.24133307e+02
8.33910238e-02	-2.23594883e+02
8.37245879e-02	-2.23082578e+02
8.40581520e-02	-2.22611911e+02
8.43917161e-02	-2.22197872e+02
8.47252802e-02	-2.21853572e+02
8.50588443e-02	-2.21589072e+02
8.53924084e-02	-2.21410568e+02
8.57259725e-02	-2.21319946e+02
8.60595366e-02	-2.21314691e+02
8.63931007e-02	-2.21388033e+02
8.67266648e-02	-2.21529271e+02
8.70602288e-02	-2.21724249e+02
8.73937929e-02	-2.21955984e+02
8.77273570e-02	-2.22205517e+02
8.80609211e-02	-2.22452958e+02
8.83944852e-02	-2.22678704e+02
8.87280493e-02	-2.22864693e+02
8.90616134e-02	-2.22995578e+02
8.93951775e-02	-2.23059673e+02
8.97287416e-02	-2.23049588e+02
9.00623057e-02	-2.22962533e+02
9.03958698e-02	-2.22800282e+02
9.07294339e-02	-2.22568835e+02
9.10629980e-02	-2.22277803e+02
9.13965621e-02	-2.21939512e+02
9.17301262e-02	-2.21567889e+02
9.20636903e-02	-2.21177173e+02
9.23972544e-02	-2.20780598e+02
9.27308185e-02	-2.20389212e+02
9.30643826e-02	-2.20011001e+02
9.33979467e-02	-2.19650465e+02
9.37315108e-02	-2.19308698e+02
9.40650748e-02	-2.18983914e+02
9.43986389e-02	-2.18672315e+02
9.47322030e-02	-2.18369112e+02
9.50657671e-02	-2.18069511e+02
9.53993312e-02	-2.17769542e+02
9.57328953e-02	-2.17466613e+02
9.60664594e-02	-2.17159766e+02
9.64000235e-02	-2.16849626e+02
9.67335876e-02	-2.16538098e+02
9.70671517e-02	-2.16227866e+02
9.74007158e-02	-2.15921799e+02
9.77342799e-02	-2.15622356e+02
9.80678440e-02	-2.15331098e+02
9.84014081e-02	-2.15048378e+02
9.87349722e-02	-2.14773254e+02
9.90685363e-02	-2.14503630e+02
9.94021004e-02	-2.14236580e+02
9.97356645e-02	-2.13968795e+02
1.00069229e-01	-2.13697099e+02
1.00402793e-01	-2.13418962e+02
1.00736357e-01	-2.13132965e+02
1.01069921e-01	-2.12839190e+02
1.01403485e-01	-2.12539467e+02
1.01737049e-01	-2.12237465e+02
1.02070613e-01	-2.11938585e+02
1.02404177e-01	-2.11649659e+02
1.02737741e-01	-2.11378466e+02
1.03071305e-01	-2.11133129e+02
1.03404870e-01	-2.10921448e+02
1.03738434e-01	-2.10750249e+02
1.04071998e-01	-2.10624807e+02
1.04405562e-01	-2.10548385e+02
1.04739126e-01	-2.10521915e+02
1.05072690e-01	-2.10543822e+02
1.05406254e-01	-2.10610018e+02
1.05739818e-01	-2.10714035e+02
1.06073382e-01	-2.10847323e+02
1.06406946e-01	-2.10999695e+02
1.06740510e-01	-2.11159902e+02
1.07074075e-01	-2.11316317e+02
1.07407639e-01	-2.11457695e+02
1.07741203e-01	-2.11573933e+02
1.08074767e-01	-2.11656782e+02
1.08408331e-01	-2.11700407e+02
1.08741895e-01	-2.11701731e+02
1.09075459e-01	-2.11660515e+02
1.09409023e-01	-2.11579142e+02
1.09742587e-01	-2.11462141e+02
1.10076151e-01	-2.11315534e+02
1.10409716e-01	-2.11146078e+02
1.10743280e-01	-2.10960540e+02
1.11076844e-01	-2.10765065e+02
1.11410408e-01	-2.10564710e+02
1.11743972e-01	-2.10363163e+02
1.12077536e-01	-2.10162655e+02
1.12411100e-01	-2.09964044e+02
1.12744664e-01	-2.09767034e+02
1.13078228e-01	-2.09570509e+02
1.13411792e-01	-2.09372919e+02
1.13745356e-01	-2.09172685e+02
1.14078921e-01	-2.08968558e+02
1.14412485e-01	-2.08759907e+02
1.14746049e-01	-2.08546870e+02
1.15079613e-01	-2.08330376e+02
1.15413177e-01	-2.08112025e+02
1.15746741e-01	-2.07893839e+02
1.16080305e-01	-2.07677920e+02
1.16413869e-01	-2.07466060e+02
1.16747433e-01	-2.07259372e+02
1.17080997e-01	-2.07057996e+02
1.17414562e-01	-2.06860957e+02
1.17748126e-01	-2.06666214e+02
1.18081690e-01	-2.06470890e+02
1.18415254e-01	-2.06271666e+02
1.18748818e-01	-2.06065260e+02
1.19082382e-01	-2.05848903e+02
1.19415946e-01	-2.05620730e+02
1.19749510e-01	-2.05380047e+02
1.20083074e-01	-2.05127449e+02
1.20416638e-01	-2.04864810e+02
1.20750202e-01	-2.04595171e+02
1.21083767e-01	-2.04322560e+02
1.21417331e-01	-2.04051741e+02
1.21750895e-01	-2.03787894e+02
1.22084459e-01	-2.03536240e+02
1.22418023e-01	-2.03301601e+02
1.22751587e-01	-2.03087972e+02
1.23085151e-01	-2.02898145e+02
1.23418715e-01	-2.02733470e+02
1.23752279e-01	-2.02593788e+02
1.24085843e-01	-2.02477548e+02
1.24419408e-01	-2.02382027e+02
1.24752972e-01	-2.02303613e+02
1.25086536e-01	-2.02238023e+02
1.25420100e-01	-2.02180441e+02
1.25753664e-01	-2.02125556e+02
1.26087228e-01	-2.02067566e+02
1.26420792e-01	-2.02000224e+02
1.26754356e-01	-2.01917033e+02
1.27087920e-01	-2.01811596e+02
1.27421484e-01	-2.01678135e+02
1.27755048e-01	-2.01512079e+02
1.28088613e-01	-2.01310605e+02
1.28422177e-01	-2.01073011e+02
1.28755741e-01	-2.00800834e+02
1.29089305e-01	-2.00497673e+02
1.29422869e-01	-2.00168740e+02
1.29756433e-01	-1.99820222e+02
1.30089997e-01	-1.99458551e+02
1.30423561e-01	-1.99089699e+02
1.30757125e-01	-1.98718587e+02
1.31090689e-01	-1.98348687e+02
1.31424254e-01	-1.97981857e+02
1.31757818e-01	-1.97618407e+02
1.32091382e-01	-1.97257396e+02
1.32424946e-01	-1.96897076e+02
1.32758510e-01	-1.96535436e+02
1.33092074e-01	-1.96170724e+02
1.33425638e-01	-1.95801872e+02
1.33759202e-01	-1.95428730e+02
1.34092766e-01	-1.95052074e+02
1.34426330e-01	-1.94673407e+02
1.34759894e-01	-1.94294602e+02
1.35093459e-01	-1.93917485e+02
1.35427023e-01	-1.93543469e+02
1.35760587e-01	-1.93173310e+02
1.36094151e-01	-1.92807031e+02
1.36427715e-01	-1.92444021e+02
1.36761279e-01	-1.92083242e+02
1.37094843e-01	-1.91723494e+02
1.37428407e-01	-1.91363666e+02
1.37761971e-01	-1.91002916e+02
1.38095535e-01	-1.90640758e+02
1.38429100e-01	-1.90277073e+02
1.38762664e-01	-1.89912043e+02
1.39096228e-01	-1.89546059e+02
1.39429792e-01	-1.89179631e+02
1.39763356e-01	-1.88813336e+02
1.40096920e-01	-1.88447805e+02
1.40430484e-01	-1.88083765e+02
1.40764048e-01	-1.87722110e+02
1.41097612e-01	-1.87363965e+02
1.41431176e-01	-1.87010712e+02
1.41764740e-01	-1.86663932e+02
1.42098305e-01	-1.86325255e+02
1.42431869e-01	-1.85996113e+02
1.42765433e-01	-1.85677427e+02
1.43098997e-01	-1.85369293e+02
1.43432561e-01	-1.85070729e+02
1.43766125e-01	-1.84779566e+02
1.44099689e-01	-1.84492524e+02
1.44433253e-01	-1.84205476e+02
1.44766817e-01	-1.83913888e+02
1.45100381e-01	-1.83613333e+02
1.45433946e-01	-1.83299988e+02
1.45767510e-01	-1.82971001e+02
1.46101074e-01	-1.82624656e+02
1.46434638e-01	-1.82260301e+02
1.46768202e-01	-1.81878085e+02
1.47101766e-01	-1.81478582e+02
1.47435330e-01	-1.81062436e+02
1.47768894e-01	-1.80630114e+02
1.48102458e-01	-1.80181868e+02
1.48436022e-01	-1.79717896e+02
1.48769586e-01	-1.79238673e+02
1.49103151e-01	-1.78745332e+02
1.49436715e-01	-1.78239993e+02
1.49770279e-01	-1.77725903e+02
1.50103843e-01	-1.77207330e+02
1.50437407e-01	-1.76689197e+02
1.50770971e-01	-1.76176506e+02
1.51104535e-01	-1.75673685e+02
1.51438099e-01	-1.75183981e+02
1.51771663e-01	-1.74709060e+02
1.52105227e-01	-1.74248898e+02
1.52438792e-01	-1.73801992e+02
1.52772356e-01	-1.73365840e+02
1.53105920e-01	-1.72937584e+02
1.53439484e-01	-1.72514654e+02
1.53773048e-01	-1.72095299e+02
1.54106612e-01	-1.71678888e+02
1.54440176e-01	-1.71265954e+02
1.54773740e-01	-1.70858001e+02
1.55107304e-01	-1.70457130e+02
1.55440868e-01	-1.70065587e+02
1.55774432e-01	-1.69685308e+02
1.56107997e-01	-1.69317536e+02
1.56441561e-01	-1.68962571e+02
1.56775125e-01	-1.68619677e+02
1.57108689e-01	-1.68287146e+02
1.57442253e-01	-1.67962507e+02
1.57775817e-01	-1.67642846e+02
1.58109381e-01	-1.67325171e+02
1.58442945e-01	-1.67006785e+02
1.58776509e-01	-1.66685592e+02
1.59110073e-01	-1.66360315e+02
1.59443638e-01	-1.66030598e+02
1.59777202e-01	-1.65697003e+02
1.60110766e-01	-1.65360894e+02
1.60444330e-01	-1.65024251e+02
1.60777894e-01	-1.64689420e+02
1.61111458e-01	-1.64358820e+02
1.61445022e-01	-1.64034634e+02
1.61778586e-01	-1.63718521e+02
1.62112150e-01	-1.63411365e+02
1.62445714e-01	-1.63113127e+02
1.62779278e-01	-1.62822795e+02
1.63112843e-01	-1.62538483e+02
1.63446407e-01	-1.62257624e+02
1.63779971e-01	-1.61977258e+02
1.64113535e-01	-1.61694332e+02
1.64447099e-01	-1.61405970e+02
1.64780663e-01	-1.61109657e+02
1.65114227e-01	-1.60803326e+02
1.65447791e-01	-1.60485359e+02
1.65781355e-01	-1.60154542e+02
1.66114919e-01	-1.59810028e+02
1.66448484e-01	-1.59451334e+02
1.66782048e-01	-1.59078413e+02
1.67115612e-01	-1.58691744e+02
1.67449176e-01	-1.58292421e+02
1.67782740e-01	-1.57882155e+02
1.68116304e-01	-1.57463169e+02
1.68449868e-01	-1.57037971e+02
1.68783432e-01	-1.56609058e+02
1.69116996e-01	-1.56178629e+02
1.69450560e-01	-1.55748405e+02
1.69784124e-01	-1.55319606e+02
1.70117689e-01	-1.54893111e+02
1.70451253e-01	-1.54469733e+02
1.70784817e-01	-1.54050514e+02
1.71118381e-01	-1.53636923e+02
1.71451945e-01	-1.53230850e+02
1.71785509e-01	-1.52834383e+02
1.72119073e-01	-1.52449403e+02
1.72452637e-01	-1.52077106e+02
1.72786201e-01	-1.51717610e+02
1.73119765e-01	-1.51369771e+02
1.73453330e-01	-1.51031291e+02
1.73786894e-01	-1.50699123e+02
1.74120458e-01	-1.50370087e+02
1.74454022e-01	-1.50041544e+02
1.74787586e-01	-1.49711970e+02
1.75121150e-01	-1.49381271e+02
1.75454714e-01	-1.49050765e+02
1.75788278e-01	-1.48722831e+02
1.76121842e-01	-1.48400317e+02
1.76455406e-01	-1.48085850e+02
1.76788970e-01	-1.47781219e+02
1.77122535e-01	-1.47486968e+02
1.77456099e-01	-1.47202293e+02
1.77789663e-01	-1.46925224e+02
1.78123227e-01	-1.46653046e+02
1.78456791e-01	-1.46382827e+02
1.78790355e-01	-1.46111943e+02
1.79123919e-01	-1.45838488e+02
1.79457483e-01	-1.45561512e+02
1.79791047e-01	-1.45281061e+02
1.80124611e-01	-1.44998045e+02
1.80458176e-01	-1.44713985e+02
1.80791740e-01	-1.44430687e+02
1.81125304e-01	-1.44149913e+02
1.81458868e-01	-1.43873087e+02
1.81792432e-01	-1.43601077e+02
1.82125996e-01	-1.43334072e+02
1.82459560e-01	-1.43071555e+02
1.82793124e-01	-1.42812361e+02
1.83126688e-01	-1.42554798e+02
1.83460252e-01	-1.42296803e+02
1.83793816e-01	-1.42036126e+02
1.84127381e-01	-1.41770510e+02
1.84460945e-01	-1.41497870e+02
1.84794509e-01	-1.41216446e+02
1.85128073e-01	-1.40924930e+02
1.85461637e-01	-1.40622544e+02
1.85795201e-01	-1.40309057e+02
1.86128765e-01	-1.39984741e+02
1.86462329e-01	-1.39650286e+02
1.86795893e-01	-1.39306680e+02
1.87129457e-01	-1.38955105e+02
1.87463022e-01	-1.38596853e+02
1.87796586e-01	-1.38233279e+02
1.88130150e-01	-1.37865787e+02
1.88463714e-01	-1.37495825e+02
1.88797278e-01	-1.37124876e+02
1.89130842e-01	-1.36754422e+02
1.89464406e-01	-1.36385899e+02
1.89797970e-01	-1.36020630e+02
1.90131534e-01	-1.35659774e+02
1.90465098e-01	-1.35304294e+02
1.90798662e-01	-1.34954945e+02
1.91132227e-01	-1.34612289e+02
1.91465791e-01	-1.34276719e+02
1.91799355e-01	-1.33948490e+02
1.92132919e-01	-1.33627753e+02
1.92466483e-01	-1.33314577e+02
1.92800047e-01	-1.33008964e+02
1.93133611e-01	-1.32710838e+02
1.93467175e-01	-1.32420005e+02
1.93800739e-01	-1.32136074e+02
1.94134303e-01	-1.31858357e+02
1.94467868e-01	-1.31585780e+02
1.94801432e-01	-1.31316842e+02
1.95134996e-01	-1.31049678e+02
1.95468560e-01	-1.30782248e+02
1.95802124e-01	-1.30512633e+02
1.96135688e-01	-1.30239381e+02
1.96469252e-01	-1.29961829e+02
1.96802816e-01	-1.29680274e+02
1.97136380e-01	-1.29395947e+02
1.97469944e-01	-1.29110750e+02
1.97803508e-01	-1.28826799e+02
1.98137073e-01	-1.28545896e+02
1.98470637e-01	-1.28269038e+02
1.98804201e-01	-1.27996127e+02
1.99137765e-01	-1.27725954e+02
1.99471329e-01	-1.27456479e+02
1.99804893e-01	-1.27185356e+02
2.00138457e-01	-1.26910555e+02
2.00472021e-01	-1.26630929e+02
2.00805585e-01	-1.26346563e+02
2.01139149e-01	-1.26058808e+02
2.01472713e-01	-1.25769971e+02
2.01806278e-01	-1.25482757e+02
2.02139842e-01	-1.25199576e+02
2.02473406e-01	-1.24921922e+02
2.02806970e-01	-1.24649962e+02
2.03140534e-01	-1.24382453e+02
2.03474098e-01	-1.24116963e+02
2.03807662e-01	-1.23850359e+02
2.04141226e-01	-1.23579389e+02
2.04474790e-01	-1.23301228e+02
2.04808354e-01	-1.23013855e+02
2.05141919e-01	-1.22716191e+02
2.05475483e-01	-1.22408026e+02
2.05809047e-01	-1.22089780e+02
2.06142611e-01	-1.21762221e+02
2.06476175e-01	-1.21426209e+02
2.06809739e-01	-1.21082557e+02
2.07143303e-01	-1.20731985e+02
2.07476867e-01	-1.20375178e+02
2.07810431e-01	-1.20012864e+02
2.08143995e-01	-1.19645881e+02
2.08477559e-01	-1.19275194e+02
2.08811124e-01	-1.18901863e+02
2.09144688e-01	-1.18526976e+02
2.09478252e-01	-1.18151578e+02
2.09811816e-01	-1.17776617e+02
2.10145380e-01	-1.17402917e+02
2.10478944e-01	-1.17031158e+02
2.10812508e-01	-1.16661852e+02
2.11146072e-01	-1.16295302e+02
2.11479636e-01	-1.15931548e+02
2.11813200e-01	-1.15570305e+02
2.12146765e-01	-1.15210951e+02
2.12480329e-01	-1.14852553e+02
2.12813893e-01	-1.14493972e+02
2.13147457e-01	-1.14134006e+02
2.13481021e-01	-1.13771547e+02
2.13814585e-01	-1.13405714e+02
2.14148149e-01	-1.13035907e+02
2.14481713e-01	-1.12661800e+02
2.14815277e-01	-1.12283259e+02
2.15148841e-01	-1.11900238e+02
2.15482405e-01	-1.11512690e+02
2.15815970e-01	-1.11120533e+02
2.16149534e-01	-1.10723675e+02
2.16483098e-01	-1.10322100e+02
2.16816662e-01	-1.09915971e+02
2.17150226e-01	-1.09505718e+02
2.17483790e-01	-1.09092066e+02
2.17817354e-01	-1.08675986e+02
2.18150918e-01	-1.08258571e+02
2.18484482e-01	-1.07840868e+02
2.18818046e-01	-1.07423690e+02
2.19151611e-01	-1.07007472e+02
2.19485175e-01	-1.06592178e+02
2.19818739e-01	-1.06177300e+02
2.20152303e-01	-1.05761932e+02
2.20485867e-01	-1.05344911e+02
2.20819431e-01	-1.04925003e+02
2.21152995e-01	-1.04501090e+02
2.21486559e-01	-1.04072343e+02
2.21820123e-01	-1.03638346e+02
2.22153687e-01	-1.03199145e+02
2.22487251e-01	-1.02755225e+02
2.22820816e-01	-1.02307389e+02
2.23154380e-01	-1.01856569e+02
2.23487944e-01	-1.01403592e+02
2.23821508e-01	-1.00948929e+02
2.24155072e-01	-1.00492502e+02
2.24488636e-01	-1.00033572e+02
2.24822200e-01	-9.95707607e+01
2.25155764e-01	-9.91022127e+01
2.25489328e-01	-9.86258707e+01
2.25822892e-01	-9.81398250e+01
2.26156457e-01	-9.76426680e+01
2.26490021e-01	-9.71337829e+01
2.26823585e-01	-9.66135101e+01
2.27157149e-01	-9.60831541e+01
2.27490713e-01	-9.55448273e+01
2.27824277e-01	-9.50011554e+01
2.28157841e-01	-9.44548973e+01
2.28491405e-01	-9.39085491e+01
2.28824969e-01	-9.33640059e+01
2.29158533e-01	-9.28223484e+01
2.29492097e-01	-9.22837909e+01
2.29825662e-01	-9.17478007e+01
2.30159226e-01	-9.12133517e+01
2.30492790e-01	-9.06792494e+01
2.30826354e-01	-9.01444434e+01
2.31159918e-01	-8.96082514e+01
2.31493482e-01	-8.90704447e+01
2.31827046e-01	-8.85311853e+01
2.32160610e-01	-8.79908477e+01
2.32494174e-01	-8.74497894e+01
2.32827738e-01	-8.69081434e+01
2.33161303e-01	-8.63656952e+01
2.33494867e-01	-8.58218760e+01
2.33828431e-01	-8.52758694e+01
2.34161995e-01	-8.47267936e+01
2.34495559e-01	-8.41739050e+01
2.34829123e-01	-8.36167641e+01
2.35162687e-01	-8.30553202e+01
2.35496251e-01	-8.24898990e+01
2.35829815e-01	-8.19211047e+01
2.36163379e-01	-8.13496756e+01
2.36496943e-01	-8.07763413e+01
2.36830508e-01	-8.02017268e+01
2.37164072e-01	-7.96263255e+01
2.37497636e-01	-7.90505367e+01
2.37831200e-01	-7.84747376e+01
2.38164764e-01	-7.78993464e+01
2.38498328e-01	-7.73248394e+01
2.38831892e-01	-7.67517051e+01
2.39165456e-01	-7.61803481e+01
2.39499020e-01	-7.56109774e+01
2.39832584e-01	-7.50435245e+01
2.40166149e-01	-7.44776254e+01
2.40499713e-01	-7.39126770e+01
2.40833277e-01	-7.33479509e+01
2.41166841e-01	-7.27827268e+01
2.41500405e-01	-7.22164033e+01
2.41833969e-01	-7.16485560e+01
2.42167533e-01	-7.10789381e+01
2.42501097e-01	-7.05074397e+01
2.42834661e-01	-6.99340372e+01
2.43168225e-01	-6.93587620e+01
2.43501789e-01	-6.87817012e+01
2.43835354e-01	-6.82030231e+01
2.44168918e-01	-6.76229993e+01
2.44502482e-01	-6.70419943e+01
2.44836046e-01	-6.64604022e+01
2.45169610e-01	-6.58785349e+01
2.45503174e-01	-6.52964905e+01
2.45836738e-01	-6.47140527e+01
2.46170302e-01	-6.41306649e+01
2.46503866e-01	-6.35455120e+01
2.46837430e-01	-6.29577020e+01
2.47170995e-01	-6.23665111e+01
2.47504559e-01	-6.17716275e+01
2.47838123e-01	-6.11733278e+01
2.48171687e-01	-6.05725349e+01
2.48505251e-01	-5.99707396e+01
2.48838815e-01	-5.93698061e+01
2.49172379e-01	-5.87717051e+01
2.49505943e-01	-5.81782360e+01
2.49839507e-01	-5.75907882e+01
2.50173071e-01	-5.70101782e+01
2.50506635e-01	-5.64365748e+01
2.50840200e-01	-5.58695102e+01
2.51173764e-01	-5.53079614e+01
2.51507328e-01	-5.47504891e+01
2.51840892e-01	-5.41954174e+01
2.52174456e-01	-5.36410372e+01
2.52508020e-01	-5.30858099e+01
2.52841584e-01	-5.25285429e+01
2.53175148e-01	-5.19685031e+01
2.53508712e-01	-5.14054409e+01
2.53842276e-01	-5.08395129e+01
2.54175841e-01	-5.02711160e+01
2.54509405e-01	-4.97006700e+01
2.54842969e-01	-4.91284037e+01
2.55176533e-01	-4.85542028e+01
2.55510097e-01	-4.79775633e+01
2.55843661e-01	-4.73976655e+01
2.56177225e-01	-4.68135505e+01
2.56510789e-01	-4.62243519e+01
2.56844353e-01	-4.56295168e+01
2.57177917e-01	-4.50289589e+01
2.57511481e-01	-4.44231013e+01
2.57845046e-01	-4.38128001e+01
2.58178610e-01	-4.31991732e+01
2.58512174e-01	-4.25833778e+01
2.58845738e-01	-4.19663921e+01
2.59179302e-01	-4.13488481e+01
2.59512866e-01	-4.07309441e+01
2.59846430e-01	-4.01124408e+01
2.60179994e-01	-3.94927285e+01
2.60513558e-01	-3.88709376e+01
2.60847122e-01	-3.82460659e+01
2.61180687e-01	-3.76170990e+01
2.61514251e-01	-3.69831121e+01
2.61847815e-01	-3.63433458e+01
2.62181379e-01	-3.56972542e+01
2.62514943e-01	-3.50445255e+01
2.62848507e-01	-3.43850765e+01
2.63182071e-01	-3.37190202e+01
2.63515635e-01	-3.30466154e+01
2.63849199e-01	-3.23682044e+01
2.64182763e-01	-3.16841532e+01
2.64516327e-01	-3.09948045e+01
2.64849892e-01	-3.03004504e+01
2.65183456e-01	-2.96013279e+01
2.65517020e-01	-2.88976306e+01
2.65850584e-01	-2.81895286e+01
2.66184148e-01	-2.74771896e+01
2.66517712e-01	-2.67607944e+01
2.66851276e-01	-2.60405453e+01
2.67184840e-01	-2.53166715e+01
2.67518404e-01	-2.45894316e+01
2.67851968e-01	-2.38591201e+01
2.68185533e-01	-2.31260757e+01
2.68519097e-01	-2.23906930e+01
2.68852661e-01	-2.16534328e+01
2.69186225e-01	-2.09148287e+01
2.69519789e-01	-2.01754836e+01
2.69853353e-01	-1.94360527e+01
2.70186917e-01	-1.86972073e+01
2.70520481e-01	-1.79595814e+01
2.70854045e-01	-1.72237018e+01
2.71187609e-01	-1.64899137e+01
2.71521173e-01	-1.57583155e+01
2.71854738e-01	-1.50287191e+01
2.72188302e-01	-1.43006525e+01
2.72521866e-01	-1.35734124e+01
2.72855430e-01	-1.28461669e+01
2.73188994e-01	-1.21180947e+01
2.73522558e-01	-1.13885386e+01
2.73856122e-01	-1.06571434e+01
2.74189686e-01	-9.92394943e+00
2.74523250e-01	-9.18941705e+00
2.74856814e-01	-8.45437325e+00
2.75190379e-01	-7.71988511e+00
2.75523943e-01	-6.98708312e+00
2.75857507e-01	-6.25696906e+00
2.76191071e-01	-5.53024821e+00
2.76524635e-01	-4.80722120e+00
2.76858199e-01	-4.08775736e+00
2.77191763e-01	-3.37135244e+00
2.77525327e-01	-2.65725441e+00
2.77858891e-01	-1.94462616e+00
2.78192455e-01	-1.23270807e+00
2.78526019e-01	-5.20946581e-01
2.78859584e-01	1.90933428e-01
2.79193148e-01	9.02920009e-01
2.79526712e-01	1.61476245e+00
2.79860276e-01	2.32605984e+00
2.80193840e-01	3.03636910e+00
2.80527404e-01	3.74531194e+00
2.80860968e-01	4.45266415e+00
2.81194532e-01	5.15841446e+00
2.81528096e-01	5.86278519e+00
2.81861660e-01	6.56621094e+00
2.82195225e-01	7.26927756e+00
2.82528789e-01	7.97263016e+00
2.82862353e-01	8.67686635e+00
2.83195917e-01	9.38243675e+00
2.83529481e-01	1.00895764e+01
2.83863045e-01	1.07982864e+01
2.84196609e-01	1.15083725e+01
2.84530173e-01	1.22195349e+01
2.84863737e-01	1.29314833e+01
2.85197301e-01	1.36440451e+01
2.85530865e-01	1.43572318e+01
2.85864430e-01	1.50712406e+01
2.86197994e-01	1.57863873e+01
2.86531558e-01	1.65029896e+01
2.86865122e-01	1.72212382e+01
2.87198686e-01	1.79410980e+01
2.87532250e-01	1.86622753e+01
2.87865814e-01	1.93842629e+01
2.88199378e-01	2.01064503e+01
2.88532942e-01	2.08282641e+01
2.88866506e-01	2.15492902e+01
2.89200071e-01	2.22693408e+01
2.89533635e-01	2.29884456e+01
2.89867199e-01	2.37067779e+01
2.90200763e-01	2.44245466e+01
2.90534327e-01	2.51419005e+01
2.90867891e-01	2.58588821e+01
2.91201455e-01	2.65754491e+01
2.91535019e-01	2.72915573e+01
2.91868583e-01	2.80072729e+01
2.92202147e-01	2.87228722e+01
2.92535711e-01	2.94388917e+01
2.92869276e-01	3.01561072e+01
2.93202840e-01	3.08754448e+01
2.93536404e-01	3.15978474e+01
2.93869968e-01	3.23241309e+01
2.94203532e-01	3.30548650e+01
2.94537096e-01	3.37903005e+01
2.94870660e-01	3.45303528e+01
2.95204224e-01	3.52746342e+01
2.95537788e-01	3.60225203e+01
2.95871352e-01	3.67732349e+01
2.96204917e-01	3.75259394e+01
2.96538481e-01	3.82798165e+01
2.96872045e-01	3.90341449e+01
2.97205609e-01	3.97883597e+01
2.97539173e-01	4.05420955e+01
2.97872737e-01	4.12952089e+01
2.98206301e-01	4.20477782e+01
2.98539865e-01	4.28000810e+01
2.98873429e-01	4.35525538e+01
2.99206993e-01	4.43057393e+01
2.99540557e-01	4.50602282e+01
2.99874122e-01	4.58166008e+01
3.00207686e-01	4.65753708e+01
3.00541250e-01	4.73369362e+01
3.00874814e-01	4.81015413e+01
3.01208378e-01	4.88692556e+01
3.01541942e-01	4.96399773e+01
3.01875506e-01	5.04134658e+01
3.02209070e-01	5.11893997e+01
3.02542634e-01	5.19674512e+01
3.02876198e-01	5.27473556e+01
3.03209763e-01	5.35289564e+01
3.03543327e-01	5.43122062e+01
3.03876891e-01	5.50971204e+01
3.04210455e-01	5.58836892e+01
3.04544019e-01	5.66717744e+01
3.04877583e-01	5.74610209e+01
3.05211147e-01	5.82508140e+01
3.05544711e-01	5.90403028e+01
3.05878275e-01	5.98284913e+01
3.06211839e-01	6.06143792e+01
3.06545403e-01	6.13971185e+01
3.06878968e-01	6.21761457e+01
3.07212532e-01	6.29512543e+01
3.07546096e-01	6.37225871e+01
3.07879660e-01	6.44905505e+01
3.08213224e-01	6.52556745e+01
3.08546788e-01	6.60184559e+01
3.08880352e-01	6.67792265e+01
3.09213916e-01	6.75380775e+01
3.09547480e-01	6.82948544e+01
3.09881044e-01	6.90492148e+01
3.10214609e-01	6.98007239e+01
3.10548173e-01	7.05489564e+01
3.10881737e-01	7.12935741e+01
3.11215301e-01	7.20343636e+01
3.11548865e-01	7.27712325e+01
3.11882429e-01	7.35041759e+01
3.12215993e-01	7.42332324e+01
3.12549557e-01	7.49584488e+01
3.12883121e-01	7.56798622e+01
3.13216685e-01	7.63975032e+01
3.13550249e-01	7.71114122e+01
3.13883814e-01	7.78216593e+01
3.14217378e-01	7.85283574e+01
3.14550942e-01	7.92316630e+01
3.14884506e-01	7.99317635e+01
3.15218070e-01	8.06288527e+01
3.15551634e-01	8.13231009e+01
3.15885198e-01	8.20146240e+01
3.16218762e-01	8.27034582e+01
3.16552326e-01	8.33895445e+01
3.16885890e-01	8.40727264e+01
3.17219455e-01	8.47527642e+01
3.17553019e-01	8.54293648e+01
3.17886583e-01	8.61022263e+01
3.18220147e-01	8.67710897e+01
3.18553711e-01	8.74357896e+01
3.18887275e-01	8.80962927e+01
3.19220839e-01	8.87527156e+01
3.19554403e-01	8.94053131e+01
3.19887967e-01	9.00544374e+01
3.20221531e-01	9.07004738e+01
3.20555095e-01	9.13437637e+01
3.20888660e-01	9.19845303e+01
3.21222224e-01	9.26228238e+01
3.21555788e-01	9.32584966e+01
3.21889352e-01	9.38912141e+01
3.22222916e-01	9.45204995e+01
3.22556480e-01	9.51458021e+01
3.22890044e-01	9.57665771e+01
3.23223608e-01	9.63823633e+01
3.23557172e-01	9.69928472e+01
3.23890736e-01	9.75979105e+01
3.24224301e-01	9.81976544e+01
3.24557865e-01	9.87924040e+01
3.24891429e-01	9.93826870e+01
3.25224993e-01	9.99691885e+01
3.25558557e-01	1.00552677e+02
3.25892121e-01	1.01133904e+02
3.26225685e-01	1.01713495e+02
3.26559249e-01	1.02291835e+02
3.26892813e-01	1.02868993e+02
3.27226377e-01	1.03444687e+02
3.27559941e-01	1.04018334e+02
3.27893506e-01	1.04589147e+02
3.28227070e-01	1.05156297e+02
3.28560634e-01	1.05719077e+02
3.28894198e-01	1.06277057e+02
3.29227762e-01	1.06830159e+02
3.29561326e-01	1.07378670e+02
3.29894890e-01	1.07923161e+02
3.30228454e-01	1.08464357e+02
3.30562018e-01	1.09002971e+02
3.30895582e-01	1.09539573e+02
3.31229147e-01	1.10074493e+02
3.31562711e-01	1.10607806e+02
3.31896275e-01	1.11139395e+02
3.32229839e-01	1.11669060e+02
3.32563403e-01	1.12196654e+02
3.32896967e-01	1.12722207e+02
3.33230531e-01	1.13245994e+02
3.33564095e-01	1.13768525e+02
3.33897659e-01	1.14294589e+02
