-8.00553828e-03	-0.00000000e+00
-7.67197419e-03	-8.44519075e-04
-7.33841009e-03	-2.91925718e-03
-7.00484600e-03	-7.79419988e-03
-6.67128190e-03	-1.89706618e-02
-6.33771781e-03	-4.35224884e-02
-6.00415371e-03	-9.54248389e-02
-5.67058962e-03	-2.00881388e-01
-5.33702552e-03	-4.06819822e-01
-5.00346143e-03	-7.93305758e-01
-4.66989733e-03	-1.49027962e+00
-4.33633324e-03	-2.69796732e+00
-4.00276914e-03	-4.70842674e+00
-3.66920505e-03	-7.92348100e+00
-3.33564095e-03	-1.28616395e+01
-3.00207686e-03	-2.01452101e+01
-2.66851276e-03	-3.04591002e+01
-2.33494867e-03	-4.44765397e+01
-2.00138457e-03	-6.27538977e+01
-1.66782048e-03	-8.56064686e+01
-1.33425638e-03	-1.12986754e+02
-1.00069229e-03	-1.44393320e+02
-6.67128190e-04	-1.78838184e+02
-3.33564095e-04	-2.14892238e+02
1.85165269e-18	-2.50812381e+02
3.33564095e-04	-2.84734504e+02
6.67128190e-04	-3.14899192e+02
1.00069229e-03	-3.39867362e+02
1.33425638e-03	-3.58684609e+02
1.66782048e-03	-3.70965247e+02
2.00138457e-03	-3.76886202e+02
2.33494867e-03	-3.77100945e+02
2.66851276e-03	-3.72598946e+02
3.00207686e-03	-3.64542984e+02
3.33564095e-03	-3.54114809e+02
3.66920505e-03	-3.42391213e+02
4.00276914e-03	-3.30261461e+02
4.33633324e-03	-3.18386664e+02
4.66989733e-03	-3.07194548e+02
5.00346143e-03	-2.96899796e+02
5.33702552e-03	-2.87540109e+02
5.67058962e-03	-2.79020009e+02
6.00415371e-03	-2.71156756e+02
6.33771781e-03	-2.63724717e+02
6.67128190e-03	-2.56495645e+02
7.00484600e-03	-2.49272766e+02
7.33841009e-03	-2.41916682e+02
7.67197419e-03	-2.34361382e+02
8.00553828e-03	-2.26619260e+02
8.33910238e-03	-2.18775238e+02
8.67266648e-03	-2.10971480e+02
9.00623057e-03	-2.03385609e+02
9.33979467e-03	-1.96206236e+02
9.67335876e-03	-1.89609819e+02
1.00069229e-02	-1.83742195e+02
1.03404870e-02	-1.78706795e+02
1.06740510e-02	-1.74559911e+02
1.10076151e-02	-1.71311896e+02
1.13411792e-02	-1.68932298e+02
1.16747433e-02	-1.67356757e+02
1.20083074e-02	-1.66494023e+02
1.23418715e-02	-1.66232339e+02
1.26754356e-02	-1.66445300e+02
1.30089997e-02	-1.66997735e+02
1.33425638e-02	-1.67752152e+02
1.36761279e-02	-1.68575748e+02
1.40096920e-02	-1.69347394e+02
1.43432561e-02	-1.69963470e+02
1.46768202e-02	-1.70341407e+02
1.50103843e-02	-1.70420124e+02
1.53439484e-02	-1.70157372e+02
1.56775125e-02	-1.69524786e+02
1.60110766e-02	-1.68502177e+02
1.63446407e-02	-1.67072801e+02
1.66782048e-02	-1.65221209e+02
1.70117689e-02	-1.62934540e+02
1.73453330e-02	-1.60207291e+02
1.76788970e-02	-1.57048574e+02
1.80124611e-02	-1.53490180e+02
1.83460252e-02	-1.49593356e+02
1.86795893e-02	-1.45452321e+02
1.90131534e-02	-1.41193056e+02
1.93467175e-02	-1.36966794e+02
1.96802816e-02	-1.32938591e+02
2.00138457e-02	-1.29272366e+02
2.03474098e-02	-1.26114479e+02
2.06809739e-02	-1.23578317e+02
2.10145380e-02	-1.21732247e+02
2.13481021e-02	-1.20592849e+02
2.16816662e-02	-1.20124467e+02
2.20152303e-02	-1.20245102e+02
2.23487944e-02	-1.20837672e+02
2.26823585e-02	-1.21764818e+02
2.30159226e-02	-1.22885015e+02
2.33494867e-02	-1.24067682e+02
2.36830508e-02	-1.25205334e+02
2.40166149e-02	-1.26221454e+02
2.43501789e-02	-1.27073541e+02
2.46837430e-02	-1.27751512e+02
2.50173071e-02	-1.28272303e+02
2.53508712e-02	-1.28671873e+02
2.56844353e-02	-1.28996011e+02
2.60179994e-02	-1.29291296e+02
2.63515635e-02	-1.29597355e+02
2.66851276e-02	-1.29941270e+02
2.70186917e-02	-1.30334578e+02
2.73522558e-02	-1.30772912e+02
2.76858199e-02	-1.31237935e+02
2.80193840e-02	-1.31700909e+02
2.83529481e-02	-1.32127059e+02
2.86865122e-02	-1.32479923e+02
2.90200763e-02	-1.32725032e+02
2.93536404e-02	-1.32832582e+02
2.96872045e-02	-1.32779081e+02
3.00207686e-02	-1.32548184e+02
3.03543327e-02	-1.32131028e+02
3.06878968e-02	-1.31526334e+02
3.10214609e-02	-1.30740379e+02
3.13550249e-02	-1.29786806e+02
3.16885890e-02	-1.28686175e+02
3.20221531e-02	-1.27465199e+02
3.23557172e-02	-1.26155674e+02
3.26892813e-02	-1.24793239e+02
3.30228454e-02	-1.23416065e+02
3.33564095e-02	-1.22063567e+02
3.36899736e-02	-1.20775095e+02
3.40235377e-02	-1.19588514e+02
3.43571018e-02	-1.18538584e+02
3.46906659e-02	-1.17655158e+02
3.50242300e-02	-1.16961343e+02
3.53577941e-02	-1.16471945e+02
3.56913582e-02	-1.16192552e+02
3.60249223e-02	-1.16119557e+02
3.63584864e-02	-1.16241270e+02
3.66920505e-02	-1.16540009e+02
3.70256146e-02	-1.16994845e+02
3.73591787e-02	-1.17584504e+02
3.76927428e-02	-1.18289890e+02
3.80263069e-02	-1.19095777e+02
3.83598709e-02	-1.19991412e+02
3.86934350e-02	-1.20970002e+02
3.90269991e-02	-1.22027275e+02
3.93605632e-02	-1.23159455e+02
3.96941273e-02	-1.24361012e+02
4.00276914e-02	-1.25622570e+02
4.03612555e-02	-1.26929261e+02
4.06948196e-02	-1.28259807e+02
4.10283837e-02	-1.29586495e+02
4.13619478e-02	-1.30876204e+02
4.16955119e-02	-1.32092437e+02
4.20290760e-02	-1.33198206e+02
4.23626401e-02	-1.34159383e+02
4.26962042e-02	-1.34948018e+02
4.30297683e-02	-1.35545061e+02
4.33633324e-02	-1.35942047e+02
4.36968965e-02	-1.36141486e+02
4.40304606e-02	-1.36155960e+02
4.43640247e-02	-1.36006146e+02
4.46975888e-02	-1.35718137e+02
4.50311529e-02	-1.35320452e+02
4.53647169e-02	-1.34841110e+02
4.56982810e-02	-1.34305079e+02
4.60318451e-02	-1.33732328e+02
4.63654092e-02	-1.33136678e+02
4.66989733e-02	-1.32525596e+02
4.70325374e-02	-1.31900971e+02
4.73661015e-02	-1.31260811e+02
4.76996656e-02	-1.30601609e+02
4.80332297e-02	-1.29921007e+02
4.83667938e-02	-1.29220258e+02
4.87003579e-02	-1.28506036e+02
4.90339220e-02	-1.27791230e+02
4.93674861e-02	-1.27094601e+02
4.97010502e-02	-1.26439379e+02
5.00346143e-02	-1.25851101e+02
5.03681784e-02	-1.25355081e+02
5.07017425e-02	-1.24973932e+02
5.10353066e-02	-1.24725508e+02
5.13688707e-02	-1.24621479e+02
5.17024348e-02	-1.24666648e+02
5.20359989e-02	-1.24858975e+02
5.23695629e-02	-1.25190132e+02
5.27031270e-02	-1.25646392e+02
5.30366911e-02	-1.26209609e+02
5.33702552e-02	-1.26858147e+02
5.37038193e-02	-1.27567676e+02
5.40373834e-02	-1.28311944e+02
5.43709475e-02	-1.29063656e+02
5.47045116e-02	-1.29795666e+02
5.50380757e-02	-1.30482582e+02
5.53716398e-02	-1.31102721e+02
5.57052039e-02	-1.31640195e+02
5.60387680e-02	-1.32086731e+02
5.63723321e-02	-1.32442809e+02
5.67058962e-02	-1.32717753e+02
5.70394603e-02	-1.32928575e+02
5.73730244e-02	-1.33097652e+02
5.77065885e-02	-1.33249525e+02
5.80401526e-02	-1.33407336e+02
5.83737167e-02	-1.33589478e+02
5.87072808e-02	-1.33807060e+02
5.90408449e-02	-1.34062612e+02
5.93744089e-02	-1.34350275e+02
5.97079730e-02	-1.34657414e+02
6.00415371e-02	-1.34967380e+02
6.03751012e-02	-1.35262883e+02
6.07086653e-02	-1.35529356e+02
6.10422294e-02	-1.35757648e+02
6.13757935e-02	-1.35945543e+02
6.17093576e-02	-1.36097803e+02
6.20429217e-02	-1.36224765e+02
6.23764858e-02	-1.36339802e+02
6.27100499e-02	-1.36456218e+02
6.30436140e-02	-1.36584231e+02
6.33771781e-02	-1.36728702e+02
6.37107422e-02	-1.36888050e+02
6.40443063e-02	-1.37054547e+02
6.43778704e-02	-1.37215853e+02
6.47114345e-02	-1.37357403e+02
6.50449986e-02	-1.37465070e+02
6.53785627e-02	-1.37527519e+02
6.57121268e-02	-1.37537753e+02
6.60456908e-02	-1.37493608e+02
6.63792549e-02	-1.37397187e+02
6.67128190e-02	-1.37253541e+02
6.70463831e-02	-1.37069028e+02
6.73799472e-02	-1.36849884e+02
6.77135113e-02	-1.36601364e+02
6.80470754e-02	-1.36327669e+02
6.83806395e-02	-1.36032540e+02
6.87142036e-02	-1.35720235e+02
6.90477677e-02	-1.35396437e+02
6.93813318e-02	-1.35068734e+02
6.97148959e-02	-1.34746429e+02
7.00484600e-02	-1.34439711e+02
7.03820241e-02	-1.34158426e+02
7.07155882e-02	-1.33910825e+02
7.10491523e-02	-1.33702648e+02
7.13827164e-02	-1.33536815e+02
7.17162805e-02	-1.33413754e+02
7.20498446e-02	-1.33332206e+02
7.23834087e-02	-1.33290208e+02
7.27169728e-02	-1.33285913e+02
7.30505368e-02	-1.33317963e+02
7.33841009e-02	-1.33385321e+02
7.37176650e-02	-1.33486629e+02
7.40512291e-02	-1.33619351e+02
7.43847932e-02	-1.33779016e+02
7.47183573e-02	-1.33958857e+02
7.50519214e-02	-1.34150033e+02
7.53854855e-02	-1.34342402e+02
7.57190496e-02	-1.34525669e+02
7.60526137e-02	-1.34690595e+02
7.63861778e-02	-1.34829953e+02
7.67197419e-02	-1.34939013e+02
7.70533060e-02	-1.35015513e+02
7.73868701e-02	-1.35059222e+02
7.77204342e-02	-1.35071345e+02
7.80539983e-02	-1.35054004e+02
7.83875624e-02	-1.35009960e+02
7.87211265e-02	-1.34942575e+02
7.90546906e-02	-1.34855905e+02
7.93882547e-02	-1.34754708e+02
7.97218188e-02	-1.34644232e+02
8.00553828e-02	-1.34529702e+02
8.03889469e-02	-1.34415617e+02
8.07225110e-02	-1.34305049e+02
8.10560751e-02	-1.34199180e+02
8.13896392e-02	-1.34097253e+02
8.17232033e-02	-1.33996969e+02
8.20567674e-02	-1.33895230e+02
8.23903315e-02	-1.33789004e+02
8.27238956e-02	-1.33676088e+02
8.30574597e-02	-1.33555567e+02
8.33910238e-02	-1.33427913e+02
8.37245879e-02	-1.33294740e+02
8.40581520e-02	-1.33158359e+02
8.43917161e-02	-1.33021265e+02
8.47252802e-02	-1.32885680e+02
8.50588443e-02	-1.32753215e+02
8.53924084e-02	-1.32624640e+02
8.57259725e-02	-1.32499755e+02
8.60595366e-02	-1.32377335e+02
8.63931007e-02	-1.32255161e+02
8.67266648e-02	-1.32130160e+02
8.70602288e-02	-1.31998692e+02
8.73937929e-02	-1.31856976e+02
8.77273570e-02	-1.31701589e+02
8.80609211e-02	-1.31529934e+02
8.83944852e-02	-1.31340553e+02
8.87280493e-02	-1.31133203e+02
8.90616134e-02	-1.30908683e+02
8.93951775e-02	-1.30668489e+02
8.97287416e-02	-1.30414444e+02
9.00623057e-02	-1.30148422e+02
9.03958698e-02	-1.29872286e+02
9.07294339e-02	-1.29588007e+02
9.10629980e-02	-1.29297908e+02
9.13965621e-02	-1.29004870e+02
9.17301262e-02	-1.28712387e+02
9.20636903e-02	-1.28424409e+02
9.23972544e-02	-1.28144996e+02
9.27308185e-02	-1.27877871e+02
9.30643826e-02	-1.27626011e+02
9.33979467e-02	-1.27391361e+02
9.37315108e-02	-1.27174745e+02
9.40650748e-02	-1.26975953e+02
9.43986389e-02	-1.26793959e+02
9.47322030e-02	-1.26627197e+02
9.50657671e-02	-1.26473859e+02
9.53993312e-02	-1.26332143e+02
9.57328953e-02	-1.26200469e+02
9.60664594e-02	-1.26077622e+02
9.64000235e-02	-1.25962828e+02
9.67335876e-02	-1.25855731e+02
9.70671517e-02	-1.25756273e+02
9.74007158e-02	-1.25664490e+02
9.77342799e-02	-1.25580237e+02
9.80678440e-02	-1.25502901e+02
9.84014081e-02	-1.25431155e+02
9.87349722e-02	-1.25362796e+02
9.90685363e-02	-1.25294713e+02
9.94021004e-02	-1.25222991e+02
9.97356645e-02	-1.25143162e+02
1.00069229e-01	-1.25050568e+02
1.00402793e-01	-1.24940824e+02
1.00736357e-01	-1.24810326e+02
1.01069921e-01	-1.24656744e+02
1.01403485e-01	-1.24479430e+02
1.01737049e-01	-1.24279666e+02
1.02070613e-01	-1.24060679e+02
1.02404177e-01	-1.23827393e+02
1.02737741e-01	-1.23585923e+02
1.03071305e-01	-1.23342860e+02
1.03404870e-01	-1.23104466e+02
1.03738434e-01	-1.22875896e+02
1.04071998e-01	-1.22660581e+02
1.04405562e-01	-1.22459880e+02
1.04739126e-01	-1.22273031e+02
1.05072690e-01	-1.22097398e+02
1.05406254e-01	-1.21928955e+02
1.05739818e-01	-1.21762905e+02
1.06073382e-01	-1.21594348e+02
1.06406946e-01	-1.21418897e+02
1.06740510e-01	-1.21233188e+02
1.07074075e-01	-1.21035245e+02
1.07407639e-01	-1.20824675e+02
1.07741203e-01	-1.20602703e+02
1.08074767e-01	-1.20372032e+02
1.08408331e-01	-1.20136565e+02
1.08741895e-01	-1.19901003e+02
1.09075459e-01	-1.19670378e+02
1.09409023e-01	-1.19449568e+02
1.09742587e-01	-1.19242861e+02
1.10076151e-01	-1.19053604e+02
1.10409716e-01	-1.18883993e+02
1.10743280e-01	-1.18734995e+02
1.11076844e-01	-1.18606393e+02
1.11410408e-01	-1.18496926e+02
1.11743972e-01	-1.18404479e+02
1.12077536e-01	-1.18326286e+02
1.12411100e-01	-1.18259118e+02
1.12744664e-01	-1.18199441e+02
1.13078228e-01	-1.18143549e+02
1.13411792e-01	-1.18087667e+02
1.13745356e-01	-1.18028070e+02
1.14078921e-01	-1.17961190e+02
1.14412485e-01	-1.17883748e+02
1.14746049e-01	-1.17792878e+02
1.15079613e-01	-1.17686256e+02
1.15413177e-01	-1.17562192e+02
1.15746741e-01	-1.17419693e+02
1.16080305e-01	-1.17258499e+02
1.16413869e-01	-1.17079075e+02
1.16747433e-01	-1.16882593e+02
1.17080997e-01	-1.16670900e+02
1.17414562e-01	-1.16446474e+02
1.17748126e-01	-1.16212367e+02
1.18081690e-01	-1.15972117e+02
1.18415254e-01	-1.15729633e+02
1.18748818e-01	-1.15489016e+02
1.19082382e-01	-1.15254351e+02
1.19415946e-01	-1.15029447e+02
1.19749510e-01	-1.14817563e+02
1.20083074e-01	-1.14621126e+02
1.20416638e-01	-1.14441492e+02
1.20750202e-01	-1.14278756e+02
1.21083767e-01	-1.14131650e+02
1.21417331e-01	-1.13997567e+02
1.21750895e-01	-1.13872700e+02
1.22084459e-01	-1.13752332e+02
1.22418023e-01	-1.13631235e+02
1.22751587e-01	-1.13504153e+02
1.23085151e-01	-1.13366302e+02
1.23418715e-01	-1.13213819e+02
1.23752279e-01	-1.13044093e+02
1.24085843e-01	-1.12855925e+02
1.24419408e-01	-1.12649493e+02
1.24752972e-01	-1.12426148e+02
1.25086536e-01	-1.12188078e+02
1.25420100e-01	-1.11937919e+02
1.25753664e-01	-1.11678370e+02
1.26087228e-01	-1.11411884e+02
1.26420792e-01	-1.11140447e+02
1.26754356e-01	-1.10865472e+02
1.27087920e-01	-1.10587771e+02
1.27421484e-01	-1.10307593e+02
1.27755048e-01	-1.10024708e+02
1.28088613e-01	-1.09738514e+02
1.28422177e-01	-1.09448169e+02
1.28755741e-01	-1.09152742e+02
1.29089305e-01	-1.08851387e+02
1.29422869e-01	-1.08543520e+02
1.29756433e-01	-1.08228985e+02
1.30089997e-01	-1.07908195e+02
1.30423561e-01	-1.07582211e+02
1.30757125e-01	-1.07252750e+02
1.31090689e-01	-1.06922115e+02
1.31424254e-01	-1.06593024e+02
1.31757818e-01	-1.06268373e+02
1.32091382e-01	-1.05950940e+02
1.32424946e-01	-1.05643065e+02
1.32758510e-01	-1.05346364e+02
1.33092074e-01	-1.05061518e+02
1.33425638e-01	-1.04788183e+02
1.33759202e-01	-1.04525062e+02
1.34092766e-01	-1.04270129e+02
1.34426330e-01	-1.04020996e+02
1.34759894e-01	-1.03775341e+02
1.35093459e-01	-1.03531337e+02
1.35427023e-01	-1.03287988e+02
1.35760587e-01	-1.03045300e+02
1.36094151e-01	-1.02804260e+02
1.36427715e-01	-1.02566619e+02
1.36761279e-01	-1.02334521e+02
1.37094843e-01	-1.02110064e+02
1.37428407e-01	-1.01894860e+02
1.37761971e-01	-1.01689689e+02
1.38095535e-01	-1.01494291e+02
1.38429100e-01	-1.01307324e+02
1.38762664e-01	-1.01126488e+02
1.39096228e-01	-1.00948778e+02
1.39429792e-01	-1.00770813e+02
1.39763356e-01	-1.00589208e+02
1.40096920e-01	-1.00400903e+02
1.40430484e-01	-1.00203432e+02
1.40764048e-01	-9.99950869e+01
1.41097612e-01	-9.97749729e+01
1.41431176e-01	-9.95429614e+01
1.41764740e-01	-9.92995763e+01
1.42098305e-01	-9.90458482e+01
1.42431869e-01	-9.87831745e+01
1.42765433e-01	-9.85132104e+01
1.43098997e-01	-9.82377998e+01
1.43432561e-01	-9.79589385e+01
1.43766125e-01	-9.76787524e+01
1.44099689e-01	-9.73994702e+01
1.44433253e-01	-9.71233778e+01
1.44766817e-01	-9.68527480e+01
1.45100381e-01	-9.65897466e+01
1.45433946e-01	-9.63363165e+01
1.45767510e-01	-9.60940384e+01
1.46101074e-01	-9.58639764e+01
1.46434638e-01	-9.56465153e+01
1.46768202e-01	-9.54412182e+01
1.47101766e-01	-9.52467340e+01
1.47435330e-01	-9.50607939e+01
1.47768894e-01	-9.48803202e+01
1.48102458e-01	-9.47016555e+01
1.48436022e-01	-9.45208913e+01
1.48769586e-01	-9.43342499e+01
1.49103151e-01	-9.41384629e+01
1.49436715e-01	-9.39310875e+01
1.49770279e-01	-9.37107192e+01
1.50103843e-01	-9.34770755e+01
1.50437407e-01	-9.32309511e+01
1.50770971e-01	-9.29740569e+01
1.51104535e-01	-9.27087696e+01
1.51438099e-01	-9.24378263e+01
1.51771663e-01	-9.21640052e+01
1.52105227e-01	-9.18898299e+01
1.52438792e-01	-9.16173361e+01
1.52772356e-01	-9.13479226e+01
1.53105920e-01	-9.10822955e+01
1.53439484e-01	-9.08204997e+01
1.53773048e-01	-9.05620153e+01
1.54106612e-01	-9.03058969e+01
1.54440176e-01	-9.00509354e+01
1.54773740e-01	-8.97958322e+01
1.55107304e-01	-8.95393823e+01
1.55440868e-01	-8.92806610e+01
1.55774432e-01	-8.90192012e+01
1.56107997e-01	-8.87551351e+01
1.56441561e-01	-8.84892656e+01
1.56775125e-01	-8.82230385e+01
1.57108689e-01	-8.79583999e+01
1.57442253e-01	-8.76975505e+01
1.57775817e-01	-8.74426336e+01
1.58109381e-01	-8.71954146e+01
1.58442945e-01	-8.69570148e+01
1.58776509e-01	-8.67277497e+01
1.59110073e-01	-8.65071029e+01
1.59443638e-01	-8.62938352e+01
1.59777202e-01	-8.60862077e+01
1.60110766e-01	-8.58822770e+01
1.60444330e-01	-8.56802138e+01
1.60777894e-01	-8.54785945e+01
1.61111458e-01	-8.52766199e+01
1.61445022e-01	-8.50742303e+01
1.61778586e-01	-8.48720992e+01
1.62112150e-01	-8.46715074e+01
1.62445714e-01	-8.44741186e+01
1.62779278e-01	-8.42816888e+01
1.63112843e-01	-8.40957582e+01
1.63446407e-01	-8.39173686e+01
1.63779971e-01	-8.37468498e+01
1.64113535e-01	-8.35836994e+01
1.64447099e-01	-8.34265718e+01
1.64780663e-01	-8.32733737e+01
1.65114227e-01	-8.31214537e+01
1.65447791e-01	-8.29678639e+01
1.65781355e-01	-8.28096610e+01
1.66114919e-01	-8.26442149e+01
1.66448484e-01	-8.24694858e+01
1.66782048e-01	-8.22842356e+01
1.67115612e-01	-8.20881465e+01
1.67449176e-01	-8.18818320e+01
1.67782740e-01	-8.16667411e+01
1.68116304e-01	-8.14449722e+01
1.68449868e-01	-8.12190241e+01
1.68783432e-01	-8.09915210e+01
1.69116996e-01	-8.07649481e+01
1.69450560e-01	-8.05414310e+01
1.69784124e-01	-8.03225829e+01
1.70117689e-01	-8.01094333e+01
1.70451253e-01	-7.99024410e+01
1.70784817e-01	-7.97015808e+01
1.71118381e-01	-7.95064832e+01
1.71451945e-01	-7.93165955e+01
1.71785509e-01	-7.91313283e+01
1.72119073e-01	-7.89501556e+01
1.72452637e-01	-7.87726453e+01
1.72786201e-01	-7.85984167e+01
1.73119765e-01	-7.84270372e+01
1.73453330e-01	-7.82578922e+01
1.73786894e-01	-7.80900689e+01
1.74120458e-01	-7.79222968e+01
1.74454022e-01	-7.77529722e+01
1.74787586e-01	-7.75802769e+01
1.75121150e-01	-7.74023753e+01
1.75454714e-01	-7.72176557e+01
1.75788278e-01	-7.70249702e+01
1.76121842e-01	-7.68238256e+01
1.76455406e-01	-7.66144861e+01
1.76788970e-01	-7.63979682e+01
1.77122535e-01	-7.61759259e+01
1.77456099e-01	-7.59504462e+01
1.77789663e-01	-7.57237888e+01
1.78123227e-01	-7.54981125e+01
1.78456791e-01	-7.52752298e+01
1.78790355e-01	-7.50564202e+01
1.79123919e-01	-7.48423223e+01
1.79457483e-01	-7.46329081e+01
1.79791047e-01	-7.44275329e+01
1.80124611e-01	-7.42250459e+01
1.80458176e-01	-7.40239479e+01
1.80791740e-01	-7.38225781e+01
1.81125304e-01	-7.36193180e+01
1.81458868e-01	-7.34127924e+01
1.81792432e-01	-7.32020496e+01
1.82125996e-01	-7.29866956e+01
1.82459560e-01	-7.27669622e+01
1.82793124e-01	-7.25436947e+01
1.83126688e-01	-7.23182596e+01
1.83460252e-01	-7.20923854e+01
1.83793816e-01	-7.18679628e+01
1.84127381e-01	-7.16468348e+01
1.84460945e-01	-7.14306069e+01
1.84794509e-01	-7.12204985e+01
1.85128073e-01	-7.10172465e+01
1.85461637e-01	-7.08210634e+01
1.85795201e-01	-7.06316472e+01
1.86128765e-01	-7.04482374e+01
1.86462329e-01	-7.02697103e+01
1.86795893e-01	-7.00947074e+01
1.87129457e-01	-6.99217861e+01
1.87463022e-01	-6.97495810e+01
1.87796586e-01	-6.95769586e+01
1.88130150e-01	-6.94031476e+01
1.88463714e-01	-6.92278289e+01
1.88797278e-01	-6.90511690e+01
1.89130842e-01	-6.88737900e+01
1.89464406e-01	-6.86966715e+01
1.89797970e-01	-6.85209920e+01
1.90131534e-01	-6.83479238e+01
1.90465098e-01	-6.81784091e+01
1.90798662e-01	-6.80129477e+01
1.91132227e-01	-6.78514351e+01
1.91465791e-01	-6.76930828e+01
1.91799355e-01	-6.75364462e+01
1.92132919e-01	-6.73795644e+01
1.92466483e-01	-6.72201968e+01
1.92800047e-01	-6.70561236e+01
1.93133611e-01	-6.68854597e+01
1.93467175e-01	-6.67069327e+01
1.93800739e-01	-6.65200785e+01
1.94134303e-01	-6.63253218e+01
1.94467868e-01	-6.61239299e+01
1.94801432e-01	-6.59178468e+01
1.95134996e-01	-6.57094329e+01
1.95468560e-01	-6.55011545e+01
1.95802124e-01	-6.52952706e+01
1.96135688e-01	-6.50935709e+01
1.96469252e-01	-6.48972042e+01
1.96802816e-01	-6.47066207e+01
1.97136380e-01	-6.45216265e+01
1.97469944e-01	-6.43415250e+01
1.97803508e-01	-6.41653061e+01
1.98137073e-01	-6.39918363e+01
1.98470637e-01	-6.38200153e+01
1.98804201e-01	-6.36488758e+01
1.99137765e-01	-6.34776265e+01
1.99471329e-01	-6.33056512e+01
1.99804893e-01	-6.31324810e+01
2.00138457e-01	-6.29577572e+01
2.00472021e-01	-6.27811903e+01
2.00805585e-01	-6.26025198e+01
2.01139149e-01	-6.24214704e+01
2.01472713e-01	-6.22377078e+01
2.01806278e-01	-6.20508026e+01
2.02139842e-01	-6.18602143e+01
2.02473406e-01	-6.16653101e+01
2.02806970e-01	-6.14654255e+01
2.03140534e-01	-6.12599624e+01
2.03474098e-01	-6.10485093e+01
2.03807662e-01	-6.08309561e+01
2.04141226e-01	-6.06075758e+01
2.04474790e-01	-6.03790498e+01
2.04808354e-01	-6.01464244e+01
2.05141919e-01	-5.99110015e+01
2.05475483e-01	-5.96741791e+01
2.05809047e-01	-5.94372657e+01
2.06142611e-01	-5.92012957e+01
2.06476175e-01	-5.89668751e+01
2.06809739e-01	-5.87340813e+01
2.07143303e-01	-5.85024371e+01
2.07476867e-01	-5.82709695e+01
2.07810431e-01	-5.80383515e+01
2.08143995e-01	-5.78031145e+01
2.08477559e-01	-5.75639013e+01
2.08811124e-01	-5.73197206e+01
2.09144688e-01	-5.70701609e+01
2.09478252e-01	-5.68155210e+01
2.09811816e-01	-5.65568310e+01
2.10145380e-01	-5.62957532e+01
2.10478944e-01	-5.60343766e+01
2.10812508e-01	-5.57749350e+01
2.11146072e-01	-5.55194968e+01
2.11479636e-01	-5.52696770e+01
2.11813200e-01	-5.50264202e+01
2.12146765e-01	-5.47898890e+01
2.12480329e-01	-5.45594730e+01
2.12813893e-01	-5.43339080e+01
2.13147457e-01	-5.41114766e+01
2.13481021e-01	-5.38902459e+01
2.13814585e-01	-5.36682986e+01
2.14148149e-01	-5.34439219e+01
2.14481713e-01	-5.32157364e+01
2.14815277e-01	-5.29827646e+01
2.15148841e-01	-5.27444521e+01
2.15482405e-01	-5.25006560e+01
2.15815970e-01	-5.22516155e+01
2.16149534e-01	-5.19979065e+01
2.16483098e-01	-5.17403799e+01
2.16816662e-01	-5.14800760e+01
2.17150226e-01	-5.12181131e+01
2.17483790e-01	-5.09555551e+01
2.17817354e-01	-5.06932686e+01
2.18150918e-01	-5.04317913e+01
2.18484482e-01	-5.01712285e+01
2.18818046e-01	-4.99111993e+01
2.19151611e-01	-4.96508431e+01
2.19485175e-01	-4.93888942e+01
2.19818739e-01	-4.91238203e+01
2.20152303e-01	-4.88540134e+01
2.20485867e-01	-4.85780135e+01
2.20819431e-01	-4.82947340e+01
2.21152995e-01	-4.80036561e+01
2.21486559e-01	-4.77049574e+01
2.21820123e-01	-4.73995480e+01
2.22153687e-01	-4.70889972e+01
2.22487251e-01	-4.67753576e+01
2.22820816e-01	-4.64609058e+01
2.23154380e-01	-4.61478396e+01
2.23487944e-01	-4.58379791e+01
2.23821508e-01	-4.55325177e+01
2.24155072e-01	-4.52318637e+01
2.24488636e-01	-4.49355937e+01
2.24822200e-01	-4.46425229e+01
2.25155764e-01	-4.43508783e+01
2.25489328e-01	-4.40585469e+01
2.25822892e-01	-4.37633591e+01
2.26156457e-01	-4.34633655e+01
2.26490021e-01	-4.31570664e+01
2.26823585e-01	-4.28435594e+01
2.27157149e-01	-4.25225861e+01
2.27490713e-01	-4.21944755e+01
2.27824277e-01	-4.18600021e+01
2.28157841e-01	-4.15201926e+01
2.28491405e-01	-4.11761245e+01
2.28824969e-01	-4.08287573e+01
2.29158533e-01	-4.04788266e+01
2.29492097e-01	-4.01268110e+01
2.29825662e-01	-3.97729627e+01
2.30159226e-01	-3.94173766e+01
2.30492790e-01	-3.90600703e+01
2.30826354e-01	-3.87010474e+01
2.31159918e-01	-3.83403352e+01
2.31493482e-01	-3.79779958e+01
2.31827046e-01	-3.76141245e+01
2.32160610e-01	-3.72488465e+01
2.32494174e-01	-3.68823225e+01
2.32827738e-01	-3.65147605e+01
2.33161303e-01	-3.61464243e+01
2.33494867e-01	-3.57776240e+01
2.33828431e-01	-3.54086809e+01
2.34161995e-01	-3.50398666e+01
2.34495559e-01	-3.46713298e+01
2.34829123e-01	-3.43030339e+01
2.35162687e-01	-3.39347305e+01
2.35496251e-01	-3.35659850e+01
2.35829815e-01	-3.31962592e+01
2.36163379e-01	-3.28250359e+01
2.36496943e-01	-3.24519589e+01
2.36830508e-01	-3.20769562e+01
2.37164072e-01	-3.17003156e+01
2.37497636e-01	-3.13226968e+01
2.37831200e-01	-3.09450759e+01
2.38164764e-01	-3.05686341e+01
2.38498328e-01	-3.01946102e+01
2.38831892e-01	-2.98241408e+01
2.39165456e-01	-2.94581084e+01
2.39499020e-01	-2.90970156e+01
2.39832584e-01	-2.87408958e+01
2.40166149e-01	-2.83892716e+01
2.40499713e-01	-2.80411682e+01
2.40833277e-01	-2.76951870e+01
2.41166841e-01	-2.73496405e+01
2.41500405e-01	-2.70027370e+01
2.41833969e-01	-2.66527979e+01
2.42167533e-01	-2.62984722e+01
2.42501097e-01	-2.59389129e+01
2.42834661e-01	-2.55738792e+01
2.43168225e-01	-2.52037419e+01
2.43501789e-01	-2.48293879e+01
2.43835354e-01	-2.44520424e+01
2.44168918e-01	-2.40730433e+01
2.44502482e-01	-2.36936151e+01
2.44836046e-01	-2.33146831e+01
2.45169610e-01	-2.29367617e+01
2.45503174e-01	-2.25599271e+01
2.45836738e-01	-2.21838674e+01
2.46170302e-01	-2.18079880e+01
2.46503866e-01	-2.14315389e+01
2.46837430e-01	-2.10537376e+01
2.47170995e-01	-2.06738644e+01
2.47504559e-01	-2.02913236e+01
2.47838123e-01	-1.99056754e+01
2.48171687e-01	-1.95166507e+01
2.48505251e-01	-1.91241622e+01
2.48838815e-01	-1.87283218e+01
2.49172379e-01	-1.83294610e+01
2.49505943e-01	-1.79281464e+01
2.49839507e-01	-1.75251738e+01
2.50173071e-01	-1.71215254e+01
2.50506635e-01	-1.67182830e+01
2.50840200e-01	-1.63165005e+01
2.51173764e-01	-1.59170527e+01
2.51507328e-01	-1.55204847e+01
2.51840892e-01	-1.51268929e+01
2.52174456e-01	-1.47358628e+01
2.52508020e-01	-1.43464796e+01
2.52841584e-01	-1.39574161e+01
2.53175148e-01	-1.35670847e+01
2.53508712e-01	-1.31738322e+01
2.53842276e-01	-1.27761458e+01
2.54175841e-01	-1.23728369e+01
2.54509405e-01	-1.19631764e+01
2.54842969e-01	-1.15469637e+01
2.55176533e-01	-1.11245223e+01
2.55510097e-01	-1.06966328e+01
2.55843661e-01	-1.02644169e+01
2.56177225e-01	-9.82919809e+00
2.56510789e-01	-9.39235743e+00
2.56844353e-01	-8.95520464e+00
2.57177917e-01	-8.51887298e+00
2.57511481e-01	-8.08424287e+00
2.57845046e-01	-7.65189338e+00
2.58178610e-01	-7.22207930e+00
2.58512174e-01	-6.79473222e+00
2.58845738e-01	-6.36948625e+00
2.59179302e-01	-5.94573000e+00
2.59512866e-01	-5.52268561e+00
2.59846430e-01	-5.09951104e+00
2.60179994e-01	-4.67541510e+00
2.60513558e-01	-4.24976739e+00
2.60847122e-01	-3.82218121e+00
2.61180687e-01	-3.39254912e+00
2.61514251e-01	-2.96102018e+00
2.61847815e-01	-2.52792262e+00
2.62181379e-01	-2.09365236e+00
2.62514943e-01	-1.65855924e+00
2.62848507e-01	-1.22286531e+00
2.63182071e-01	-7.86639782e-01
2.63515635e-01	-3.49836615e-01
2.63849199e-01	8.76204203e-02
2.64182763e-01	5.25736906e-01
2.64516327e-01	9.64367682e-01
2.64849892e-01	1.40318641e+00
2.65183456e-01	1.84171639e+00
2.65517020e-01	2.27941423e+00
2.65850584e-01	2.71578218e+00
2.66184148e-01	3.15047845e+00
2.66517712e-01	3.58339875e+00
2.66851276e-01	4.01471280e+00
2.67184840e-01	4.44485350e+00
2.67518404e-01	4.87446732e+00
2.67851968e-01	5.30434091e+00
2.68185533e-01	5.73532020e+00
2.68519097e-01	6.16823507e+00
2.68852661e-01	6.60383753e+00
2.69186225e-01	7.04275610e+00
2.69519789e-01	7.48546446e+00
2.69853353e-01	7.93225976e+00
2.70186917e-01	8.38324593e+00
2.70520481e-01	8.83831873e+00
2.70854045e-01	9.29715384e+00
2.71187609e-01	9.75920287e+00
2.71521173e-01	1.02237061e+01
2.71854738e-01	1.06897312e+01
2.72188302e-01	1.11562423e+01
2.72521866e-01	1.16222014e+01
2.72855430e-01	1.20866888e+01
2.73188994e-01	1.25490288e+01
2.73522558e-01	1.30088953e+01
2.73856122e-01	1.34663750e+01
2.74189686e-01	1.39219688e+01
2.74523250e-01	1.43765230e+01
2.74856814e-01	1.48310939e+01
2.75190379e-01	1.52867644e+01
2.75523943e-01	1.57444438e+01
2.75857507e-01	1.62046901e+01
2.76191071e-01	1.66675898e+01
2.76524635e-01	1.71327257e+01
2.76858199e-01	1.75992401e+01
2.77191763e-01	1.80659847e+01
2.77525327e-01	1.85317235e+01
2.77858891e-01	1.89953481e+01
2.78192455e-01	1.94560585e+01
2.78526019e-01	1.99134768e+01
2.78859584e-01	2.03676750e+01
2.79193148e-01	2.08191229e+01
2.79526712e-01	2.12685750e+01
2.79860276e-01	2.17169300e+01
2.80193840e-01	2.21650927e+01
2.80527404e-01	2.26138623e+01
2.80860968e-01	2.30638601e+01
2.81194532e-01	2.35154951e+01
2.81528096e-01	2.39689603e+01
2.81861660e-01	2.44242456e+01
2.82195225e-01	2.48811577e+01
2.82528789e-01	2.53393395e+01
2.82862353e-01	2.57982886e+01
2.83195917e-01	2.62573778e+01
2.83529481e-01	2.67158836e+01
2.83863045e-01	2.71730278e+01
2.84196609e-01	2.76280333e+01
2.84530173e-01	2.80801918e+01
2.84863737e-01	2.85289351e+01
2.85197301e-01	2.89738988e+01
2.85530865e-01	2.94149680e+01
2.85864430e-01	2.98522924e+01
2.86197994e-01	3.02862697e+01
2.86531558e-01	3.07174959e+01
2.86865122e-01	3.11466935e+01
2.87198686e-01	3.15746272e+01
2.87532250e-01	3.20020212e+01
2.87865814e-01	3.24294893e+01
2.88199378e-01	3.28574847e+01
2.88532942e-01	3.32862725e+01
2.88866506e-01	3.37159247e+01
2.89200071e-01	3.41463357e+01
2.89533635e-01	3.45772555e+01
2.89867199e-01	3.50083359e+01
2.90200763e-01	3.54391875e+01
2.90534327e-01	3.58694400e+01
2.90867891e-01	3.62987974e+01
2.91201455e-01	3.67270811e+01
2.91535019e-01	3.71542511e+01
2.91868583e-01	3.75804015e+01
2.92202147e-01	3.80057316e+01
2.92535711e-01	3.84305011e+01
2.92869276e-01	3.88549789e+01
2.93202840e-01	3.92794011e+01
2.93536404e-01	3.97039480e+01
2.93869968e-01	4.01287448e+01
2.94203532e-01	4.05538837e+01
2.94537096e-01	4.09794585e+01
2.94870660e-01	4.14055985e+01
2.95204224e-01	4.18324906e+01
2.95537788e-01	4.22603791e+01
2.95871352e-01	4.26895440e+01
2.96204917e-01	4.31202604e+01
2.96538481e-01	4.35527503e+01
2.96872045e-01	4.39871375e+01
2.97205609e-01	4.44234160e+01
2.97539173e-01	4.48614381e+01
2.97872737e-01	4.53009240e+01
2.98206301e-01	4.57414875e+01
2.98539865e-01	4.61826735e+01
2.98873429e-01	4.66239965e+01
2.99206993e-01	4.70649760e+01
2.99540557e-01	4.75051631e+01
2.99874122e-01	4.79441615e+01
3.00207686e-01	4.83816445e+01
3.00541250e-01	4.88173731e+01
3.00874814e-01	4.92512162e+01
3.01208378e-01	4.96831728e+01
3.01541942e-01	5.01133857e+01
3.01875506e-01	5.05421398e+01
3.02209070e-01	5.09698346e+01
3.02542634e-01	5.13969279e+01
3.02876198e-01	5.18238556e+01
3.03209763e-01	5.22509424e+01
3.03543327e-01	5.26783229e+01
3.03876891e-01	5.31058925e+01
3.04210455e-01	5.35333014e+01
3.04544019e-01	5.39599949e+01
3.04877583e-01	5.43852905e+01
3.05211147e-01	5.48084754e+01
3.05544711e-01	5.52289052e+01
3.05878275e-01	5.56460870e+01
3.06211839e-01	5.60597363e+01
3.06545403e-01	5.64698065e+01
3.06878968e-01	5.68764910e+01
3.07212532e-01	5.72802038e+01
3.07546096e-01	5.76815398e+01
3.07879660e-01	5.80812179e+01
3.08213224e-01	5.84800075e+01
3.08546788e-01	5.88786417e+01
3.08880352e-01	5.92777229e+01
3.09213916e-01	5.96776341e+01
3.09547480e-01	6.00784666e+01
3.09881044e-01	6.04799790e+01
3.10214609e-01	6.08815957e+01
3.10548173e-01	6.12824479e+01
3.10881737e-01	6.16814516e+01
3.11215301e-01	6.20774139e+01
3.11548865e-01	6.24691524e+01
3.11882429e-01	6.28556143e+01
3.12215993e-01	6.32359802e+01
3.12549557e-01	6.36097436e+01
3.12883121e-01	6.39767553e+01
3.13216685e-01	6.43372316e+01
3.13550249e-01	6.46917221e+01
3.13883814e-01	6.50410441e+01
3.14217378e-01	6.53861902e+01
3.14550942e-01	6.57282220e+01
3.14884506e-01	6.60681637e+01
3.15218070e-01	6.64069093e+01
3.15551634e-01	6.67451524e+01
3.15885198e-01	6.70833450e+01
3.16218762e-01	6.74216827e+01
3.16552326e-01	6.77601145e+01
3.16885890e-01	6.80983703e+01
3.17219455e-01	6.84360030e+01
3.17553019e-01	6.87724409e+01
3.17886583e-01	6.91070505e+01
3.18220147e-01	6.94392043e+01
3.18553711e-01	6.97683520e+01
3.18887275e-01	7.00940847e+01
3.19220839e-01	7.04161846e+01
3.19554403e-01	7.07346505e+01
3.19887967e-01	7.10496926e+01
3.20221531e-01	7.13616967e+01
3.20555095e-01	7.16711635e+01
3.20888660e-01	7.19786316e+01
3.21222224e-01	7.22845998e+01
3.21555788e-01	7.25894614e+01
3.21889352e-01	7.28934609e+01
3.22222916e-01	7.31966807e+01
3.22556480e-01	7.34990557e+01
3.22890044e-01	7.38004118e+01
3.23223608e-01	7.41005168e+01
3.23557172e-01	7.43991331e+01
3.23890736e-01	7.46960600e+01
3.24224301e-01	7.49911591e+01
3.24557865e-01	7.52843591e+01
3.24891429e-01	7.55756422e+01
3.25224993e-01	7.58650184e+01
3.25558557e-01	7.61524958e+01
3.25892121e-01	7.64380545e+01
3.26225685e-01	7.67216301e+01
3.26559249e-01	7.70031110e+01
3.26892813e-01	7.72823502e+01
3.27226377e-01	7.75591879e+01
3.27559941e-01	7.78334824e+01
3.27893506e-01	7.81051418e+01
3.28227070e-01	7.83741501e+01
3.28560634e-01	7.86405808e+01
3.28894198e-01	7.89045929e+01
3.29227762e-01	7.91664083e+01
3.29561326e-01	7.94262721e+01
3.29894890e-01	7.96844047e+01
3.30228454e-01	7.99409540e+01
3.30562018e-01	8.01959575e+01
3.30895582e-01	8.04493234e+01
3.31229147e-01	8.07008309e+01
3.31562711e-01	8.09501506e+01
3.31896275e-01	8.11968773e+01
3.32229839e-01	8.14405698e+01
3.32563403e-01	8.16807926e+01
3.32896967e-01	8.19171557e+01
3.33230531e-01	8.21493519e+01
3.33564095e-01	8.23771927e+01
3.33897659e-01	8.26004002e+01
