-8.00553828e-03	-0.00000000e+00
-7.67197419e-03	-5.44041046e-04
-7.33841009e-03	-1.87965825e-03
-7.00484600e-03	-4.99942535e-03
-6.67128190e-03	-1.21437063e-02
-6.33771781e-03	-2.78288599e-02
-6.00415371e-03	-6.09398504e-02
-5.67058962e-03	-1.28164376e-01
-5.33702552e-03	-2.59344999e-01
-5.00346143e-03	-5.05419220e-01
-4.66989733e-03	-9.49074677e-01
-4.33633324e-03	-1.71783797e+00
-4.00276914e-03	-2.99798965e+00
-3.66920505e-03	-5.04637211e+00
-3.33564095e-03	-8.19548800e+00
-3.00207686e-03	-1.28463094e+01
-2.66851276e-03	-1.94434533e+01
-2.33494867e-03	-2.84295014e+01
-2.00138457e-03	-4.01796646e+01
-1.66782048e-03	-5.49238790e+01
-1.33425638e-03	-7.26696153e+01
-1.00069229e-03	-9.31427869e+01
-6.67128190e-04	-1.15764336e+02
-3.33564095e-04	-1.39674972e+02
1.85165269e-18	-1.63810862e+02
3.33564095e-04	-1.87020951e+02
6.67128190e-04	-2.08205725e+02
1.00069229e-03	-2.26451007e+02
1.33425638e-03	-2.41131025e+02
1.66782048e-03	-2.51962338e+02
2.00138457e-03	-2.59001954e+02
2.33494867e-03	-2.62595538e+02
2.66851276e-03	-2.63291202e+02
3.00207686e-03	-2.61739070e+02
3.33564095e-03	-2.58595868e+02
3.66920505e-03	-2.54448837e+02
4.00276914e-03	-2.49766320e+02
4.33633324e-03	-2.44875833e+02
4.66989733e-03	-2.39965567e+02
5.00346143e-03	-2.35102829e+02
5.33702552e-03	-2.30262434e+02
5.67058962e-03	-2.25358923e+02
6.00415371e-03	-2.20277886e+02
6.33771781e-03	-2.14903159e+02
6.67128190e-03	-2.09137895e+02
7.00484600e-03	-2.02918580e+02
7.33841009e-03	-1.96221918e+02
7.67197419e-03	-1.89065297e+02
8.00553828e-03	-1.81502218e+02
8.33910238e-03	-1.73614543e+02
8.67266648e-03	-1.65503644e+02
9.00623057e-03	-1.57282322e+02
9.33979467e-03	-1.49068878e+02
9.67335876e-03	-1.40983880e+02
1.00069229e-02	-1.33149260e+02
1.03404870e-02	-1.25688600e+02
1.06740510e-02	-1.18727019e+02
1.10076151e-02	-1.12389097e+02
1.13411792e-02	-1.06793838e+02
1.16747433e-02	-1.02046607e+02
1.20083074e-02	-9.82290086e+01
1.23418715e-02	-9.53885726e+01
1.26754356e-02	-9.35305180e+01
1.30089997e-02	-9.26136451e+01
1.33425638e-02	-9.25516120e+01
1.36761279e-02	-9.32197110e+01
1.40096920e-02	-9.44660813e+01
1.43432561e-02	-9.61254824e+01
1.46768202e-02	-9.80334451e+01
1.50103843e-02	-1.00038895e+02
1.53439484e-02	-1.02013964e+02
1.56775125e-02	-1.03860449e+02
1.60110766e-02	-1.05512921e+02
1.63446407e-02	-1.06938810e+02
1.66782048e-02	-1.08135828e+02
1.70117689e-02	-1.09127051e+02
1.73453330e-02	-1.09954049e+02
1.76788970e-02	-1.10668549e+02
1.80124611e-02	-1.11323401e+02
1.83460252e-02	-1.11963782e+02
1.86795893e-02	-1.12619659e+02
1.90131534e-02	-1.13300341e+02
1.93467175e-02	-1.13991730e+02
1.96802816e-02	-1.14656470e+02
2.00138457e-02	-1.15236929e+02
2.03474098e-02	-1.15660646e+02
2.06809739e-02	-1.15847659e+02
2.10145380e-02	-1.15718942e+02
2.13481021e-02	-1.15205005e+02
2.16816662e-02	-1.14253658e+02
2.20152303e-02	-1.12836044e+02
2.23487944e-02	-1.10950324e+02
2.26823585e-02	-1.08622791e+02
2.30159226e-02	-1.05906615e+02
2.33494867e-02	-1.02878665e+02
2.36830508e-02	-9.96349502e+01
2.40166149e-02	-9.62851149e+01
2.43501789e-02	-9.29462321e+01
2.46837430e-02	-8.97360152e+01
2.50173071e-02	-8.67655821e+01
2.53508712e-02	-8.41320873e+01
2.56844353e-02	-8.19118137e+01
2.60179994e-02	-8.01545647e+01
2.63515635e-02	-7.88802930e+01
2.66851276e-02	-7.80787393e+01
2.70186917e-02	-7.77124452e+01
2.73522558e-02	-7.77229035e+01
2.76858199e-02	-7.80389816e+01
2.80193840e-02	-7.85862526e+01
2.83529481e-02	-7.92956624e+01
2.86865122e-02	-8.01100914e+01
2.90200763e-02	-8.09878367e+01
2.93536404e-02	-8.19027196e+01
2.96872045e-02	-8.28412474e+01
3.00207686e-02	-8.37978579e+01
3.03543327e-02	-8.47695936e+01
3.06878968e-02	-8.57515307e+01
3.10214609e-02	-8.67339343e+01
3.13550249e-02	-8.77015530e+01
3.16885890e-02	-8.86348535e+01
3.20221531e-02	-8.95125242e+01
3.23557172e-02	-9.03143499e+01
3.26892813e-02	-9.10236249e+01
3.30228454e-02	-9.16285588e+01
3.33564095e-02	-9.21225309e+01
3.36899736e-02	-9.25034018e+01
3.40235377e-02	-9.27723271e+01
3.43571018e-02	-9.29325481e+01
3.46906659e-02	-9.29885247e+01
3.50242300e-02	-9.29455626e+01
3.53577941e-02	-9.28098811e+01
3.56913582e-02	-9.25889119e+01
3.60249223e-02	-9.22915719e+01
3.63584864e-02	-9.19282816e+01
3.66920505e-02	-9.15106063e+01
3.70256146e-02	-9.10505256e+01
3.73591787e-02	-9.05594678e+01
3.76927428e-02	-9.00473378e+01
3.80263069e-02	-8.95218036e+01
3.83598709e-02	-8.89880626e+01
3.86934350e-02	-8.84491928e+01
3.90269991e-02	-8.79070254e+01
3.93605632e-02	-8.73633167e+01
3.96941273e-02	-8.68208856e+01
4.00276914e-02	-8.62843810e+01
4.03612555e-02	-8.57604443e+01
4.06948196e-02	-8.52572120e+01
4.10283837e-02	-8.47833028e+01
4.13619478e-02	-8.43465746e+01
4.16955119e-02	-8.39529893e+01
4.20290760e-02	-8.36058608e+01
4.23626401e-02	-8.33056365e+01
4.26962042e-02	-8.30501968e+01
4.30297683e-02	-8.28355317e+01
4.33633324e-02	-8.26565743e+01
4.36968965e-02	-8.25079682e+01
4.40304606e-02	-8.23845976e+01
4.43640247e-02	-8.22818131e+01
4.46975888e-02	-8.21953857e+01
4.50311529e-02	-8.21213182e+01
4.53647169e-02	-8.20556788e+01
4.56982810e-02	-8.19946082e+01
4.60318451e-02	-8.19345717e+01
4.63654092e-02	-8.18728283e+01
4.66989733e-02	-8.18079890e+01
4.70325374e-02	-8.17404903e+01
4.73661015e-02	-8.16728183e+01
4.76996656e-02	-8.16093876e+01
4.80332297e-02	-8.15560714e+01
4.83667938e-02	-8.15194597e+01
4.87003579e-02	-8.15059810e+01
4.90339220e-02	-8.15210291e+01
4.93674861e-02	-8.15682297e+01
4.97010502e-02	-8.16489489e+01
5.00346143e-02	-8.17621230e+01
5.03681784e-02	-8.19044431e+01
5.07017425e-02	-8.20708852e+01
5.10353066e-02	-8.22555043e+01
5.13688707e-02	-8.24523564e+01
5.17024348e-02	-8.26563638e+01
5.20359989e-02	-8.28639438e+01
5.23695629e-02	-8.30732690e+01
5.27031270e-02	-8.32841158e+01
5.30366911e-02	-8.34973558e+01
5.33702552e-02	-8.37142251e+01
5.37038193e-02	-8.39355416e+01
5.40373834e-02	-8.41610304e+01
5.43709475e-02	-8.43888717e+01
5.47045116e-02	-8.46155232e+01
5.50380757e-02	-8.48358181e+01
5.53716398e-02	-8.50433036e+01
5.57052039e-02	-8.52307667e+01
5.60387680e-02	-8.53908888e+01
5.63723321e-02	-8.55169665e+01
5.67058962e-02	-8.56036240e+01
5.70394603e-02	-8.56474415e+01
5.73730244e-02	-8.56474090e+01
5.77065885e-02	-8.56051306e+01
5.80401526e-02	-8.55247240e+01
5.83737167e-02	-8.54124120e+01
5.87072808e-02	-8.52758534e+01
5.90408449e-02	-8.51233190e+01
5.93744089e-02	-8.49628443e+01
5.97079730e-02	-8.48014954e+01
6.00415371e-02	-8.46448498e+01
6.03751012e-02	-8.44967475e+01
6.07086653e-02	-8.43593104e+01
6.10422294e-02	-8.42331850e+01
6.13757935e-02	-8.41179283e+01
6.17093576e-02	-8.40124482e+01
6.20429217e-02	-8.39154122e+01
6.23764858e-02	-8.38255596e+01
6.27100499e-02	-8.37418786e+01
6.30436140e-02	-8.36636440e+01
6.33771781e-02	-8.35903456e+01
6.37107422e-02	-8.35215636e+01
6.40443063e-02	-8.34568644e+01
6.43778704e-02	-8.33957839e+01
6.47114345e-02	-8.33379412e+01
6.50449986e-02	-8.32832849e+01
6.53785627e-02	-8.32324315e+01
6.57121268e-02	-8.31870124e+01
6.60456908e-02	-8.31499335e+01
6.63792549e-02	-8.31254485e+01
6.67128190e-02	-8.31189833e+01
6.70463831e-02	-8.31366929e+01
6.73799472e-02	-8.31847829e+01
6.77135113e-02	-8.32686756e+01
6.80470754e-02	-8.33921327e+01
6.83806395e-02	-8.35564640e+01
6.87142036e-02	-8.37599508e+01
6.90477677e-02	-8.39975919e+01
6.93813318e-02	-8.42612382e+01
6.97148959e-02	-8.45401307e+01
7.00484600e-02	-8.48217941e+01
7.03820241e-02	-8.50931856e+01
7.07155882e-02	-8.53419507e+01
7.10491523e-02	-8.55576190e+01
7.13827164e-02	-8.57325748e+01
7.17162805e-02	-8.58626755e+01
7.20498446e-02	-8.59474369e+01
7.23834087e-02	-8.59897744e+01
7.27169728e-02	-8.59953429e+01
7.30505368e-02	-8.59715776e+01
7.33841009e-02	-8.59265740e+01
7.37176650e-02	-8.58679622e+01
7.40512291e-02	-8.58019297e+01
7.43847932e-02	-8.57325199e+01
7.47183573e-02	-8.56612960e+01
7.50519214e-02	-8.55874060e+01
7.53854855e-02	-8.55080353e+01
7.57190496e-02	-8.54191703e+01
7.60526137e-02	-8.53165630e+01
7.63861778e-02	-8.51967452e+01
7.67197419e-02	-8.50579450e+01
7.70533060e-02	-8.49007553e+01
7.73868701e-02	-8.47284448e+01
7.77204342e-02	-8.45468401e+01
7.80539983e-02	-8.43637762e+01
7.83875624e-02	-8.41881777e+01
7.87211265e-02	-8.40289022e+01
7.90546906e-02	-8.38935310e+01
7.93882547e-02	-8.37873094e+01
7.97218188e-02	-8.37124331e+01
8.00553828e-02	-8.36678134e+01
8.03889469e-02	-8.36493735e+01
8.07225110e-02	-8.36508167e+01
8.10560751e-02	-8.36647100e+01
8.13896392e-02	-8.36836577e+01
8.17232033e-02	-8.37013195e+01
8.20567674e-02	-8.37130689e+01
8.23903315e-02	-8.37161760e+01
8.27238956e-02	-8.37095184e+01
8.30574597e-02	-8.36929378e+01
8.33910238e-02	-8.36664490e+01
8.37245879e-02	-8.36295358e+01
8.40581520e-02	-8.35807388e+01
8.43917161e-02	-8.35176505e+01
8.47252802e-02	-8.34373161e+01
8.50588443e-02	-8.33369142e+01
8.53924084e-02	-8.32145150e+01
8.57259725e-02	-8.30696862e+01
8.60595366e-02	-8.29037621e+01
8.63931007e-02	-8.27196936e+01
8.67266648e-02	-8.25215154e+01
8.70602288e-02	-8.23135853e+01
8.73937929e-02	-8.20998061e+01
8.77273570e-02	-8.18830414e+01
8.80609211e-02	-8.16648642e+01
8.83944852e-02	-8.14456721e+01
8.87280493e-02	-8.12250899e+01
8.90616134e-02	-8.10024996e+01
8.93951775e-02	-8.07775205e+01
8.97287416e-02	-8.05502916e+01
9.00623057e-02	-8.03214988e+01
9.03958698e-02	-8.00921793e+01
9.07294339e-02	-7.98634151e+01
9.10629980e-02	-7.96360566e+01
9.13965621e-02	-7.94105982e+01
9.17301262e-02	-7.91872667e+01
9.20636903e-02	-7.89663042e+01
9.23972544e-02	-7.87483566e+01
9.27308185e-02	-7.85348360e+01
9.30643826e-02	-7.83281316e+01
9.33979467e-02	-7.81315824e+01
9.37315108e-02	-7.79491928e+01
9.40650748e-02	-7.77851389e+01
9.43986389e-02	-7.76431618e+01
9.47322030e-02	-7.75259713e+01
9.50657671e-02	-7.74347720e+01
9.53993312e-02	-7.73689912e+01
9.57328953e-02	-7.73262455e+01
9.60664594e-02	-7.73025264e+01
9.64000235e-02	-7.72925603e+01
9.67335876e-02	-7.72902739e+01
9.70671517e-02	-7.72893026e+01
9.74007158e-02	-7.72834859e+01
9.77342799e-02	-7.72673130e+01
9.80678440e-02	-7.72362929e+01
9.84014081e-02	-7.71872342e+01
9.87349722e-02	-7.71184180e+01
9.90685363e-02	-7.70296501e+01
9.94021004e-02	-7.69221787e+01
9.97356645e-02	-7.67984742e+01
1.00069229e-01	-7.66618900e+01
1.00402793e-01	-7.65162404e+01
1.00736357e-01	-7.63653569e+01
1.01069921e-01	-7.62126917e+01
1.01403485e-01	-7.60610307e+01
1.01737049e-01	-7.59123573e+01
1.02070613e-01	-7.57678746e+01
1.02404177e-01	-7.56281543e+01
1.02737741e-01	-7.54933574e+01
1.03071305e-01	-7.53634583e+01
1.03404870e-01	-7.52384146e+01
1.03738434e-01	-7.51182504e+01
1.04071998e-01	-7.50030458e+01
1.04405562e-01	-7.48928559e+01
1.04739126e-01	-7.47875950e+01
1.05072690e-01	-7.46869268e+01
1.05406254e-01	-7.45901920e+01
1.05739818e-01	-7.44963902e+01
1.06073382e-01	-7.44042162e+01
1.06406946e-01	-7.43121430e+01
1.06740510e-01	-7.42185335e+01
1.07074075e-01	-7.41217662e+01
1.07407639e-01	-7.40203528e+01
1.07741203e-01	-7.39130368e+01
1.08074767e-01	-7.37988608e+01
1.08408331e-01	-7.36772025e+01
1.08741895e-01	-7.35477821e+01
1.09075459e-01	-7.34106529e+01
1.09409023e-01	-7.32661837e+01
1.09742587e-01	-7.31150379e+01
1.10076151e-01	-7.29581485e+01
1.10409716e-01	-7.27966814e+01
1.10743280e-01	-7.26319769e+01
1.11076844e-01	-7.24654668e+01
1.11410408e-01	-7.22985729e+01
1.11743972e-01	-7.21326052e+01
1.12077536e-01	-7.19686793e+01
1.12411100e-01	-7.18076673e+01
1.12744664e-01	-7.16501809e+01
1.13078228e-01	-7.14965748e+01
1.13411792e-01	-7.13469431e+01
1.13745356e-01	-7.12010884e+01
1.14078921e-01	-7.10584571e+01
1.14412485e-01	-7.09180522e+01
1.14746049e-01	-7.07783592e+01
1.15079613e-01	-7.06373246e+01
1.15413177e-01	-7.04924190e+01
1.15746741e-01	-7.03407965e+01
1.16080305e-01	-7.01795358e+01
1.16413869e-01	-7.00059243e+01
1.16747433e-01	-6.98177368e+01
1.17080997e-01	-6.96134601e+01
1.17414562e-01	-6.93924272e+01
1.17748126e-01	-6.91548445e+01
1.18081690e-01	-6.89017209e+01
1.18415254e-01	-6.86347229e+01
1.18748818e-01	-6.83559930e+01
1.19082382e-01	-6.80679694e+01
1.19415946e-01	-6.77732403e+01
1.19749510e-01	-6.74744493e+01
1.20083074e-01	-6.71742535e+01
1.20416638e-01	-6.68753151e+01
1.20750202e-01	-6.65803003e+01
1.21083767e-01	-6.62918540e+01
1.21417331e-01	-6.60125347e+01
1.21750895e-01	-6.57447088e+01
1.22084459e-01	-6.54904197e+01
1.22418023e-01	-6.52512598e+01
1.22751587e-01	-6.50282713e+01
1.23085151e-01	-6.48218953e+01
1.23418715e-01	-6.46319760e+01
1.23752279e-01	-6.44578125e+01
1.24085843e-01	-6.42982428e+01
1.24419408e-01	-6.41517402e+01
1.24752972e-01	-6.40165082e+01
1.25086536e-01	-6.38905623e+01
1.25420100e-01	-6.37717955e+01
1.25753664e-01	-6.36580256e+01
1.26087228e-01	-6.35470315e+01
1.26420792e-01	-6.34365879e+01
1.26754356e-01	-6.33245110e+01
1.27087920e-01	-6.32087246e+01
1.27421484e-01	-6.30873483e+01
1.27755048e-01	-6.29587969e+01
1.28088613e-01	-6.28218737e+01
1.28422177e-01	-6.26758383e+01
1.28755741e-01	-6.25204325e+01
1.29089305e-01	-6.23558667e+01
1.29422869e-01	-6.21827771e+01
1.29756433e-01	-6.20021762e+01
1.30089997e-01	-6.18154096e+01
1.30423561e-01	-6.16241184e+01
1.30757125e-01	-6.14301893e+01
1.31090689e-01	-6.12356662e+01
1.31424254e-01	-6.10426050e+01
1.31757818e-01	-6.08528764e+01
1.32091382e-01	-6.06679486e+01
1.32424946e-01	-6.04887035e+01
1.32758510e-01	-6.03153383e+01
1.33092074e-01	-6.01473864e+01
1.33425638e-01	-5.99838524e+01
1.33759202e-01	-5.98234222e+01
1.34092766e-01	-5.96646864e+01
1.34426330e-01	-5.95063220e+01
1.34759894e-01	-5.93471972e+01
1.35093459e-01	-5.91864023e+01
1.35427023e-01	-5.90232308e+01
1.35760587e-01	-5.88571513e+01
1.36094151e-01	-5.86877945e+01
1.36427715e-01	-5.85149645e+01
1.36761279e-01	-5.83386588e+01
1.37094843e-01	-5.81590709e+01
1.37428407e-01	-5.79765547e+01
1.37761971e-01	-5.77915486e+01
1.38095535e-01	-5.76044771e+01
1.38429100e-01	-5.74156626e+01
1.38762664e-01	-5.72252797e+01
1.39096228e-01	-5.70333701e+01
1.39429792e-01	-5.68399161e+01
1.39763356e-01	-5.66449505e+01
1.40096920e-01	-5.64486676e+01
1.40430484e-01	-5.62515010e+01
1.40764048e-01	-5.60541454e+01
1.41097612e-01	-5.58575172e+01
1.41431176e-01	-5.56626674e+01
1.41764740e-01	-5.54706737e+01
1.42098305e-01	-5.52825348e+01
1.42431869e-01	-5.50990890e+01
1.42765433e-01	-5.49209610e+01
1.43098997e-01	-5.47485365e+01
1.43432561e-01	-5.45819535e+01
1.43766125e-01	-5.44211019e+01
1.44099689e-01	-5.42656260e+01
1.44433253e-01	-5.41149319e+01
1.44766817e-01	-5.39682050e+01
1.45100381e-01	-5.38244419e+01
1.45433946e-01	-5.36824943e+01
1.45767510e-01	-5.35411173e+01
1.46101074e-01	-5.33990122e+01
1.46434638e-01	-5.32548584e+01
1.46768202e-01	-5.31073369e+01
1.47101766e-01	-5.29551571e+01
1.47435330e-01	-5.27971003e+01
1.47768894e-01	-5.26320915e+01
1.48102458e-01	-5.24592991e+01
1.48436022e-01	-5.22782485e+01
1.48769586e-01	-5.20889268e+01
1.49103151e-01	-5.18918508e+01
1.49436715e-01	-5.16880789e+01
1.49770279e-01	-5.14791609e+01
1.50103843e-01	-5.12670349e+01
1.50437407e-01	-5.10538941e+01
1.50770971e-01	-5.08420443e+01
1.51104535e-01	-5.06337721e+01
1.51438099e-01	-5.04312325e+01
1.51771663e-01	-5.02363581e+01
1.52105227e-01	-5.00507815e+01
1.52438792e-01	-4.98757656e+01
1.52772356e-01	-4.97121389e+01
1.53105920e-01	-4.95602390e+01
1.53439484e-01	-4.94198772e+01
1.53773048e-01	-4.92903365e+01
1.54106612e-01	-4.91704147e+01
1.54440176e-01	-4.90585152e+01
1.54773740e-01	-4.89527786e+01
1.55107304e-01	-4.88512372e+01
1.55440868e-01	-4.87519701e+01
1.55774432e-01	-4.86532349e+01
1.56107997e-01	-4.85535605e+01
1.56441561e-01	-4.84517979e+01
1.56775125e-01	-4.83471352e+01
1.57108689e-01	-4.82390909e+01
1.57442253e-01	-4.81274987e+01
1.57775817e-01	-4.80124883e+01
1.58109381e-01	-4.78944611e+01
1.58442945e-01	-4.77740532e+01
1.58776509e-01	-4.76520773e+01
1.59110073e-01	-4.75294440e+01
1.59443638e-01	-4.74070656e+01
1.59777202e-01	-4.72857600e+01
1.60110766e-01	-4.71661668e+01
1.60444330e-01	-4.70486901e+01
1.60777894e-01	-4.69334720e+01
1.61111458e-01	-4.68203937e+01
1.61445022e-01	-4.67091020e+01
1.61778586e-01	-4.65990559e+01
1.62112150e-01	-4.64895946e+01
1.62445714e-01	-4.63800239e+01
1.62779278e-01	-4.62697177e+01
1.63112843e-01	-4.61582233e+01
1.63446407e-01	-4.60453511e+01
1.63779971e-01	-4.59312275e+01
1.64113535e-01	-4.58162950e+01
1.64447099e-01	-4.57012528e+01
1.64780663e-01	-4.55869491e+01
1.65114227e-01	-4.54742470e+01
1.65447791e-01	-4.53638914e+01
1.65781355e-01	-4.52564013e+01
1.66114919e-01	-4.51520015e+01
1.66448484e-01	-4.50505968e+01
1.66782048e-01	-4.49517810e+01
1.67115612e-01	-4.48548744e+01
1.67449176e-01	-4.47589793e+01
1.67782740e-01	-4.46630545e+01
1.68116304e-01	-4.45660026e+01
1.68449868e-01	-4.44667660e+01
1.68783432e-01	-4.43644210e+01
1.69116996e-01	-4.42582553e+01
1.69450560e-01	-4.41478150e+01
1.69784124e-01	-4.40329152e+01
1.70117689e-01	-4.39136160e+01
1.70451253e-01	-4.37901781e+01
1.70784817e-01	-4.36630163e+01
1.71118381e-01	-4.35326669e+01
1.71451945e-01	-4.33997751e+01
1.71785509e-01	-4.32650955e+01
1.72119073e-01	-4.31294928e+01
1.72452637e-01	-4.29939268e+01
1.72786201e-01	-4.28594123e+01
1.73119765e-01	-4.27269519e+01
1.73453330e-01	-4.25974506e+01
1.73786894e-01	-4.24716256e+01
1.74120458e-01	-4.23499300e+01
1.74454022e-01	-4.22325031e+01
1.74787586e-01	-4.21191562e+01
1.75121150e-01	-4.20093959e+01
1.75454714e-01	-4.19024815e+01
1.75788278e-01	-4.17975072e+01
1.76121842e-01	-4.16934971e+01
1.76455406e-01	-4.15894949e+01
1.76788970e-01	-4.14846333e+01
1.77122535e-01	-4.13781720e+01
1.77456099e-01	-4.12694998e+01
1.77789663e-01	-4.11581093e+01
1.78123227e-01	-4.10435577e+01
1.78456791e-01	-4.09254333e+01
1.78790355e-01	-4.08033414e+01
1.79123919e-01	-4.06769170e+01
1.79457483e-01	-4.05458595e+01
1.79791047e-01	-4.04099804e+01
1.80124611e-01	-4.02692501e+01
1.80458176e-01	-4.01238351e+01
1.80791740e-01	-3.99741197e+01
1.81125304e-01	-3.98207159e+01
1.81458868e-01	-3.96644640e+01
1.81792432e-01	-3.95064283e+01
1.82125996e-01	-3.93478820e+01
1.82459560e-01	-3.91902769e+01
1.82793124e-01	-3.90351860e+01
1.83126688e-01	-3.88842168e+01
1.83460252e-01	-3.87388944e+01
1.83793816e-01	-3.86005256e+01
1.84127381e-01	-3.84700611e+01
1.84460945e-01	-3.83479790e+01
1.84794509e-01	-3.82342102e+01
1.85128073e-01	-3.81281235e+01
1.85461637e-01	-3.80285790e+01
1.85795201e-01	-3.79340444e+01
1.86128765e-01	-3.78427581e+01
1.86462329e-01	-3.77529131e+01
1.86795893e-01	-3.76628305e+01
1.87129457e-01	-3.75710932e+01
1.87463022e-01	-3.74766230e+01
1.87796586e-01	-3.73786922e+01
1.88130150e-01	-3.72768832e+01
1.88463714e-01	-3.71710146e+01
1.88797278e-01	-3.70610658e+01
1.89130842e-01	-3.69471211e+01
1.89464406e-01	-3.68293487e+01
1.89797970e-01	-3.67080106e+01
1.90131534e-01	-3.65834913e+01
1.90465098e-01	-3.64563254e+01
1.90798662e-01	-3.63272057e+01
1.91132227e-01	-3.61969614e+01
1.91465791e-01	-3.60665061e+01
1.91799355e-01	-3.59367647e+01
1.92132919e-01	-3.58085928e+01
1.92466483e-01	-3.56827040e+01
1.92800047e-01	-3.55596135e+01
1.93133611e-01	-3.54396035e+01
1.93467175e-01	-3.53227109e+01
1.93800739e-01	-3.52087319e+01
1.94134303e-01	-3.50972432e+01
1.94467868e-01	-3.49876354e+01
1.94801432e-01	-3.48791606e+01
1.95134996e-01	-3.47709911e+01
1.95468560e-01	-3.46622866e+01
1.95802124e-01	-3.45522669e+01
1.96135688e-01	-3.44402795e+01
1.96469252e-01	-3.43258580e+01
1.96802816e-01	-3.42087617e+01
1.97136380e-01	-3.40889902e+01
1.97469944e-01	-3.39667723e+01
1.97803508e-01	-3.38425296e+01
1.98137073e-01	-3.37168204e+01
1.98470637e-01	-3.35902730e+01
1.98804201e-01	-3.34635144e+01
1.99137765e-01	-3.33371056e+01
1.99471329e-01	-3.32114883e+01
1.99804893e-01	-3.30869467e+01
2.00138457e-01	-3.29635888e+01
2.00472021e-01	-3.28413436e+01
2.00805585e-01	-3.27199725e+01
2.01139149e-01	-3.25990915e+01
2.01472713e-01	-3.24781988e+01
2.01806278e-01	-3.23567071e+01
2.02139842e-01	-3.22339789e+01
2.02473406e-01	-3.21093648e+01
2.02806970e-01	-3.19822454e+01
2.03140534e-01	-3.18520772e+01
2.03474098e-01	-3.17184423e+01
2.03807662e-01	-3.15811000e+01
2.04141226e-01	-3.14400359e+01
2.04474790e-01	-3.12955007e+01
2.04808354e-01	-3.11480274e+01
2.05141919e-01	-3.09984171e+01
2.05475483e-01	-3.08476856e+01
2.05809047e-01	-3.06969713e+01
2.06142611e-01	-3.05474117e+01
2.06476175e-01	-3.04000072e+01
2.06809739e-01	-3.02554927e+01
2.07143303e-01	-3.01142406e+01
2.07476867e-01	-2.99762098e+01
2.07810431e-01	-2.98409470e+01
2.08143995e-01	-2.97076361e+01
2.08477559e-01	-2.95751824e+01
2.08811124e-01	-2.94423179e+01
2.09144688e-01	-2.93077116e+01
2.09478252e-01	-2.91700786e+01
2.09811816e-01	-2.90282771e+01
2.10145380e-01	-2.88813914e+01
2.10478944e-01	-2.87287917e+01
2.10812508e-01	-2.85701667e+01
2.11146072e-01	-2.84055217e+01
2.11479636e-01	-2.82351427e+01
2.11813200e-01	-2.80595303e+01
2.12146765e-01	-2.78793131e+01
2.12480329e-01	-2.76951579e+01
2.12813893e-01	-2.75076911e+01
2.13147457e-01	-2.73174470e+01
2.13481021e-01	-2.71248512e+01
2.13814585e-01	-2.69302416e+01
2.14148149e-01	-2.67339185e+01
2.14481713e-01	-2.65362115e+01
2.14815277e-01	-2.63375434e+01
2.15148841e-01	-2.61384716e+01
2.15482405e-01	-2.59396908e+01
2.15815970e-01	-2.57419903e+01
2.16149534e-01	-2.55461678e+01
2.16483098e-01	-2.53529181e+01
2.16816662e-01	-2.51627197e+01
2.17150226e-01	-2.49757483e+01
2.17483790e-01	-2.47918372e+01
2.17817354e-01	-2.46104946e+01
2.18150918e-01	-2.44309719e+01
2.18484482e-01	-2.42523642e+01
2.18818046e-01	-2.40737174e+01
2.19151611e-01	-2.38941188e+01
2.19485175e-01	-2.37127562e+01
2.19818739e-01	-2.35289438e+01
2.20152303e-01	-2.33421245e+01
2.20485867e-01	-2.31518620e+01
2.20819431e-01	-2.29578415e+01
2.21152995e-01	-2.27598829e+01
2.21486559e-01	-2.25579694e+01
2.21820123e-01	-2.23522783e+01
2.22153687e-01	-2.21432020e+01
2.22487251e-01	-2.19313444e+01
2.22820816e-01	-2.17174866e+01
2.23154380e-01	-2.15025211e+01
2.23487944e-01	-2.12873653e+01
2.23821508e-01	-2.10728679e+01
2.24155072e-01	-2.08597258e+01
2.24488636e-01	-2.06484278e+01
2.24822200e-01	-2.04392334e+01
2.25155764e-01	-2.02321906e+01
2.25489328e-01	-2.00271817e+01
2.25822892e-01	-1.98239841e+01
2.26156457e-01	-1.96223267e+01
2.26490021e-01	-1.94219259e+01
2.26823585e-01	-1.92224961e+01
2.27157149e-01	-1.90237349e+01
2.27490713e-01	-1.88252980e+01
2.27824277e-01	-1.86267776e+01
2.28157841e-01	-1.84276977e+01
2.28491405e-01	-1.82275342e+01
2.28824969e-01	-1.80257549e+01
2.29158533e-01	-1.78218706e+01
2.29492097e-01	-1.76154827e+01
2.29825662e-01	-1.74063179e+01
2.30159226e-01	-1.71942407e+01
2.30492790e-01	-1.69792469e+01
2.30826354e-01	-1.67614399e+01
2.31159918e-01	-1.65409990e+01
2.31493482e-01	-1.63181458e+01
2.31827046e-01	-1.60931148e+01
2.32160610e-01	-1.58661337e+01
2.32494174e-01	-1.56374141e+01
2.32827738e-01	-1.54071518e+01
2.33161303e-01	-1.51755325e+01
2.33494867e-01	-1.49427381e+01
2.33828431e-01	-1.47089451e+01
2.34161995e-01	-1.44743133e+01
2.34495559e-01	-1.42389628e+01
2.34829123e-01	-1.40029444e+01
2.35162687e-01	-1.37662109e+01
2.35496251e-01	-1.35286000e+01
2.35829815e-01	-1.32898344e+01
2.36163379e-01	-1.30495446e+01
2.36496943e-01	-1.28073114e+01
2.36830508e-01	-1.25627233e+01
2.37164072e-01	-1.23154362e+01
2.37497636e-01	-1.20652288e+01
2.37831200e-01	-1.18120417e+01
2.38164764e-01	-1.15559993e+01
2.38498328e-01	-1.12974108e+01
2.38831892e-01	-1.10367548e+01
2.39165456e-01	-1.07746482e+01
2.39499020e-01	-1.05118041e+01
2.39832584e-01	-1.02489769e+01
2.40166149e-01	-9.98689753e+00
2.40499713e-01	-9.72620099e+00
2.40833277e-01	-9.46735086e+00
2.41166841e-01	-9.21057168e+00
2.41500405e-01	-8.95580061e+00
2.41833969e-01	-8.70266986e+00
2.42167533e-01	-8.45052705e+00
2.42501097e-01	-8.19849319e+00
2.42834661e-01	-7.94555044e+00
2.43168225e-01	-7.69064574e+00
2.43501789e-01	-7.43279453e+00
2.43835354e-01	-7.17117129e+00
2.44168918e-01	-6.90517825e+00
2.44502482e-01	-6.63448972e+00
2.44836046e-01	-6.35907339e+00
2.45169610e-01	-6.07919127e+00
2.45503174e-01	-5.79538204e+00
2.45836738e-01	-5.50842478e+00
2.46170302e-01	-5.21928307e+00
2.46503866e-01	-4.92902941e+00
2.46837430e-01	-4.63875320e+00
2.47170995e-01	-4.34946012e+00
2.47504559e-01	-4.06197548e+00
2.47838123e-01	-3.77686664e+00
2.48171687e-01	-3.49439919e+00
2.48505251e-01	-3.21453644e+00
2.48838815e-01	-2.93698399e+00
2.49172379e-01	-2.66127143e+00
2.49505943e-01	-2.38685467e+00
2.49839507e-01	-2.11321765e+00
2.50173071e-01	-1.83995281e+00
2.50506635e-01	-1.56680535e+00
2.50840200e-01	-1.29367588e+00
2.51173764e-01	-1.02058620e+00
2.51507328e-01	-7.47621016e-01
2.51840892e-01	-4.74862513e-01
2.52174456e-01	-2.02334407e-01
2.52508020e-01	7.00323220e-02
2.52841584e-01	3.42405870e-01
2.53175148e-01	6.15033070e-01
2.53508712e-01	8.88198733e-01
2.53842276e-01	1.16217592e+00
2.54175841e-01	1.43717960e+00
2.54509405e-01	1.71333452e+00
2.54842969e-01	1.99066344e+00
2.55176533e-01	2.26909536e+00
2.55510097e-01	2.54848736e+00
2.55843661e-01	2.82865003e+00
2.56177225e-01	3.10936681e+00
2.56510789e-01	3.39040221e+00
2.56844353e-01	3.67150017e+00
2.57177917e-01	3.95237997e+00
2.57511481e-01	4.23273916e+00
2.57845046e-01	4.51227062e+00
2.58178610e-01	4.79069498e+00
2.58512174e-01	5.06780227e+00
2.58845738e-01	5.34349194e+00
2.59179302e-01	5.61779970e+00
2.59512866e-01	5.89090346e+00
2.59846430e-01	6.16310725e+00
2.60179994e-01	6.43480789e+00
2.60513558e-01	6.70645346e+00
2.60847122e-01	6.97850282e+00
2.61180687e-01	7.25139306e+00
2.61514251e-01	7.52551829e+00
2.61847815e-01	7.80121946e+00
2.62181379e-01	8.07878240e+00
2.62514943e-01	8.35843996e+00
2.62848507e-01	8.64037333e+00
2.63182071e-01	8.92470844e+00
2.63515635e-01	9.21150500e+00
2.63849199e-01	9.50073858e+00
2.64182763e-01	9.79227997e+00
2.64516327e-01	1.00858791e+01
2.64849892e-01	1.03811623e+01
2.65183456e-01	1.06776497e+01
2.65517020e-01	1.09747959e+01
2.65850584e-01	1.12720494e+01
2.66184148e-01	1.15689220e+01
2.66517712e-01	1.18650547e+01
2.66851276e-01	1.21602662e+01
2.67184840e-01	1.24545749e+01
2.67518404e-01	1.27481900e+01
2.67851968e-01	1.30414737e+01
2.68185533e-01	1.33348823e+01
2.68519097e-01	1.36288969e+01
2.68852661e-01	1.39239553e+01
2.69186225e-01	1.42203956e+01
2.69519789e-01	1.45184174e+01
2.69853353e-01	1.48180661e+01
2.70186917e-01	1.51192371e+01
2.70520481e-01	1.54216987e+01
2.70854045e-01	1.57251276e+01
2.71187609e-01	1.60291514e+01
2.71521173e-01	1.63333917e+01
2.71854738e-01	1.66375056e+01
2.72188302e-01	1.69412182e+01
2.72521866e-01	1.72443430e+01
2.72855430e-01	1.75467870e+01
2.73188994e-01	1.78485369e+01
2.73522558e-01	1.81496297e+01
2.73856122e-01	1.84501115e+01
2.74189686e-01	1.87499986e+01
2.74523250e-01	1.90492514e+01
2.74856814e-01	1.93477733e+01
2.75190379e-01	1.96454392e+01
2.75523943e-01	1.99421460e+01
2.75857507e-01	2.02378722e+01
2.76191071e-01	2.05327235e+01
2.76524635e-01	2.08269478e+01
2.76858199e-01	2.11209089e+01
2.77191763e-01	2.14150226e+01
2.77525327e-01	2.17096733e+01
2.77858891e-01	2.20051337e+01
2.78192455e-01	2.23015120e+01
2.78526019e-01	2.25987391e+01
2.78859584e-01	2.28965962e+01
2.79193148e-01	2.31947695e+01
2.79526712e-01	2.34929111e+01
2.79860276e-01	2.37906877e+01
2.80193840e-01	2.40878049e+01
2.80527404e-01	2.43840085e+01
2.80860968e-01	2.46790719e+01
2.81194532e-01	2.49727828e+01
2.81528096e-01	2.52649401e+01
2.81861660e-01	2.55553620e+01
2.82195225e-01	2.58439012e+01
2.82528789e-01	2.61304577e+01
2.82862353e-01	2.64149804e+01
2.83195917e-01	2.66974549e+01
2.83529481e-01	2.69778823e+01
2.83863045e-01	2.72562590e+01
2.84196609e-01	2.75325672e+01
2.84530173e-01	2.78067843e+01
2.84863737e-01	2.80789091e+01
2.85197301e-01	2.83489959e+01
2.85530865e-01	2.86171856e+01
2.85864430e-01	2.88837178e+01
2.86197994e-01	2.91489178e+01
2.86531558e-01	2.94131581e+01
2.86865122e-01	2.96768024e+01
2.87198686e-01	2.99401476e+01
2.87532250e-01	3.02033781e+01
2.87865814e-01	3.04665459e+01
2.88199378e-01	3.07295794e+01
2.88532942e-01	3.09923165e+01
2.88866506e-01	3.12545502e+01
2.89200071e-01	3.15160713e+01
2.89533635e-01	3.17766974e+01
2.89867199e-01	3.20362799e+01
2.90200763e-01	3.22946941e+01
2.90534327e-01	3.25518185e+01
2.90867891e-01	3.28075171e+01
2.91201455e-01	3.30616334e+01
2.91535019e-01	3.33140005e+01
2.91868583e-01	3.35644666e+01
2.92202147e-01	3.38129283e+01
2.92535711e-01	3.40593642e+01
2.92869276e-01	3.43038588e+01
2.93202840e-01	3.45466107e+01
2.93536404e-01	3.47879247e+01
2.93869968e-01	3.50281860e+01
2.94203532e-01	3.52678209e+01
2.94537096e-01	3.55072518e+01
2.94870660e-01	3.57468503e+01
2.95204224e-01	3.59869002e+01
2.95537788e-01	3.62275742e+01
2.95871352e-01	3.64689305e+01
2.96204917e-01	3.67109287e+01
2.96538481e-01	3.69534594e+01
2.96872045e-01	3.71963818e+01
2.97205609e-01	3.74395578e+01
2.97539173e-01	3.76828756e+01
2.97872737e-01	3.79262591e+01
2.98206301e-01	3.81696618e+01
2.98539865e-01	3.84130498e+01
2.98873429e-01	3.86563783e+01
2.99206993e-01	3.88995696e+01
2.99540557e-01	3.91424957e+01
2.99874122e-01	3.93849717e+01
3.00207686e-01	3.96267614e+01
3.00541250e-01	3.98675962e+01
3.00874814e-01	4.01072047e+01
3.01208378e-01	4.03453491e+01
3.01541942e-01	4.05818603e+01
3.01875506e-01	4.08166656e+01
3.02209070e-01	4.10498018e+01
3.02542634e-01	4.12814110e+01
3.02876198e-01	4.15117214e+01
3.03209763e-01	4.17410173e+01
3.03543327e-01	4.19696049e+01
3.03876891e-01	4.21977801e+01
3.04210455e-01	4.24258008e+01
3.04544019e-01	4.26538644e+01
3.04877583e-01	4.28820866e+01
3.05211147e-01	4.31104823e+01
3.05544711e-01	4.33389463e+01
3.05878275e-01	4.35672405e+01
3.06211839e-01	4.37949910e+01
3.06545403e-01	4.40217039e+01
3.06878968e-01	4.42468024e+01
3.07212532e-01	4.44696838e+01
3.07546096e-01	4.46897913e+01
3.07879660e-01	4.49066880e+01
3.08213224e-01	4.51201189e+01
3.08546788e-01	4.53300499e+01
3.08880352e-01	4.55366743e+01
3.09213916e-01	4.57403850e+01
3.09547480e-01	4.59417187e+01
3.09881044e-01	4.61412813e+01
3.10214609e-01	4.63396704e+01
3.10548173e-01	4.65374053e+01
3.10881737e-01	4.67348758e+01
3.11215301e-01	4.69323131e+01
3.11548865e-01	4.71297817e+01
3.11882429e-01	4.73271880e+01
3.12215993e-01	4.75242997e+01
3.12549557e-01	4.77207719e+01
3.12883121e-01	4.79161756e+01
3.13216685e-01	4.81100307e+01
3.13550249e-01	4.83018405e+01
3.13883814e-01	4.84911297e+01
3.14217378e-01	4.86774809e+01
3.14550942e-01	4.88605666e+01
3.14884506e-01	4.90401715e+01
3.15218070e-01	4.92162023e+01
3.15551634e-01	4.93886838e+01
3.15885198e-01	4.95577438e+01
3.16218762e-01	4.97235936e+01
3.16552326e-01	4.98865059e+01
3.16885890e-01	5.00467954e+01
3.17219455e-01	5.02047993e+01
3.17553019e-01	5.03608574e+01
3.17886583e-01	5.05152846e+01
3.18220147e-01	5.06683389e+01
3.18553711e-01	5.08201841e+01
3.18887275e-01	5.09708587e+01
3.19220839e-01	5.11202606e+01
3.19554403e-01	5.12681566e+01
3.19887967e-01	5.14142221e+01
3.20221531e-01	5.15581051e+01
3.20555095e-01	5.16995013e+01
3.20888660e-01	5.18382219e+01
3.21222224e-01	5.19742358e+01
3.21555788e-01	5.21076741e+01
3.21889352e-01	5.22387948e+01
3.22222916e-01	5.23679184e+01
3.22556480e-01	5.24953516e+01
3.22890044e-01	5.26213198e+01
3.23223608e-01	5.27459257e+01
3.23557172e-01	5.28691412e+01
3.23890736e-01	5.29908312e+01
3.24224301e-01	5.31107984e+01
3.24557865e-01	5.32288338e+01
3.24891429e-01	5.33447582e+01
3.25224993e-01	5.34584480e+01
3.25558557e-01	5.35698416e+01
3.25892121e-01	5.36789337e+01
3.26225685e-01	5.37857646e+01
3.26559249e-01	5.38904135e+01
3.26892813e-01	5.39929999e+01
3.27226377e-01	5.40936906e+01
3.27559941e-01	5.41927086e+01
3.27893506e-01	5.42903348e+01
3.28227070e-01	5.43868970e+01
3.28560634e-01	5.44827440e+01
3.28894198e-01	5.45782067e+01
3.29227762e-01	5.46735547e+01
3.29561326e-01	5.47689567e+01
3.29894890e-01	5.48644543e+01
3.30228454e-01	5.49599558e+01
3.30562018e-01	5.50552505e+01
3.30895582e-01	5.51500429e+01
3.31229147e-01	5.52439994e+01
3.31562711e-01	5.53367996e+01
3.31896275e-01	5.54281833e+01
3.32229839e-01	5.55179856e+01
3.32563403e-01	5.56061543e+01
3.32896967e-01	5.56927468e+01
3.33230531e-01	5.57779084e+01
3.33564095e-01	5.58618341e+01
3.33897659e-01	5.59444806e+01
