-8.00553828e-03	-0.00000000e+00
-7.67197419e-03	-2.19506009e-04
-7.33841009e-03	-7.22236242e-04
-7.00484600e-03	-1.91099765e-03
-6.67128190e-03	-4.59688995e-03
-6.33771781e-03	-1.04589287e-02
-6.00415371e-03	-2.27696355e-02
-5.67058962e-03	-4.76229530e-02
-5.33702552e-03	-9.58961831e-02
-5.00346143e-03	-1.86078170e-01
-4.66989733e-03	-3.48120218e-01
-4.33633324e-03	-6.28180689e-01
-4.00276914e-03	-1.09372783e+00
-3.66920505e-03	-1.83805121e+00
-3.33564095e-03	-2.98259363e+00
-3.00207686e-03	-4.67519751e+00
-2.66851276e-03	-7.08239923e+00
-2.33494867e-03	-1.03745149e+01
-2.00138457e-03	-1.47037279e+01
-1.66782048e-03	-2.01772866e+01
-1.33425638e-03	-2.68300057e+01
-1.00069229e-03	-3.46017642e+01
-6.67128190e-04	-4.33258934e+01
-3.33564095e-04	-5.27329462e+01
1.85165269e-18	-6.24713128e+01
3.33564095e-04	-7.21423045e+01
6.67128190e-04	-8.13437179e+01
1.00069229e-03	-8.97136805e+01
1.33425638e-03	-9.69665223e+01
1.66782048e-03	-1.02914530e+02
2.00138457e-03	-1.07473047e+02
2.33494867e-03	-1.10650331e+02
2.66851276e-03	-1.12526666e+02
3.00207686e-03	-1.13228762e+02
3.33564095e-03	-1.12905164e+02
3.66920505e-03	-1.11706813e+02
4.00276914e-03	-1.09774646e+02
4.33633324e-03	-1.07234074e+02
4.66989733e-03	-1.04194705e+02
5.00346143e-03	-1.00753154e+02
5.33702552e-03	-9.69968602e+01
5.67058962e-03	-9.30074309e+01
6.00415371e-03	-8.88627205e+01
6.33771781e-03	-8.46374774e+01
6.67128190e-03	-8.04027913e+01
7.00484600e-03	-7.62247702e+01
7.33841009e-03	-7.21629051e+01
7.67197419e-03	-6.82684939e+01
8.00553828e-03	-6.45833936e+01
8.33910238e-03	-6.11392376e+01
8.67266648e-03	-5.79571748e+01
9.00623057e-03	-5.50481098e+01
9.33979467e-03	-5.24133842e+01
9.67335876e-03	-5.00458181e+01
1.00069229e-02	-4.79310152e+01
1.03404870e-02	-4.60488402e+01
1.06740510e-02	-4.43749727e+01
1.10076151e-02	-4.28824535e+01
1.13411792e-02	-4.15431379e+01
1.16747433e-02	-4.03289898e+01
1.20083074e-02	-3.92131563e+01
1.23418715e-02	-3.81707897e+01
1.26754356e-02	-3.71795989e+01
1.30089997e-02	-3.62201386e+01
1.33425638e-02	-3.52758587e+01
1.36761279e-02	-3.43329526e+01
1.40096920e-02	-3.33800519e+01
1.43432561e-02	-3.24078263e+01
1.46768202e-02	-3.14085722e+01
1.50103843e-02	-3.03758838e+01
1.53439484e-02	-2.93045299e+01
1.56775125e-02	-2.81906489e+01
1.60110766e-02	-2.70323485e+01
1.63446407e-02	-2.58307062e+01
1.66782048e-02	-2.45910537e+01
1.70117689e-02	-2.33242762e+01
1.73453330e-02	-2.20477402e+01
1.76788970e-02	-2.07854133e+01
1.80124611e-02	-1.95668100e+01
1.83460252e-02	-1.84246116e+01
1.86795893e-02	-1.73911369e+01
1.90131534e-02	-1.64942193e+01
1.93467175e-02	-1.57533579e+01
1.96802816e-02	-1.51771400e+01
2.00138457e-02	-1.47627902e+01
2.03474098e-02	-1.44982606e+01
2.06809739e-02	-1.43666346e+01
2.10145380e-02	-1.43519069e+01
2.13481021e-02	-1.44446788e+01
2.16816662e-02	-1.46461259e+01
2.20152303e-02	-1.49689055e+01
2.23487944e-02	-1.54343973e+01
2.26823585e-02	-1.60666686e+01
2.30159226e-02	-1.68845119e+01
2.33494867e-02	-1.78935461e+01
2.36830508e-02	-1.90804668e+01
2.40166149e-02	-2.04110547e+01
2.43501789e-02	-2.18326044e+01
2.46837430e-02	-2.32803088e+01
2.50173071e-02	-2.46861446e+01
2.53508712e-02	-2.59882209e+01
2.56844353e-02	-2.71385323e+01
2.60179994e-02	-2.81075617e+01
2.63515635e-02	-2.88850538e+01
2.66851276e-02	-2.94772421e+01
2.70186917e-02	-2.99016285e+01
2.73522558e-02	-3.01808442e+01
2.76858199e-02	-3.03371257e+01
2.80193840e-02	-3.03885309e+01
2.83529481e-02	-3.03473847e+01
2.86865122e-02	-3.02207735e+01
2.90200763e-02	-3.00124118e+01
2.93536404e-02	-2.97249918e+01
2.96872045e-02	-2.93622157e+01
3.00207686e-02	-2.89300154e+01
3.03543327e-02	-2.84368308e+01
3.06878968e-02	-2.78931292e+01
3.10214609e-02	-2.73105031e+01
3.13550249e-02	-2.67006828e+01
3.16885890e-02	-2.60746945e+01
3.20221531e-02	-2.54422670e+01
3.23557172e-02	-2.48114861e+01
3.26892813e-02	-2.41886566e+01
3.30228454e-02	-2.35783244e+01
3.33564095e-02	-2.29834194e+01
3.36899736e-02	-2.24054843e+01
3.40235377e-02	-2.18449490e+01
3.43571018e-02	-2.13014119e+01
3.46906659e-02	-2.07739031e+01
3.50242300e-02	-2.02611311e+01
3.53577941e-02	-1.97617319e+01
3.56913582e-02	-1.92745430e+01
3.60249223e-02	-1.87988931e+01
3.63584864e-02	-1.83348641e+01
3.66920505e-02	-1.78834586e+01
3.70256146e-02	-1.74466133e+01
3.73591787e-02	-1.70270385e+01
3.76927428e-02	-1.66279161e+01
3.80263069e-02	-1.62525292e+01
3.83598709e-02	-1.59039060e+01
3.86934350e-02	-1.55845394e+01
3.90269991e-02	-1.52962107e+01
3.93605632e-02	-1.50399146e+01
3.96941273e-02	-1.48158686e+01
4.00276914e-02	-1.46235879e+01
4.03612555e-02	-1.44620106e+01
4.06948196e-02	-1.43296593e+01
4.10283837e-02	-1.42248253e+01
4.13619478e-02	-1.41457615e+01
4.16955119e-02	-1.40908765e+01
4.20290760e-02	-1.40589243e+01
4.23626401e-02	-1.40491866e+01
4.26962042e-02	-1.40616323e+01
4.30297683e-02	-1.40970271e+01
4.33633324e-02	-1.41569498e+01
4.36968965e-02	-1.42436778e+01
4.40304606e-02	-1.43599209e+01
4.43640247e-02	-1.45084181e+01
4.46975888e-02	-1.46914463e+01
4.50311529e-02	-1.49103186e+01
4.53647169e-02	-1.51649563e+01
4.56982810e-02	-1.54536085e+01
4.60318451e-02	-1.57727706e+01
4.63654092e-02	-1.61173186e+01
4.66989733e-02	-1.64808431e+01
4.70325374e-02	-1.68561255e+01
4.73661015e-02	-1.72356804e+01
4.76996656e-02	-1.76122745e+01
4.80332297e-02	-1.79793525e+01
4.83667938e-02	-1.83313322e+01
4.87003579e-02	-1.86637704e+01
4.90339220e-02	-1.89734278e+01
4.93674861e-02	-1.92582683e+01
4.97010502e-02	-1.95174141e+01
5.00346143e-02	-1.97510558e+01
5.03681784e-02	-1.99602982e+01
5.07017425e-02	-2.01469268e+01
5.10353066e-02	-2.03130965e+01
5.13688707e-02	-2.04609790e+01
5.17024348e-02	-2.05924273e+01
5.20359989e-02	-2.07087263e+01
5.23695629e-02	-2.08104809e+01
5.27031270e-02	-2.08976633e+01
5.30366911e-02	-2.09697987e+01
5.33702552e-02	-2.10262388e+01
5.37038193e-02	-2.10664526e+01
5.40373834e-02	-2.10902719e+01
5.43709475e-02	-2.10980476e+01
5.47045116e-02	-2.10907092e+01
5.50380757e-02	-2.10697396e+01
5.53716398e-02	-2.10370982e+01
5.57052039e-02	-2.09951181e+01
5.60387680e-02	-2.09463939e+01
5.63723321e-02	-2.08936608e+01
5.67058962e-02	-2.08396581e+01
5.70394603e-02	-2.07869708e+01
5.73730244e-02	-2.07378566e+01
5.77065885e-02	-2.06940819e+01
5.80401526e-02	-2.06567985e+01
5.83737167e-02	-2.06264895e+01
5.87072808e-02	-2.06029975e+01
5.90408449e-02	-2.05856275e+01
5.93744089e-02	-2.05732965e+01
5.97079730e-02	-2.05646962e+01
6.00415371e-02	-2.05584347e+01
6.03751012e-02	-2.05531386e+01
6.07086653e-02	-2.05475124e+01
6.10422294e-02	-2.05403641e+01
6.13757935e-02	-2.05306170e+01
6.17093576e-02	-2.05173239e+01
6.20429217e-02	-2.04996991e+01
6.23764858e-02	-2.04771711e+01
6.27100499e-02	-2.04494511e+01
6.30436140e-02	-2.04165962e+01
6.33771781e-02	-2.03790430e+01
6.37107422e-02	-2.03375850e+01
6.40443063e-02	-2.02932813e+01
6.43778704e-02	-2.02473031e+01
6.47114345e-02	-2.02007480e+01
6.50449986e-02	-2.01544632e+01
6.53785627e-02	-2.01089202e+01
6.57121268e-02	-2.00641713e+01
6.60456908e-02	-2.00198862e+01
6.63792549e-02	-1.99754524e+01
6.67128190e-02	-1.99301050e+01
6.70463831e-02	-1.98830583e+01
6.73799472e-02	-1.98336223e+01
6.77135113e-02	-1.97813011e+01
6.80470754e-02	-1.97258773e+01
6.83806395e-02	-1.96674804e+01
6.87142036e-02	-1.96066289e+01
6.90477677e-02	-1.95442306e+01
6.93813318e-02	-1.94815237e+01
6.97148959e-02	-1.94199595e+01
7.00484600e-02	-1.93610435e+01
7.03820241e-02	-1.93061694e+01
7.07155882e-02	-1.92564833e+01
7.10491523e-02	-1.92128073e+01
7.13827164e-02	-1.91756295e+01
7.17162805e-02	-1.91451452e+01
7.20498446e-02	-1.91213166e+01
7.23834087e-02	-1.91039148e+01
7.27169728e-02	-1.90925241e+01
7.30505368e-02	-1.90865089e+01
7.33841009e-02	-1.90849706e+01
7.37176650e-02	-1.90867312e+01
7.40512291e-02	-1.90903769e+01
7.43847932e-02	-1.90943758e+01
7.47183573e-02	-1.90972534e+01
7.50519214e-02	-1.90977835e+01
7.53854855e-02	-1.90951457e+01
7.57190496e-02	-1.90890014e+01
7.60526137e-02	-1.90794721e+01
7.63861778e-02	-1.90670252e+01
7.67197419e-02	-1.90523018e+01
7.70533060e-02	-1.90359330e+01
7.73868701e-02	-1.90183891e+01
7.77204342e-02	-1.89998987e+01
7.80539983e-02	-1.89804509e+01
7.83875624e-02	-1.89598728e+01
7.87211265e-02	-1.89379557e+01
7.90546906e-02	-1.89145918e+01
7.93882547e-02	-1.88898807e+01
7.97218188e-02	-1.88641802e+01
8.00553828e-02	-1.88380914e+01
8.03889469e-02	-1.88123894e+01
8.07225110e-02	-1.87879255e+01
8.10560751e-02	-1.87655269e+01
8.13896392e-02	-1.87459142e+01
8.17232033e-02	-1.87296445e+01
8.20567674e-02	-1.87170802e+01
8.23903315e-02	-1.87083794e+01
8.27238956e-02	-1.87035038e+01
8.30574597e-02	-1.87022439e+01
8.33910238e-02	-1.87042631e+01
8.37245879e-02	-1.87091586e+01
8.40581520e-02	-1.87165277e+01
8.43917161e-02	-1.87260239e+01
8.47252802e-02	-1.87373814e+01
8.50588443e-02	-1.87503962e+01
8.53924084e-02	-1.87648627e+01
8.57259725e-02	-1.87804861e+01
8.60595366e-02	-1.87967991e+01
8.63931007e-02	-1.88131185e+01
8.67266648e-02	-1.88285664e+01
8.70602288e-02	-1.88421600e+01
8.73937929e-02	-1.88529534e+01
8.77273570e-02	-1.88601964e+01
8.80609211e-02	-1.88634673e+01
8.83944852e-02	-1.88627459e+01
8.87280493e-02	-1.88584052e+01
8.90616134e-02	-1.88511251e+01
8.93951775e-02	-1.88417496e+01
8.97287416e-02	-1.88311232e+01
9.00623057e-02	-1.88199429e+01
9.03958698e-02	-1.88086578e+01
9.07294339e-02	-1.87974308e+01
9.10629980e-02	-1.87861613e+01
9.13965621e-02	-1.87745524e+01
9.17301262e-02	-1.87621989e+01
9.20636903e-02	-1.87486731e+01
9.23972544e-02	-1.87335933e+01
9.27308185e-02	-1.87166682e+01
9.30643826e-02	-1.86977133e+01
9.33979467e-02	-1.86766479e+01
9.37315108e-02	-1.86534758e+01
9.40650748e-02	-1.86282617e+01
9.43986389e-02	-1.86011112e+01
9.47322030e-02	-1.85721593e+01
9.50657671e-02	-1.85415709e+01
9.53993312e-02	-1.85095505e+01
9.57328953e-02	-1.84763549e+01
9.60664594e-02	-1.84423008e+01
9.64000235e-02	-1.84077569e+01
9.67335876e-02	-1.83731179e+01
9.70671517e-02	-1.83387606e+01
9.74007158e-02	-1.83049915e+01
9.77342799e-02	-1.82719968e+01
9.80678440e-02	-1.82398070e+01
9.84014081e-02	-1.82082823e+01
9.87349722e-02	-1.81771179e+01
9.90685363e-02	-1.81458624e+01
9.94021004e-02	-1.81139436e+01
9.97356645e-02	-1.80806969e+01
1.00069229e-01	-1.80453975e+01
1.00402793e-01	-1.80073000e+01
1.00736357e-01	-1.79656889e+01
1.01069921e-01	-1.79199372e+01
1.01403485e-01	-1.78695705e+01
1.01737049e-01	-1.78143202e+01
1.02070613e-01	-1.77541557e+01
1.02404177e-01	-1.76892846e+01
1.02737741e-01	-1.76201186e+01
1.03071305e-01	-1.75472089e+01
1.03404870e-01	-1.74711660e+01
1.03738434e-01	-1.73925760e+01
1.04071998e-01	-1.73119331e+01
1.04405562e-01	-1.72295957e+01
1.04739126e-01	-1.71457729e+01
1.05072690e-01	-1.70605388e+01
1.05406254e-01	-1.69738674e+01
1.05739818e-01	-1.68856791e+01
1.06073382e-01	-1.67958862e+01
1.06406946e-01	-1.67044271e+01
1.06740510e-01	-1.66112788e+01
1.07074075e-01	-1.65164491e+01
1.07407639e-01	-1.64199527e+01
1.07741203e-01	-1.63217858e+01
1.08074767e-01	-1.62219125e+01
1.08408331e-01	-1.61202718e+01
1.08741895e-01	-1.60168074e+01
1.09075459e-01	-1.59115118e+01
1.09409023e-01	-1.58044699e+01
1.09742587e-01	-1.56958851e+01
1.10076151e-01	-1.55860755e+01
1.10409716e-01	-1.54754370e+01
1.10743280e-01	-1.53643811e+01
1.11076844e-01	-1.52532662e+01
1.11410408e-01	-1.51423416e+01
1.11743972e-01	-1.50317247e+01
1.12077536e-01	-1.49214146e+01
1.12411100e-01	-1.48113419e+01
1.12744664e-01	-1.47014352e+01
1.13078228e-01	-1.45916839e+01
1.13411792e-01	-1.44821772e+01
1.13745356e-01	-1.43731053e+01
1.14078921e-01	-1.42647232e+01
1.14412485e-01	-1.41572878e+01
1.14746049e-01	-1.40509886e+01
1.15079613e-01	-1.39458912e+01
1.15413177e-01	-1.38419103e+01
1.15746741e-01	-1.37388191e+01
1.16080305e-01	-1.36362956e+01
1.16413869e-01	-1.35339964e+01
1.16747433e-01	-1.34316431e+01
1.17080997e-01	-1.33291026e+01
1.17414562e-01	-1.32264375e+01
1.17748126e-01	-1.31239127e+01
1.18081690e-01	-1.30219506e+01
1.18415254e-01	-1.29210419e+01
1.18748818e-01	-1.28216366e+01
1.19082382e-01	-1.27240442e+01
1.19415946e-01	-1.26283722e+01
1.19749510e-01	-1.25345233e+01
1.20083074e-01	-1.24422459e+01
1.20416638e-01	-1.23512205e+01
1.20750202e-01	-1.22611474e+01
1.21083767e-01	-1.21718075e+01
1.21417331e-01	-1.20830776e+01
1.21750895e-01	-1.19949021e+01
1.22084459e-01	-1.19072391e+01
1.22418023e-01	-1.18200078e+01
1.22751587e-01	-1.17330622e+01
1.23085151e-01	-1.16462011e+01
1.23418715e-01	-1.15592113e+01
1.23752279e-01	-1.14719243e+01
1.24085843e-01	-1.13842650e+01
1.24419408e-01	-1.12962741e+01
1.24752972e-01	-1.12080986e+01
1.25086536e-01	-1.11199578e+01
1.25420100e-01	-1.10320983e+01
1.25753664e-01	-1.09447564e+01
1.26087228e-01	-1.08581418e+01
1.26420792e-01	-1.07724446e+01
1.26754356e-01	-1.06878621e+01
1.27087920e-01	-1.06046291e+01
1.27421484e-01	-1.05230389e+01
1.27755048e-01	-1.04434425e+01
1.28088613e-01	-1.03662217e+01
1.28422177e-01	-1.02917422e+01
1.28755741e-01	-1.02202970e+01
1.29089305e-01	-1.01520565e+01
1.29422869e-01	-1.00870379e+01
1.29756433e-01	-1.00251019e+01
1.30089997e-01	-9.96597683e+00
1.30423561e-01	-9.90929993e+00
1.30757125e-01	-9.85466414e+00
1.31090689e-01	-9.80165670e+00
1.31424254e-01	-9.74988237e+00
1.31757818e-01	-9.69897091e+00
1.32091382e-01	-9.64857486e+00
1.32424946e-01	-9.59836667e+00
1.32758510e-01	-9.54804421e+00
1.33092074e-01	-9.49734891e+00
1.33425638e-01	-9.44609540e+00
1.33759202e-01	-9.39420603e+00
1.34092766e-01	-9.34174052e+00
1.34426330e-01	-9.28891149e+00
1.34759894e-01	-9.23608015e+00
1.35093459e-01	-9.18373166e+00
1.35427023e-01	-9.13243372e+00
1.35760587e-01	-9.08278559e+00
1.36094151e-01	-9.03536546e+00
1.36427715e-01	-8.99068282e+00
1.36761279e-01	-8.94914057e+00
1.37094843e-01	-8.91100777e+00
1.37428407e-01	-8.87640163e+00
1.37761971e-01	-8.84527598e+00
1.38095535e-01	-8.81741478e+00
1.38429100e-01	-8.79243130e+00
1.38762664e-01	-8.76977574e+00
1.39096228e-01	-8.74875422e+00
1.39429792e-01	-8.72856049e+00
1.39763356e-01	-8.70831883e+00
1.40096920e-01	-8.68713402e+00
1.40430484e-01	-8.66414266e+00
1.40764048e-01	-8.63856126e+00
1.41097612e-01	-8.60972878e+00
1.41431176e-01	-8.57714357e+00
1.41764740e-01	-8.54049518e+00
1.42098305e-01	-8.49968964e+00
1.42431869e-01	-8.45486356e+00
1.42765433e-01	-8.40638057e+00
1.43098997e-01	-8.35480470e+00
1.43432561e-01	-8.30084912e+00
1.43766125e-01	-8.24530474e+00
1.44099689e-01	-8.18895901e+00
1.44433253e-01	-8.13251857e+00
1.44766817e-01	-8.07654883e+00
1.45100381e-01	-8.02143928e+00
1.45433946e-01	-7.96739675e+00
1.45767510e-01	-7.91446187e+00
1.46101074e-01	-7.86254031e+00
1.46434638e-01	-7.81143966e+00
1.46768202e-01	-7.76090558e+00
1.47101766e-01	-7.71065391e+00
1.47435330e-01	-7.66039786e+00
1.47768894e-01	-7.60987026e+00
1.48102458e-01	-7.55884044e+00
1.48436022e-01	-7.50712418e+00
1.48769586e-01	-7.45458498e+00
1.49103151e-01	-7.40112572e+00
1.49436715e-01	-7.34667210e+00
1.49770279e-01	-7.29115220e+00
1.50103843e-01	-7.23447872e+00
1.50437407e-01	-7.17654053e+00
1.50770971e-01	-7.11720751e+00
1.51104535e-01	-7.05634858e+00
1.51438099e-01	-6.99385770e+00
1.51771663e-01	-6.92968019e+00
1.52105227e-01	-6.86383072e+00
1.52438792e-01	-6.79639746e+00
1.52772356e-01	-6.72753131e+00
1.53105920e-01	-6.65742453e+00
1.53439484e-01	-6.58628650e+00
1.53773048e-01	-6.51432488e+00
1.54106612e-01	-6.44173792e+00
1.54440176e-01	-6.36871945e+00
1.54773740e-01	-6.29547395e+00
1.55107304e-01	-6.22223631e+00
1.55440868e-01	-6.14928954e+00
1.55774432e-01	-6.07697460e+00
1.56107997e-01	-6.00568862e+00
1.56441561e-01	-5.93587023e+00
1.56775125e-01	-5.86797325e+00
1.57108689e-01	-5.80243157e+00
1.57442253e-01	-5.73961958e+00
1.57775817e-01	-5.67981330e+00
1.58109381e-01	-5.62315833e+00
1.58442945e-01	-5.56965043e+00
1.58776509e-01	-5.51913290e+00
1.59110073e-01	-5.47131304e+00
1.59443638e-01	-5.42579682e+00
1.59777202e-01	-5.38213767e+00
1.60110766e-01	-5.33989216e+00
1.60444330e-01	-5.29867280e+00
1.60777894e-01	-5.25818870e+00
1.61111458e-01	-5.21826700e+00
1.61445022e-01	-5.17885256e+00
1.61778586e-01	-5.13998738e+00
1.62112150e-01	-5.10177533e+00
1.62445714e-01	-5.06433995e+00
1.62779278e-01	-5.02778434e+00
1.63112843e-01	-4.99216095e+00
1.63446407e-01	-4.95745686e+00
1.63779971e-01	-4.92359571e+00
1.64113535e-01	-4.89045432e+00
1.64447099e-01	-4.85788931e+00
1.64780663e-01	-4.82576685e+00
1.65114227e-01	-4.79398814e+00
1.65447791e-01	-4.76250305e+00
1.65781355e-01	-4.73130776e+00
1.66114919e-01	-4.70042627e+00
1.66448484e-01	-4.66988043e+00
1.66782048e-01	-4.63965730e+00
1.67115612e-01	-4.60968439e+00
1.67449176e-01	-4.57982232e+00
1.67782740e-01	-4.54988069e+00
1.68116304e-01	-4.51965610e+00
1.68449868e-01	-4.48898441e+00
1.68783432e-01	-4.45779415e+00
1.69116996e-01	-4.42614624e+00
1.69450560e-01	-4.39424831e+00
1.69784124e-01	-4.36243816e+00
1.70117689e-01	-4.33113903e+00
1.70451253e-01	-4.30079666e+00
1.70784817e-01	-4.27181245e+00
1.71118381e-01	-4.24448714e+00
1.71451945e-01	-4.21898588e+00
1.71785509e-01	-4.19532983e+00
1.72119073e-01	-4.17341321e+00
1.72452637e-01	-4.15303944e+00
1.72786201e-01	-4.13396669e+00
1.73119765e-01	-4.11595158e+00
1.73453330e-01	-4.09878161e+00
1.73786894e-01	-4.08228981e+00
1.74120458e-01	-4.06634976e+00
1.74454022e-01	-4.05085338e+00
1.74787586e-01	-4.03567880e+00
1.75121150e-01	-4.02065898e+00
1.75454714e-01	-4.00556317e+00
1.75788278e-01	-3.99010031e+00
1.76121842e-01	-3.97394788e+00
1.76455406e-01	-3.95680194e+00
1.76788970e-01	-3.93843743e+00
1.77122535e-01	-3.91876336e+00
1.77456099e-01	-3.89785705e+00
1.77789663e-01	-3.87596645e+00
1.78123227e-01	-3.85347741e+00
1.78456791e-01	-3.83085301e+00
1.78790355e-01	-3.80855908e+00
1.79123919e-01	-3.78699378e+00
1.79457483e-01	-3.76643708e+00
1.79791047e-01	-3.74703014e+00
1.80124611e-01	-3.72878606e+00
1.80458176e-01	-3.71162485e+00
1.80791740e-01	-3.69541953e+00
1.81125304e-01	-3.68003893e+00
1.81458868e-01	-3.66537573e+00
1.81792432e-01	-3.65135389e+00
1.82125996e-01	-3.63791672e+00
1.82459560e-01	-3.62500258e+00
1.82793124e-01	-3.61251932e+00
1.83126688e-01	-3.60032818e+00
1.83460252e-01	-3.58824393e+00
1.83793816e-01	-3.57605271e+00
1.84127381e-01	-3.56354268e+00
1.84460945e-01	-3.55053917e+00
1.84794509e-01	-3.53693401e+00
1.85128073e-01	-3.52270078e+00
1.85461637e-01	-3.50789161e+00
1.85795201e-01	-3.49261713e+00
1.86128765e-01	-3.47701539e+00
1.86462329e-01	-3.46121851e+00
1.86795893e-01	-3.44532550e+00
1.87129457e-01	-3.42938731e+00
1.87463022e-01	-3.41340646e+00
1.87796586e-01	-3.39734839e+00
1.88130150e-01	-3.38115890e+00
1.88463714e-01	-3.36478025e+00
1.88797278e-01	-3.34816054e+00
1.89130842e-01	-3.33125340e+00
1.89464406e-01	-3.31400880e+00
1.89797970e-01	-3.29635890e+00
1.90131534e-01	-3.27820499e+00
1.90465098e-01	-3.25941130e+00
1.90798662e-01	-3.23980895e+00
1.91132227e-01	-3.21920954e+00
1.91465791e-01	-3.19742529e+00
1.91799355e-01	-3.17429080e+00
1.92132919e-01	-3.14968117e+00
1.92466483e-01	-3.12352244e+00
1.92800047e-01	-3.09579260e+00
1.93133611e-01	-3.06651434e+00
1.93467175e-01	-3.03574294e+00
1.93800739e-01	-3.00355336e+00
1.94134303e-01	-2.97003001e+00
1.94467868e-01	-2.93526160e+00
1.94801432e-01	-2.89934108e+00
1.95134996e-01	-2.86236873e+00
1.95468560e-01	-2.82445508e+00
1.95802124e-01	-2.78572104e+00
1.96135688e-01	-2.74629381e+00
1.96469252e-01	-2.70629854e+00
1.96802816e-01	-2.66584693e+00
1.97136380e-01	-2.62502530e+00
1.97469944e-01	-2.58388568e+00
1.97803508e-01	-2.54244322e+00
1.98137073e-01	-2.50068076e+00
1.98470637e-01	-2.45855953e+00
1.98804201e-01	-2.41603289e+00
1.99137765e-01	-2.37305953e+00
1.99471329e-01	-2.32961250e+00
1.99804893e-01	-2.28568226e+00
2.00138457e-01	-2.24127413e+00
2.00472021e-01	-2.19640317e+00
2.00805585e-01	-2.15109011e+00
2.01139149e-01	-2.10536063e+00
2.01472713e-01	-2.05924877e+00
2.01806278e-01	-2.01280249e+00
2.02139842e-01	-1.96608717e+00
2.02473406e-01	-1.91918250e+00
2.02806970e-01	-1.87217028e+00
2.03140534e-01	-1.82511515e+00
2.03474098e-01	-1.77804495e+00
2.03807662e-01	-1.73093879e+00
2.04141226e-01	-1.68373009e+00
2.04474790e-01	-1.63632711e+00
2.04808354e-01	-1.58864715e+00
2.05141919e-01	-1.54065529e+00
2.05475483e-01	-1.49239506e+00
2.05809047e-01	-1.44400036e+00
2.06142611e-01	-1.39568344e+00
2.06476175e-01	-1.34770068e+00
2.06809739e-01	-1.30030479e+00
2.07143303e-01	-1.25369633e+00
2.07476867e-01	-1.20798740e+00
2.07810431e-01	-1.16318634e+00
2.08143995e-01	-1.11920552e+00
2.08477559e-01	-1.07588794e+00
2.08811124e-01	-1.03304388e+00
2.09144688e-01	-9.90487687e-01
2.09478252e-01	-9.48065511e-01
2.09811816e-01	-9.05668595e-01
2.10145380e-01	-8.63231206e-01
2.10478944e-01	-8.20716873e-01
2.10812508e-01	-7.78099383e-01
2.11146072e-01	-7.35345812e-01
2.11479636e-01	-6.92407502e-01
2.11813200e-01	-6.49221653e-01
2.12146765e-01	-6.05721934e-01
2.12480329e-01	-5.61853353e-01
2.12813893e-01	-5.17585775e-01
2.13147457e-01	-4.72921863e-01
2.13481021e-01	-4.27897633e-01
2.13814585e-01	-3.82576426e-01
2.14148149e-01	-3.37038898e-01
2.14481713e-01	-2.91371956e-01
2.14815277e-01	-2.45658244e-01
2.15148841e-01	-1.99966026e-01
2.15482405e-01	-1.54338579e-01
2.15815970e-01	-1.08783077e-01
2.16149534e-01	-6.32608681e-02
2.16483098e-01	-1.76831807e-02
2.16816662e-01	2.80828134e-02
2.17150226e-01	7.41941469e-02
2.17483790e-01	1.20799187e-01
2.17817354e-01	1.67997885e-01
2.18150918e-01	2.15805274e-01
2.18484482e-01	2.64129059e-01
2.18818046e-01	3.12769197e-01
2.19151611e-01	3.61441780e-01
2.19485175e-01	4.09822917e-01
2.19818739e-01	4.57602936e-01
2.20152303e-01	5.04538674e-01
2.20485867e-01	5.50492749e-01
2.20819431e-01	5.95452615e-01
2.21152995e-01	6.39527444e-01
2.21486559e-01	6.82925918e-01
2.21820123e-01	7.25921511e-01
2.22153687e-01	7.68813190e-01
2.22487251e-01	8.11888662e-01
2.22820816e-01	8.55395491e-01
2.23154380e-01	8.99523476e-01
2.23487944e-01	9.44399753e-01
2.23821508e-01	9.90095780e-01
2.24155072e-01	1.03664277e+00
2.24488636e-01	1.08405003e+00
2.24822200e-01	1.13231991e+00
2.25155764e-01	1.18145405e+00
2.25489328e-01	1.23144891e+00
2.25822892e-01	1.28228292e+00
2.26156457e-01	1.33390105e+00
2.26490021e-01	1.38620376e+00
2.26823585e-01	1.43904533e+00
2.27157149e-01	1.49224259e+00
2.27490713e-01	1.54559097e+00
2.27824277e-01	1.59888199e+00
2.28157841e-01	1.65191640e+00
2.28491405e-01	1.70451020e+00
2.28824969e-01	1.75649488e+00
2.29158533e-01	1.80771646e+00
2.29492097e-01	1.85803885e+00
2.29825662e-01	1.90735415e+00
2.30159226e-01	1.95559858e+00
2.30492790e-01	2.00276817e+00
2.30826354e-01	2.04892726e+00
2.31159918e-01	2.09420465e+00
2.31493482e-01	2.13877781e+00
2.31827046e-01	2.18285023e+00
2.32160610e-01	2.22663038e+00
2.32494174e-01	2.27031927e+00
2.32827738e-01	2.31410948e+00
2.33161303e-01	2.35819288e+00
2.33494867e-01	2.40276977e+00
2.33828431e-01	2.44805151e+00
2.34161995e-01	2.49425132e+00
2.34495559e-01	2.54156338e+00
2.34829123e-01	2.59013564e+00
2.35162687e-01	2.64004524e+00
2.35496251e-01	2.69128535e+00
2.35829815e-01	2.74376882e+00
2.36163379e-01	2.79734816e+00
2.36496943e-01	2.85184570e+00
2.36830508e-01	2.90708473e+00
2.37164072e-01	2.96291288e+00
2.37497636e-01	3.01921229e+00
2.37831200e-01	3.07589667e+00
2.38164764e-01	3.13289943e+00
2.38498328e-01	3.19015993e+00
2.38831892e-01	3.24761406e+00
2.39165456e-01	3.30519292e+00
2.39499020e-01	3.36282947e+00
2.39832584e-01	3.42046963e+00
2.40166149e-01	3.47808260e+00
2.40499713e-01	3.53566551e+00
2.40833277e-01	3.59324019e+00
2.41166841e-01	3.65084336e+00
2.41500405e-01	3.70851434e+00
2.41833969e-01	3.76628543e+00
2.42167533e-01	3.82417854e+00
2.42501097e-01	3.88220851e+00
2.42834661e-01	3.94039035e+00
2.43168225e-01	3.99874603e+00
2.43501789e-01	4.05730683e+00
2.43835354e-01	4.11611001e+00
2.44168918e-01	4.17519131e+00
2.44502482e-01	4.23457716e+00
2.44836046e-01	4.29428087e+00
2.45169610e-01	4.35430565e+00
2.45503174e-01	4.41465442e+00
2.45836738e-01	4.47534320e+00
2.46170302e-01	4.53641293e+00
2.46503866e-01	4.59793459e+00
2.46837430e-01	4.66000458e+00
2.47170995e-01	4.72273094e+00
2.47504559e-01	4.78621443e+00
2.47838123e-01	4.85053015e+00
2.48171687e-01	4.91571477e+00
2.48505251e-01	4.98176217e+00
2.48838815e-01	5.04862678e+00
2.49172379e-01	5.11623150e+00
2.49505943e-01	5.18447644e+00
2.49839507e-01	5.25324546e+00
2.50173071e-01	5.32240952e+00
2.50506635e-01	5.39182785e+00
2.50840200e-01	5.46134923e+00
2.51173764e-01	5.53081540e+00
2.51507328e-01	5.60006770e+00
2.51840892e-01	5.66895638e+00
2.52174456e-01	5.73735123e+00
2.52508020e-01	5.80515147e+00
2.52841584e-01	5.87229372e+00
2.53175148e-01	5.93875735e+00
2.53508712e-01	6.00456761e+00
2.53842276e-01	6.06979640e+00
2.54175841e-01	6.13456069e+00
2.54509405e-01	6.19901733e+00
2.54842969e-01	6.26335347e+00
2.55176533e-01	6.32777179e+00
2.55510097e-01	6.39247112e+00
2.55843661e-01	6.45762437e+00
2.56177225e-01	6.52335692e+00
2.56510789e-01	6.58972924e+00
2.56844353e-01	6.65672752e+00
2.57177917e-01	6.72426489e+00
2.57511481e-01	6.79219424e+00
2.57845046e-01	6.86033069e+00
2.58178610e-01	6.92847997e+00
2.58512174e-01	6.99646674e+00
2.58845738e-01	7.06415704e+00
2.59179302e-01	7.13147022e+00
2.59512866e-01	7.19837850e+00
2.59846430e-01	7.26489524e+00
2.60179994e-01	7.33105573e+00
2.60513558e-01	7.39689620e+00
2.60847122e-01	7.46243614e+00
2.61180687e-01	7.52766790e+00
2.61514251e-01	7.59255455e+00
2.61847815e-01	7.65703449e+00
2.62181379e-01	7.72102960e+00
2.62514943e-01	7.78445362e+00
2.62848507e-01	7.84721879e+00
2.63182071e-01	7.90924076e+00
2.63515635e-01	7.97044272e+00
2.63849199e-01	8.03076015e+00
2.64182763e-01	8.09014608e+00
2.64516327e-01	8.14857564e+00
2.64849892e-01	8.20604777e+00
2.65183456e-01	8.26258299e+00
2.65517020e-01	8.31821752e+00
2.65850584e-01	8.37299628e+00
2.66184148e-01	8.42696776e+00
2.66517712e-01	8.48018314e+00
2.66851276e-01	8.53269988e+00
2.67184840e-01	8.58458703e+00
2.67518404e-01	8.63592789e+00
2.67851968e-01	8.68681597e+00
2.68185533e-01	8.73734229e+00
2.68519097e-01	8.78757635e+00
2.68852661e-01	8.83754648e+00
2.69186225e-01	8.88722686e+00
2.69519789e-01	8.93653713e+00
2.69853353e-01	8.98535629e+00
2.70186917e-01	9.03354748e+00
2.70520481e-01	9.08098629e+00
2.70854045e-01	9.12758433e+00
2.71187609e-01	9.17330237e+00
2.71521173e-01	9.21815162e+00
2.71854738e-01	9.26218634e+00
2.72188302e-01	9.30549308e+00
2.72521866e-01	9.34818098e+00
2.72855430e-01	9.39037450e+00
2.73188994e-01	9.43220694e+00
2.73522558e-01	9.47381110e+00
2.73856122e-01	9.51530486e+00
2.74189686e-01	9.55677227e+00
2.74523250e-01	9.59824479e+00
2.74856814e-01	9.63968880e+00
2.75190379e-01	9.68100493e+00
2.75523943e-01	9.72204086e+00
2.75857507e-01	9.76261453e+00
2.76191071e-01	9.80254064e+00
2.76524635e-01	9.84165234e+00
2.76858199e-01	9.87981221e+00
2.77191763e-01	9.91691122e+00
2.77525327e-01	9.95285953e+00
2.77858891e-01	9.98757632e+00
2.78192455e-01	1.00209861e+01
2.78526019e-01	1.00530259e+01
2.78859584e-01	1.00836628e+01
2.79193148e-01	1.01129168e+01
2.79526712e-01	1.01408797e+01
2.79860276e-01	1.01677237e+01
2.80193840e-01	1.01936931e+01
2.80527404e-01	1.02190784e+01
2.80860968e-01	1.02441795e+01
2.81194532e-01	1.02692642e+01
2.81528096e-01	1.02945322e+01
2.81861660e-01	1.03200922e+01
2.82195225e-01	1.03459580e+01
2.82528789e-01	1.03720619e+01
2.82862353e-01	1.03982832e+01
2.83195917e-01	1.04244851e+01
2.83529481e-01	1.04505512e+01
2.83863045e-01	1.04764132e+01
2.84196609e-01	1.05020661e+01
2.84530173e-01	1.05275643e+01
2.84863737e-01	1.05530012e+01
2.85197301e-01	1.05784759e+01
2.85530865e-01	1.06040547e+01
2.85864430e-01	1.06297370e+01
2.86197994e-01	1.06554364e+01
2.86531558e-01	1.06809814e+01
2.86865122e-01	1.07061389e+01
2.87198686e-01	1.07306535e+01
2.87532250e-01	1.07542926e+01
2.87865814e-01	1.07768855e+01
2.88199378e-01	1.07983451e+01
2.88532942e-01	1.08186691e+01
2.88866506e-01	1.08379213e+01
2.89200071e-01	1.08562040e+01
2.89533635e-01	1.08736293e+01
2.89867199e-01	1.08903014e+01
2.90200763e-01	1.09063133e+01
2.90534327e-01	1.09217555e+01
2.90867891e-01	1.09367309e+01
2.91201455e-01	1.09513671e+01
2.91535019e-01	1.09658181e+01
2.91868583e-01	1.09802538e+01
2.92202147e-01	1.09948390e+01
2.92535711e-01	1.10097097e+01
2.92869276e-01	1.10249532e+01
2.93202840e-01	1.10406005e+01
2.93536404e-01	1.10566301e+01
2.93869968e-01	1.10729849e+01
2.94203532e-01	1.10895924e+01
2.94537096e-01	1.11063854e+01
2.94870660e-01	1.11233145e+01
2.95204224e-01	1.11403521e+01
2.95537788e-01	1.11574871e+01
2.95871352e-01	1.11747150e+01
2.96204917e-01	1.11920264e+01
2.96538481e-01	1.12093974e+01
2.96872045e-01	1.12267856e+01
2.97205609e-01	1.12441292e+01
2.97539173e-01	1.12613504e+01
2.97872737e-01	1.12783602e+01
2.98206301e-01	1.12950647e+01
2.98539865e-01	1.13113709e+01
2.98873429e-01	1.13271915e+01
2.99206993e-01	1.13424485e+01
2.99540557e-01	1.13570737e+01
2.99874122e-01	1.13710075e+01
3.00207686e-01	1.13841958e+01
3.00541250e-01	1.13965888e+01
3.00874814e-01	1.14081443e+01
3.01208378e-01	1.14188373e+01
3.01541942e-01	1.14286765e+01
3.01875506e-01	1.14377224e+01
3.02209070e-01	1.14461004e+01
3.02542634e-01	1.14540022e+01
3.02876198e-01	1.14616691e+01
3.03209763e-01	1.14693591e+01
3.03543327e-01	1.14773038e+01
3.03876891e-01	1.14856657e+01
3.04210455e-01	1.14945076e+01
3.04544019e-01	1.15037833e+01
3.04877583e-01	1.15133508e+01
3.05211147e-01	1.15230052e+01
3.05544711e-01	1.15325219e+01
3.05878275e-01	1.15416986e+01
3.06211839e-01	1.15503891e+01
3.06545403e-01	1.15585216e+01
3.06878968e-01	1.15661021e+01
3.07212532e-01	1.15732018e+01
3.07546096e-01	1.15799343e+01
3.07879660e-01	1.15864250e+01
3.08213224e-01	1.15927776e+01
3.08546788e-01	1.15990443e+01
3.08880352e-01	1.16052051e+01
3.09213916e-01	1.16111624e+01
3.09547480e-01	1.16167527e+01
3.09881044e-01	1.16217763e+01
3.10214609e-01	1.16260355e+01
3.10548173e-01	1.16293741e+01
3.10881737e-01	1.16317055e+01
3.11215301e-01	1.16330241e+01
3.11548865e-01	1.16333965e+01
3.11882429e-01	1.16329391e+01
3.12215993e-01	1.16317885e+01
3.12549557e-01	1.16300762e+01
3.12883121e-01	1.16279128e+01
3.13216685e-01	1.16253835e+01
3.13550249e-01	1.16225518e+01
3.13883814e-01	1.16194672e+01
3.14217378e-01	1.16161703e+01
3.14550942e-01	1.16126942e+01
3.14884506e-01	1.16090620e+01
3.15218070e-01	1.16052839e+01
3.15551634e-01	1.16013548e+01
3.15885198e-01	1.15972557e+01
3.16218762e-01	1.15929571e+01
3.16552326e-01	1.15884216e+01
3.16885890e-01	1.15836057e+01
3.17219455e-01	1.15784587e+01
3.17553019e-01	1.15729205e+01
3.17886583e-01	1.15669199e+01
3.18220147e-01	1.15603760e+01
3.18553711e-01	1.15532036e+01
3.18887275e-01	1.15453202e+01
3.19220839e-01	1.15366546e+01
3.19554403e-01	1.15271532e+01
3.19887967e-01	1.15167819e+01
3.20221531e-01	1.15055268e+01
3.20555095e-01	1.14933912e+01
3.20888660e-01	1.14803947e+01
3.21222224e-01	1.14665736e+01
3.21555788e-01	1.14519826e+01
3.21889352e-01	1.14366970e+01
3.22222916e-01	1.14208114e+01
3.22556480e-01	1.14044326e+01
3.22890044e-01	1.13876666e+01
3.23223608e-01	1.13706006e+01
3.23557172e-01	1.13532858e+01
3.23890736e-01	1.13357236e+01
3.24224301e-01	1.13178633e+01
3.24557865e-01	1.12996100e+01
3.24891429e-01	1.12808436e+01
3.25224993e-01	1.12614425e+01
3.25558557e-01	1.12413068e+01
3.25892121e-01	1.12203744e+01
3.26225685e-01	1.11986265e+01
3.26559249e-01	1.11760830e+01
3.26892813e-01	1.11527901e+01
3.27226377e-01	1.11288053e+01
3.27559941e-01	1.11041853e+01
3.27893506e-01	1.10789777e+01
3.28227070e-01	1.10532186e+01
3.28560634e-01	1.10269348e+01
3.28894198e-01	1.10001464e+01
3.29227762e-01	1.09728707e+01
3.29561326e-01	1.09451238e+01
3.29894890e-01	1.09169216e+01
3.30228454e-01	1.08882800e+01
3.30562018e-01	1.08592149e+01
3.30895582e-01	1.08297414e+01
3.31229147e-01	1.07998724e+01
3.31562711e-01	1.07696169e+01
3.31896275e-01	1.07389780e+01
3.32229839e-01	1.07079534e+01
3.32563403e-01	1.06765381e+01
3.32896967e-01	1.06447310e+01
3.33230531e-01	1.06125423e+01
3.33564095e-01	1.05799993e+01
3.33897659e-01	1.05484792e+01
