-8.00553828e-03	-0.00000000e+00
-7.67197419e-03	3.58476811e-02
-7.33841009e-03	1.15779405e-01
-7.00484600e-03	3.00039038e-01
-6.67128190e-03	7.16967461e-01
-6.33771781e-03	1.62008903e+00
-6.00415371e-03	3.49848848e+00
-5.67058962e-03	7.25083573e+00
-5.33702552e-03	1.44434056e+01
-5.00346143e-03	2.76657431e+01
-4.66989733e-03	5.09687810e+01
-4.33633324e-03	9.03263833e+01
-4.00276914e-03	1.53998354e+02
-3.66920505e-03	2.52605084e+02
-3.33564095e-03	3.98677029e+02
-3.00207686e-03	6.05449728e+02
-2.66851276e-03	8.84779124e+02
-2.33494867e-03	1.24425666e+03
-2.00138457e-03	1.68390118e+03
-1.66782048e-03	2.19311201e+03
-1.33425638e-03	2.74876949e+03
-1.00069229e-03	3.31535536e+03
-6.67128190e-04	3.84765637e+03
-3.33564095e-04	4.29603408e+03
1.85165269e-18	4.61353247e+03
3.33564095e-04	4.76347242e+03
6.67128190e-04	4.72587388e+03
1.00069229e-03	4.50119638e+03
1.33425638e-03	4.11048882e+03
1.66782048e-03	3.59191473e+03
2.00138457e-03	2.99449790e+03
2.33494867e-03	2.37054347e+03
2.66851276e-03	1.76836514e+03
3.00207686e-03	1.22667567e+03
3.33564095e-03	7.71415089e+02
3.66920505e-03	4.15116944e+02
4.00276914e-03	1.58355406e+02
4.33633324e-03	-7.49399981e+00
4.66989733e-03	-9.69884637e+01
5.00346143e-03	-1.27495142e+02
5.33702552e-03	-1.16611195e+02
5.67058962e-03	-8.02911770e+01
6.00415371e-03	-3.16850435e+01
6.33771781e-03	1.93880447e+01
6.67128190e-03	6.64290126e+01
7.00484600e-03	1.05816278e+02
7.33841009e-03	1.36055694e+02
7.67197419e-03	1.56881922e+02
8.00553828e-03	1.68401583e+02
8.33910238e-03	1.70472596e+02
8.67266648e-03	1.62469692e+02
9.00623057e-03	1.43488661e+02
9.33979467e-03	1.12914436e+02
9.67335876e-03	7.11572930e+01
1.00069229e-02	2.02879807e+01
1.03404870e-02	-3.56907481e+01
1.06740510e-02	-9.11049159e+01
1.10076151e-02	-1.39414624e+02
1.13411792e-02	-1.74402571e+02
1.16747433e-02	-1.91451004e+02
1.20083074e-02	-1.88565610e+02
1.23418715e-02	-1.66863655e+02
1.26754356e-02	-1.30388923e+02
1.30089997e-02	-8.53020554e+01
1.33425638e-02	-3.86614181e+01
1.36761279e-02	2.89728739e+00
1.40096920e-02	3.42772122e+01
1.43432561e-02	5.26123873e+01
1.46768202e-02	5.74502140e+01
1.50103843e-02	5.04738563e+01
1.53439484e-02	3.49069853e+01
1.56775125e-02	1.47765580e+01
1.60110766e-02	-5.80961511e+00
1.63446407e-02	-2.32650592e+01
1.66782048e-02	-3.49560308e+01
1.70117689e-02	-3.94508039e+01
1.73453330e-02	-3.65936871e+01
1.76788970e-02	-2.74145904e+01
1.80124611e-02	-1.38858619e+01
1.83460252e-02	1.45085066e+00
1.86795893e-02	1.59431388e+01
1.90131534e-02	2.73024940e+01
1.93467175e-02	3.40093044e+01
1.96802816e-02	3.55636477e+01
2.00138457e-02	3.25230142e+01
2.03474098e-02	2.63151817e+01
2.06809739e-02	1.88664742e+01
2.10145380e-02	1.21323367e+01
2.13481021e-02	7.64296549e+00
2.16816662e-02	6.17338529e+00
2.20152303e-02	7.61484188e+00
2.23487944e-02	1.10719181e+01
2.26823585e-02	1.51525996e+01
2.30159226e-02	1.83698513e+01
2.33494867e-02	1.95473453e+01
2.36830508e-02	1.81266735e+01
2.40166149e-02	1.43034788e+01
2.43501789e-02	8.96679812e+00
2.46837430e-02	3.46671712e+00
2.50173071e-02	-7.24250697e-01
2.53508712e-02	-2.36975966e+00
2.56844353e-02	-7.63343342e-01
2.60179994e-02	4.10671745e+00
2.63515635e-02	1.15518522e+01
2.66851276e-02	2.03300959e+01
2.70186917e-02	2.89068807e+01
2.73522558e-02	3.57702658e+01
2.76858199e-02	3.97329546e+01
2.80193840e-02	4.01598710e+01
2.83529481e-02	3.70787720e+01
2.86865122e-02	3.11565977e+01
2.90200763e-02	2.35517094e+01
2.93536404e-02	1.56767443e+01
2.96872045e-02	8.92273864e+00
3.00207686e-02	4.39988376e+00
3.03543327e-02	2.74397514e+00
3.06878968e-02	4.02165698e+00
3.10214609e-02	7.74620433e+00
3.13550249e-02	1.29940361e+01
3.16885890e-02	1.85941015e+01
3.20221531e-02	2.33508110e+01
3.23557172e-02	2.62583505e+01
3.26892813e-02	2.66688500e+01
3.30228454e-02	2.43871699e+01
3.33564095e-02	1.96797741e+01
3.36899736e-02	1.32010520e+01
3.40235377e-02	5.85446382e+00
3.43571018e-02	-1.38320367e+00
3.46906659e-02	-7.64055301e+00
3.50242300e-02	-1.23004416e+01
3.53577941e-02	-1.50929457e+01
3.56913582e-02	-1.61175424e+01
3.60249223e-02	-1.57935378e+01
3.63584864e-02	-1.47510829e+01
3.66920505e-02	-1.36854746e+01
3.70256146e-02	-1.32036434e+01
3.73591787e-02	-1.36923446e+01
3.76927428e-02	-1.52326807e+01
3.80263069e-02	-1.75768210e+01
3.83598709e-02	-2.01911850e+01
3.86934350e-02	-2.23578155e+01
3.90269991e-02	-2.33151006e+01
3.93605632e-02	-2.24118037e+01
3.96941273e-02	-1.92456762e+01
4.00276914e-02	-1.37610057e+01
4.03612555e-02	-6.28709536e+00
4.06948196e-02	2.49001314e+00
4.10283837e-02	1.16185019e+01
4.13619478e-02	2.00195400e+01
4.16955119e-02	2.66512635e+01
4.20290760e-02	3.06713082e+01
4.23626401e-02	3.15713802e+01
4.26962042e-02	2.92618786e+01
4.30297683e-02	2.40925055e+01
4.33633324e-02	1.68051212e+01
4.36968965e-02	8.42622695e+00
4.40304606e-02	1.16077397e-01
4.43640247e-02	-7.00170185e+00
4.46975888e-02	-1.20030283e+01
4.50311529e-02	-1.42936234e+01
4.53647169e-02	-1.36873565e+01
4.56982810e-02	-1.04219483e+01
4.60318451e-02	-5.11152319e+00
4.63654092e-02	1.35446710e+00
4.66989733e-02	7.94857245e+00
4.70325374e-02	1.36567651e+01
4.73661015e-02	1.76207543e+01
4.76996656e-02	1.92509041e+01
4.80332297e-02	1.82953597e+01
4.83667938e-02	1.48587599e+01
4.87003579e-02	9.37196927e+00
4.90339220e-02	2.52106287e+00
4.93674861e-02	-4.85142858e+00
4.97010502e-02	-1.18579368e+01
5.00346143e-02	-1.76754861e+01
5.03681784e-02	-2.16413693e+01
5.07017425e-02	-2.33259432e+01
5.10353066e-02	-2.25770583e+01
5.13688707e-02	-1.95334659e+01
5.17024348e-02	-1.46069187e+01
5.20359989e-02	-8.43487118e+00
5.23695629e-02	-1.80776799e+00
5.27031270e-02	4.42261986e+00
5.30366911e-02	9.44470687e+00
5.33702552e-02	1.25872124e+01
5.37038193e-02	1.34054674e+01
5.40373834e-02	1.17419904e+01
5.43709475e-02	7.75190719e+00
5.47045116e-02	1.88783454e+00
5.50380757e-02	-5.15570600e+00
5.53716398e-02	-1.25321516e+01
5.57052039e-02	-1.93553905e+01
5.60387680e-02	-2.48191886e+01
5.63723321e-02	-2.83060190e+01
5.67058962e-02	-2.94689960e+01
5.70394603e-02	-2.82745850e+01
5.73730244e-02	-2.49999310e+01
5.77065885e-02	-2.01861383e+01
5.80401526e-02	-1.45558078e+01
5.83737167e-02	-8.90838045e+00
5.87072808e-02	-4.00972408e+00
5.90408449e-02	-4.92228027e-01
5.93744089e-02	1.22115824e+00
5.97079730e-02	9.60036340e-01
6.00415371e-02	-1.18651346e+00
6.03751012e-02	-4.89704610e+00
6.07086653e-02	-9.67235066e+00
6.10422294e-02	-1.49079653e+01
6.13757935e-02	-1.99737916e+01
6.17093576e-02	-2.42903771e+01
6.20429217e-02	-2.73930550e+01
6.23764858e-02	-2.89777242e+01
6.27100499e-02	-2.89249269e+01
6.30436140e-02	-2.73016124e+01
6.33771781e-02	-2.43425164e+01
6.37107422e-02	-2.04149686e+01
6.40443063e-02	-1.59721836e+01
6.43778704e-02	-1.15008346e+01
6.47114345e-02	-7.46863616e+00
6.50449986e-02	-4.27705456e+00
6.53785627e-02	-2.22339109e+00
6.57121268e-02	-1.47519884e+00
6.60456908e-02	-2.05864278e+00
6.63792549e-02	-3.86115316e+00
6.67128190e-02	-6.64749407e+00
6.70463831e-02	-1.00873799e+01
6.73799472e-02	-1.37918490e+01
6.77135113e-02	-1.73547582e+01
6.80470754e-02	-2.03953641e+01
6.83806395e-02	-2.25977870e+01
6.87142036e-02	-2.37433058e+01
6.90477677e-02	-2.37322356e+01
6.93813318e-02	-2.25932318e+01
6.97148959e-02	-2.04790802e+01
7.00484600e-02	-1.76494157e+01
7.03820241e-02	-1.44421193e+01
7.07155882e-02	-1.12362531e+01
7.10491523e-02	-8.41026912e+00
7.13827164e-02	-6.29983221e+00
7.17162805e-02	-5.15986230e+00
7.20498446e-02	-5.13510500e+00
7.23834087e-02	-6.24273095e+00
7.27169728e-02	-8.36923925e+00
7.30505368e-02	-1.12822823e+01
7.33841009e-02	-1.46562418e+01
7.37176650e-02	-1.81087447e+01
7.40512291e-02	-2.12439465e+01
7.43847932e-02	-2.36975802e+01
7.47183573e-02	-2.51785315e+01
7.50519214e-02	-2.55020319e+01
7.53854855e-02	-2.46106287e+01
7.57190496e-02	-2.25806452e+01
7.60526137e-02	-1.96135127e+01
7.63861778e-02	-1.60130959e+01
7.67197419e-02	-1.21517327e+01
7.70533060e-02	-8.42876009e+00
7.73868701e-02	-5.22593479e+00
7.77204342e-02	-2.86449026e+00
7.80539983e-02	-1.56843829e+00
7.83875624e-02	-1.43825665e+00
7.87211265e-02	-2.43829031e+00
7.90546906e-02	-4.39979475e+00
7.93882547e-02	-7.03977203e+00
7.97218188e-02	-9.99386969e+00
8.00553828e-02	-1.28597104e+01
8.03889469e-02	-1.52454413e+01
8.07225110e-02	-1.68174733e+01
8.10560751e-02	-1.73413923e+01
8.13896392e-02	-1.67107538e+01
8.17232033e-02	-1.49599424e+01
8.20567674e-02	-1.22593947e+01
8.23903315e-02	-8.89380886e+00
8.27238956e-02	-5.22612534e+00
8.30574597e-02	-1.65191926e+00
8.33910238e-02	1.44986686e+00
8.37245879e-02	3.76355827e+00
8.40581520e-02	5.07494489e+00
8.43917161e-02	5.29634616e+00
8.47252802e-02	4.47547947e+00
8.50588443e-02	2.78708729e+00
8.53924084e-02	5.08466542e-01
8.57259725e-02	-2.01783420e+00
8.60595366e-02	-4.42911183e+00
8.63931007e-02	-6.38920965e+00
8.67266648e-02	-7.63036553e+00
8.70602288e-02	-7.98452848e+00
8.73937929e-02	-7.40016387e+00
8.77273570e-02	-5.94288888e+00
8.80609211e-02	-3.78077541e+00
8.83944852e-02	-1.15729051e+00
8.87280493e-02	1.64362627e+00
8.90616134e-02	4.33505169e+00
8.93951775e-02	6.66191979e+00
8.97287416e-02	8.42882814e+00
9.00623057e-02	9.51776235e+00
9.03958698e-02	9.89440080e+00
9.07294339e-02	9.60347792e+00
9.10629980e-02	8.75526169e+00
9.13965621e-02	7.50617924e+00
9.17301262e-02	6.03694156e+00
9.20636903e-02	4.53129756e+00
9.23972544e-02	3.15779830e+00
9.27308185e-02	2.05598980e+00
9.30643826e-02	1.32763884e+00
9.33979467e-02	1.03286805e+00
9.37315108e-02	1.19053393e+00
9.40650748e-02	1.78187590e+00
9.43986389e-02	2.75625927e+00
9.47322030e-02	4.03789613e+00
9.50657671e-02	5.53273972e+00
9.53993312e-02	7.13511485e+00
9.57328953e-02	8.73408401e+00
9.60664594e-02	1.02198104e+01
9.64000235e-02	1.14901500e+01
9.67335876e-02	1.24575211e+01
9.70671517e-02	1.30557341e+01
9.74007158e-02	1.32461281e+01
9.77342799e-02	1.30222778e+01
9.80678440e-02	1.24125602e+01
9.84014081e-02	1.14799757e+01
9.87349722e-02	1.03188027e+01
9.90685363e-02	9.04791006e+00
9.94021004e-02	7.80091354e+00
9.97356645e-02	6.71376466e+00
1.00069229e-01	5.91084084e+00
1.00402793e-01	5.49112744e+00
1.00736357e-01	5.51629710e+00
1.01069921e-01	6.00233633e+00
1.01403485e-01	6.91594209e+00
1.01737049e-01	8.17630421e+00
1.02070613e-01	9.66221995e+00
1.02404177e-01	1.12238527e+01
1.02737741e-01	1.26979926e+01
1.03071305e-01	1.39253545e+01
1.03404870e-01	1.47681120e+01
1.03738434e-01	1.51256892e+01
1.04071998e-01	1.49468933e+01
1.04405562e-01	1.42367856e+01
1.04739126e-01	1.30573178e+01
1.05072690e-01	1.15215998e+01
1.05406254e-01	9.78248981e+00
1.05739818e-01	8.01687529e+00
1.06073382e-01	6.40741026e+00
1.06406946e-01	5.12361651e+00
1.06740510e-01	4.30420878e+00
1.07074075e-01	4.04235141e+00
1.07407639e-01	4.37530305e+00
1.07741203e-01	5.27950382e+00
1.08074767e-01	6.67168446e+00
1.08408331e-01	8.41602467e+00
1.08741895e-01	1.03367677e+01
1.09075459e-01	1.22351861e+01
1.09409023e-01	1.39093894e+01
1.09742587e-01	1.51751933e+01
1.10076151e-01	1.58860913e+01
1.10409716e-01	1.59502203e+01
1.10743280e-01	1.53423093e+01
1.11076844e-01	1.41089161e+01
1.11410408e-01	1.23658166e+01
1.11743972e-01	1.02874049e+01
1.12077536e-01	8.08902052e+00
1.12411100e-01	6.00403784e+00
1.12744664e-01	4.25833579e+00
1.13078228e-01	3.04505180e+00
1.13411792e-01	2.50240418e+00
1.13745356e-01	2.69707244e+00
1.14078921e-01	3.61504150e+00
1.14412485e-01	5.16111559e+00
1.14746049e-01	7.16749861e+00
1.15079613e-01	9.41084028e+00
1.15413177e-01	1.16361523e+01
1.15746741e-01	1.35850448e+01
1.16080305e-01	1.50250295e+01
1.16413869e-01	1.57764237e+01
1.16747433e-01	1.57335836e+01
1.17080997e-01	1.48778490e+01
1.17414562e-01	1.32805576e+01
1.17748126e-01	1.10956420e+01
1.18081690e-01	8.54259765e+00
1.18415254e-01	5.88174998e+00
1.18748818e-01	3.38471881e+00
1.19082382e-01	1.30369561e+00
1.19415946e-01	-1.56742257e-01
1.19749510e-01	-8.61964519e-01
1.20083074e-01	-7.61271029e-01
1.20416638e-01	1.07784902e-01
1.20750202e-01	1.62480951e+00
1.21083767e-01	3.60069106e+00
1.21417331e-01	5.79856944e+00
1.21750895e-01	7.95927661e+00
1.22084459e-01	9.82854989e+00
1.22418023e-01	1.11832695e+01
1.22751587e-01	1.18541559e+01
1.23085151e-01	1.17427529e+01
1.23418715e-01	1.08311952e+01
1.23752279e-01	9.18399968e+00
1.24085843e-01	6.94184650e+00
1.24419408e-01	4.30803565e+00
1.24752972e-01	1.52885705e+00
1.25086536e-01	-1.13045094e+00
1.25420100e-01	-3.41215251e+00
1.25753664e-01	-5.09258416e+00
1.26087228e-01	-6.00623012e+00
1.26420792e-01	-6.06468506e+00
1.26754356e-01	-5.26823837e+00
1.27087920e-01	-3.70838716e+00
1.27421484e-01	-1.56053010e+00
1.27755048e-01	9.32764365e-01
1.28088613e-01	3.48643671e+00
1.28422177e-01	5.80312573e+00
1.28755741e-01	7.60571605e+00
1.29089305e-01	8.66867609e+00
1.29422869e-01	8.84456943e+00
1.29756433e-01	8.08246515e+00
1.30089997e-01	6.43573905e+00
1.30423561e-01	4.05796755e+00
1.30757125e-01	1.18705250e+00
1.31090689e-01	-1.88076093e+00
1.31424254e-01	-4.82393932e+00
1.31757818e-01	-7.33187769e+00
1.32091382e-01	-9.13998182e+00
1.32424946e-01	-1.00594914e+01
1.32758510e-01	-9.99862821e+00
1.33092074e-01	-8.97267528e+00
1.33425638e-01	-7.10194358e+00
1.33759202e-01	-4.59803273e+00
1.34092766e-01	-1.74010584e+00
1.34426330e-01	1.15592505e+00
1.34759894e-01	3.77168014e+00
1.35093459e-01	5.82021431e+00
1.35427023e-01	7.07590211e+00
1.35760587e-01	7.39737877e+00
1.36094151e-01	6.74148734e+00
1.36427715e-01	5.16709271e+00
1.36761279e-01	2.82863792e+00
1.37094843e-01	-3.97899294e-02
1.37428407e-01	-3.14833916e+00
1.37761971e-01	-6.18093830e+00
1.38095535e-01	-8.82762934e+00
1.38429100e-01	-1.08164884e+01
1.38762664e-01	-1.19419752e+01
1.39096228e-01	-1.20868457e+01
1.39429792e-01	-1.12353644e+01
1.39763356e-01	-9.47644109e+00
1.40096920e-01	-6.99621956e+00
1.40430484e-01	-4.06059615e+00
1.40764048e-01	-9.89122163e-01
1.41097612e-01	1.87738882e+00
1.41431176e-01	4.21247054e+00
1.41764740e-01	5.73923975e+00
1.42098305e-01	6.26145703e+00
1.42431869e-01	5.68686470e+00
1.42765433e-01	4.03999685e+00
1.43098997e-01	1.46262109e+00
1.43432561e-01	-1.79871553e+00
1.43766125e-01	-5.41707340e+00
1.44099689e-01	-9.01920875e+00
1.44433253e-01	-1.22259213e+01
1.44766817e-01	-1.46942882e+01
1.45100381e-01	-1.61570267e+01
1.45433946e-01	-1.64542875e+01
1.45767510e-01	-1.55538881e+01
1.46101074e-01	-1.35573046e+01
1.46434638e-01	-1.06903436e+01
1.46768202e-01	-7.27928478e+00
1.47101766e-01	-3.71507982e+00
1.47435330e-01	-4.09611950e-01
1.47768894e-01	2.25103089e+00
1.48102458e-01	3.95090423e+00
1.48436022e-01	4.48099997e+00
1.48769586e-01	3.76412592e+00
1.49103151e-01	1.86479493e+00
1.49436715e-01	-1.01724119e+00
1.49770279e-01	-4.56917261e+00
1.50103843e-01	-8.40052188e+00
1.50437407e-01	-1.20876132e+01
1.50770971e-01	-1.52218405e+01
1.51104535e-01	-1.74560860e+01
1.51438099e-01	-1.85439152e+01
1.51771663e-01	-1.83670746e+01
1.52105227e-01	-1.69482342e+01
1.52438792e-01	-1.44475822e+01
1.52772356e-01	-1.11437759e+01
1.53105920e-01	-7.40153410e+00
1.53439484e-01	-3.62966031e+00
1.53773048e-01	-2.34471789e-01
1.54106612e-01	2.42587654e+00
1.54440176e-01	4.08090103e+00
1.54773740e-01	4.57666338e+00
1.55107304e-01	3.89088629e+00
1.55440868e-01	2.13291736e+00
1.55774432e-01	-4.71016552e-01
1.56107997e-01	-3.60521473e+00
1.56441561e-01	-6.90116069e+00
1.56775125e-01	-9.97903691e+00
1.57108689e-01	-1.24893851e+01
1.57442253e-01	-1.41503688e+01
1.57775817e-01	-1.47766864e+01
1.58109381e-01	-1.42973168e+01
1.58442945e-01	-1.27606243e+01
1.58776509e-01	-1.03267145e+01
1.59110073e-01	-7.24827044e+00
1.59443638e-01	-3.84222381e+00
1.59777202e-01	-4.55438541e-01
1.60110766e-01	2.57193121e+00
1.60444330e-01	4.94160805e+00
1.60777894e-01	6.42730513e+00
1.61111458e-01	6.89681382e+00
1.61445022e-01	6.32399517e+00
1.61778586e-01	4.78972781e+00
1.62112150e-01	2.47200788e+00
1.62445714e-01	-3.73530770e-01
1.62779278e-01	-3.44049994e+00
1.63112843e-01	-6.40334152e+00
1.63446407e-01	-8.95055892e+00
1.63779971e-01	-1.08163753e+01
1.64113535e-01	-1.18078054e+01
1.64447099e-01	-1.18244230e+01
1.64780663e-01	-1.08686435e+01
1.65114227e-01	-9.04529015e+00
1.65447791e-01	-6.55025643e+00
1.65781355e-01	-3.64927558e+00
1.66114919e-01	-6.49063726e-01
1.66448484e-01	2.13599522e+00
1.66782048e-01	4.41786300e+00
1.67115612e-01	5.96563606e+00
1.67449176e-01	6.62962661e+00
1.67782740e-01	6.35612878e+00
1.68116304e-01	5.19138370e+00
1.68449868e-01	3.27456801e+00
1.68783432e-01	8.20996958e-01
1.69116996e-01	-1.90221372e+00
1.69450560e-01	-4.60511115e+00
1.69784124e-01	-7.00520947e+00
1.70117689e-01	-8.85597901e+00
1.70451253e-01	-9.97082650e+00
1.70784817e-01	-1.02404453e+01
1.71118381e-01	-9.64217986e+00
1.71451945e-01	-8.24082997e+00
1.71785509e-01	-6.18101995e+00
1.72119073e-01	-3.67197055e+00
1.72452637e-01	-9.66195337e-01
1.72786201e-01	1.66579645e+00
1.73119765e-01	3.96238207e+00
1.73453330e-01	5.69673513e+00
1.73786894e-01	6.69927010e+00
1.74120458e-01	6.87450432e+00
1.74454022e-01	6.21072607e+00
1.74787586e-01	4.78146815e+00
1.75121150e-01	2.73850181e+00
1.75454714e-01	2.96808622e-01
1.75788278e-01	-2.28718196e+00
1.76121842e-01	-4.74205408e+00
1.76455406e-01	-6.80991095e+00
1.76788970e-01	-8.27378815e+00
1.77122535e-01	-8.98084759e+00
1.77456099e-01	-8.85864288e+00
1.77789663e-01	-7.92247411e+00
1.78123227e-01	-6.27298642e+00
1.78456791e-01	-4.08436751e+00
1.78790355e-01	-1.58460236e+00
1.79123919e-01	9.69786324e-01
1.79457483e-01	3.32150708e+00
1.79791047e-01	5.23959661e+00
1.80124611e-01	6.54287636e+00
1.80458176e-01	7.11739440e+00
1.80791740e-01	6.92627999e+00
1.81125304e-01	6.01137897e+00
1.81458868e-01	4.48699374e+00
1.81792432e-01	2.52679986e+00
1.82125996e-01	3.45517655e-01
1.82459560e-01	-1.82273163e+00
1.82793124e-01	-3.74731551e+00
1.83126688e-01	-5.22323094e+00
1.83460252e-01	-6.09058171e+00
1.83793816e-01	-6.24968458e+00
1.84127381e-01	-5.67049826e+00
1.84460945e-01	-4.39548097e+00
1.84794509e-01	-2.53555818e+00
1.85128073e-01	-2.59544074e-01
1.85461637e-01	2.22209650e+00
1.85795201e-01	4.67767322e+00
1.86128765e-01	6.87698787e+00
1.86462329e-01	8.61425034e+00
1.86795893e-01	9.72893353e+00
1.87129457e-01	1.01224108e+01
1.87463022e-01	9.76858069e+00
1.87796586e-01	8.71716288e+00
1.88130150e-01	7.08910137e+00
1.88463714e-01	5.06442537e+00
1.88797278e-01	2.86378147e+00
1.89130842e-01	7.25587642e-01
1.89464406e-01	-1.11868930e+00
1.89797970e-01	-2.46841689e+00
1.90131534e-01	-3.17428459e+00
1.90465098e-01	-3.15323361e+00
1.90798662e-01	-2.39633036e+00
1.91132227e-01	-9.68922944e-01
1.91465791e-01	9.96775162e-01
1.91799355e-01	3.31571859e+00
1.92132919e-01	5.76904323e+00
1.92466483e-01	8.12600557e+00
1.92800047e-01	1.01666125e+01
1.93133611e-01	1.17027838e+01
1.93467175e-01	1.25961517e+01
1.93800739e-01	1.27710062e+01
1.94134303e-01	1.22213512e+01
1.94467868e-01	1.10114972e+01
1.94801432e-01	9.27013719e+00
1.95134996e-01	7.17832777e+00
1.95468560e-01	4.95226928e+00
1.95802124e-01	2.82234449e+00
1.96135688e-01	1.01026679e+00
1.96469252e-01	-2.93506388e-01
1.96802816e-01	-9.49770971e-01
1.97136380e-01	-8.85822572e-01
1.97469944e-01	-1.04157115e-01
1.97803508e-01	1.31656945e+00
1.98137073e-01	3.22870900e+00
1.98470637e-01	5.43038577e+00
1.98804201e-01	7.68638217e+00
1.99137765e-01	9.75292376e+00
1.99471329e-01	1.14036084e+01
1.99804893e-01	1.24535169e+01
2.00138457e-01	1.27788078e+01
2.00472021e-01	1.23296644e+01
2.00805585e-01	1.11352760e+01
2.01139149e-01	9.30049381e+00
2.01472713e-01	6.99469405e+00
2.01806278e-01	4.43414753e+00
2.02139842e-01	1.85977472e+00
2.02473406e-01	-4.87424756e-01
2.02806970e-01	-2.39079876e+00
2.03140534e-01	-3.67991402e+00
2.03474098e-01	-4.24766011e+00
2.03807662e-01	-4.06084071e+00
2.04141226e-01	-3.16317453e+00
2.04474790e-01	-1.67040214e+00
2.04808354e-01	2.41952306e-01
2.05141919e-01	2.35686965e+00
2.05475483e-01	4.43824401e+00
2.05809047e-01	6.25506477e+00
2.06142611e-01	7.60491275e+00
2.06476175e-01	8.33436201e+00
2.06809739e-01	8.35424824e+00
2.07143303e-01	7.64835204e+00
2.07476867e-01	6.27467701e+00
2.07810431e-01	4.35928495e+00
2.08143995e-01	2.08339227e+00
2.08477559e-01	-3.34961161e-01
2.08811124e-01	-2.66285590e+00
2.09144688e-01	-4.67595200e+00
2.09478252e-01	-6.18121241e+00
2.09811816e-01	-7.03663425e+00
2.10145380e-01	-7.16597095e+00
2.10478944e-01	-6.56685925e+00
2.10812508e-01	-5.31136385e+00
2.11146072e-01	-3.53873989e+00
2.11479636e-01	-1.44113037e+00
2.11813200e-01	7.56291690e-01
2.12146765e-01	2.81862606e+00
2.12480329e-01	4.52546588e+00
2.12813893e-01	5.69351724e+00
2.13147457e-01	6.19536507e+00
2.13481021e-01	5.97249699e+00
2.13814585e-01	5.04131696e+00
2.14148149e-01	3.49157060e+00
2.14481713e-01	1.47729052e+00
2.14815277e-01	-7.98882856e-01
2.15148841e-01	-3.10646322e+00
2.15482405e-01	-5.21083177e+00
2.15815970e-01	-6.89740671e+00
2.16149534e-01	-7.99371981e+00
2.16483098e-01	-8.38705655e+00
2.16816662e-01	-8.03580268e+00
2.17150226e-01	-6.97335579e+00
2.17483790e-01	-5.30428297e+00
2.17817354e-01	-3.19320654e+00
2.18150918e-01	-8.47674199e-01
2.18484482e-01	1.50308035e+00
2.18818046e-01	3.63126170e+00
2.19151611e-01	5.33315371e+00
2.19485175e-01	6.44897302e+00
2.19818739e-01	6.87807124e+00
2.20152303e-01	6.58814909e+00
2.20485867e-01	5.61771406e+00
2.20819431e-01	4.07169276e+00
2.21152995e-01	2.11069161e+00
2.21486559e-01	-6.50778886e-02
2.21820123e-01	-2.23568128e+00
2.22153687e-01	-4.18326033e+00
2.22487251e-01	-5.71365985e+00
2.22820816e-01	-6.67572321e+00
2.23154380e-01	-6.97628223e+00
2.23487944e-01	-6.58934530e+00
2.23821508e-01	-5.55855590e+00
2.24155072e-01	-3.99266222e+00
2.24488636e-01	-2.05450504e+00
2.24822200e-01	5.53586140e-02
2.25155764e-01	2.11877869e+00
2.25489328e-01	3.92187165e+00
2.25822892e-01	5.27645665e+00
2.26156457e-01	6.03892697e+00
2.26490021e-01	6.12466854e+00
2.26823585e-01	5.51662191e+00
2.27157149e-01	4.26716630e+00
2.27490713e-01	2.49319240e+00
2.27824277e-01	3.64885750e-01
2.28157841e-01	-1.91070950e+00
2.28491405e-01	-4.10980126e+00
2.28824969e-01	-6.01376745e+00
2.29158533e-01	-7.43084802e+00
2.29492097e-01	-8.21552959e+00
2.29825662e-01	-8.28365036e+00
2.30159226e-01	-7.62160618e+00
2.30492790e-01	-6.28860536e+00
2.30826354e-01	-4.41158615e+00
2.31159918e-01	-2.17318566e+00
2.31493482e-01	2.06098243e-01
2.31827046e-01	2.48982075e+00
2.32160610e-01	4.44941564e+00
2.32494174e-01	5.88756829e+00
2.32827738e-01	6.65877399e+00
2.33161303e-01	6.68491997e+00
2.33494867e-01	5.96419060e+00
2.33828431e-01	4.57219594e+00
2.34161995e-01	2.65499366e+00
2.34495559e-01	4.14575075e-01
2.34829123e-01	-1.91179283e+00
2.35162687e-01	-4.07627246e+00
2.35496251e-01	-5.84660510e+00
2.35829815e-01	-7.03091373e+00
2.36163379e-01	-7.49846913e+00
2.36496943e-01	-7.19410552e+00
2.36830508e-01	-6.14463044e+00
2.37164072e-01	-4.45644909e+00
2.37497636e-01	-2.30457707e+00
2.37831200e-01	8.57975022e-02
2.38164764e-01	2.46315248e+00
2.38498328e-01	4.57625242e+00
2.38831892e-01	6.20065553e+00
2.39165456e-01	7.16226141e+00
2.39499020e-01	7.35548561e+00
2.39832584e-01	6.75424189e+00
2.40166149e-01	5.41465253e+00
2.40499713e-01	3.46926565e+00
2.40833277e-01	1.11337242e+00
2.41166841e-01	-1.41519385e+00
2.41500405e-01	-3.86068304e+00
2.41833969e-01	-5.97590884e+00
2.42167533e-01	-7.54780207e+00
2.42501097e-01	-8.41933462e+00
2.42834661e-01	-8.50552417e+00
2.43168225e-01	-7.80190813e+00
2.43501789e-01	-6.38468321e+00
2.43835354e-01	-4.40258293e+00
2.44168918e-01	-2.06140399e+00
2.44502482e-01	3.97210336e-01
2.44836046e-01	2.72054578e+00
2.45169610e-01	4.67061925e+00
2.45503174e-01	6.04842171e+00
2.45836738e-01	6.71414895e+00
2.46170302e-01	6.60136152e+00
2.46503866e-01	5.72365922e+00
2.46837430e-01	4.17318258e+00
2.47170995e-01	2.11104657e+00
2.47504559e-01	-2.49376507e-01
2.47838123e-01	-2.66467269e+00
2.48171687e-01	-4.88684105e+00
2.48505251e-01	-6.68932057e+00
2.48838815e-01	-7.89078483e+00
2.49172379e-01	-8.37409659e+00
2.49505943e-01	-8.09834074e+00
2.49839507e-01	-7.10264247e+00
2.50173071e-01	-5.50143170e+00
2.50506635e-01	-3.47178951e+00
2.50840200e-01	-1.23435391e+00
2.51173764e-01	9.70121227e-01
2.51507328e-01	2.90605877e+00
2.51840892e-01	4.36755359e+00
2.52174456e-01	5.19957037e+00
2.52508020e-01	5.31368558e+00
2.52841584e-01	4.69674269e+00
2.53175148e-01	3.41155628e+00
2.53508712e-01	1.58965741e+00
2.53842276e-01	-5.83076971e-01
2.54175841e-01	-2.88628677e+00
2.54509405e-01	-5.08830297e+00
2.54842969e-01	-6.97016749e+00
2.55176533e-01	-8.34799831e+00
2.55510097e-01	-9.09142865e+00
2.55843661e-01	-9.13631475e+00
2.56177225e-01	-8.49051471e+00
2.56510789e-01	-7.23223556e+00
2.56844353e-01	-5.50121244e+00
2.57177917e-01	-3.48372362e+00
2.57511481e-01	-1.39305613e+00
2.57845046e-01	5.52522682e-01
2.58178610e-01	2.15202285e+00
2.58512174e-01	3.24198357e+00
2.58845738e-01	3.71272760e+00
2.59179302e-01	3.51904634e+00
2.59512866e-01	2.68428823e+00
2.59846430e-01	1.29745762e+00
2.60179994e-01	-4.96394140e-01
2.60513558e-01	-2.51151992e+00
2.60847122e-01	-4.54097155e+00
2.61180687e-01	-6.37817835e+00
2.61514251e-01	-7.83830384e+00
2.61847815e-01	-8.77709134e+00
2.62181379e-01	-9.10522411e+00
2.62514943e-01	-8.79676465e+00
2.62848507e-01	-7.89091591e+00
2.63182071e-01	-6.48708376e+00
2.63515635e-01	-4.73391031e+00
2.63849199e-01	-2.81352159e+00
2.64182763e-01	-9.22667547e-01
2.64516327e-01	7.47301695e-01
2.64849892e-01	2.02961914e+00
2.65183456e-01	2.79855952e+00
2.65517020e-01	2.98156805e+00
2.65850584e-01	2.56590368e+00
2.66184148e-01	1.59920244e+00
2.66517712e-01	1.83971031e-01
2.66851276e-01	-1.53337588e+00
2.67184840e-01	-3.37777927e+00
2.67518404e-01	-5.16350676e+00
2.67851968e-01	-6.71296670e+00
2.68185533e-01	-7.87443680e+00
2.68519097e-01	-8.53690540e+00
2.68852661e-01	-8.64055332e+00
2.69186225e-01	-8.18190395e+00
2.69519789e-01	-7.21323562e+00
2.69853353e-01	-5.83642969e+00
2.70186917e-01	-4.19197806e+00
2.70520481e-01	-2.44432183e+00
2.70854045e-01	-7.64999916e-01
2.71187609e-01	6.84718095e-01
2.71521173e-01	1.76996911e+00
2.71854738e-01	2.39556722e+00
2.72188302e-01	2.51504959e+00
2.72521866e-01	2.13456099e+00
2.72855430e-01	1.31120432e+00
2.73188994e-01	1.46120469e-01
2.73522558e-01	-1.22684526e+00
2.73856122e-01	-2.65556108e+00
2.74189686e-01	-3.98547724e+00
2.74523250e-01	-5.07523399e+00
2.74856814e-01	-5.81043440e+00
2.75190379e-01	-6.11427923e+00
2.75523943e-01	-5.95414569e+00
2.75857507e-01	-5.34364994e+00
2.76191071e-01	-4.34017938e+00
2.76524635e-01	-3.03829856e+00
2.76858199e-01	-1.55980475e+00
2.77191763e-01	-4.14777472e-02
2.77525327e-01	1.37828112e+00
2.77858891e-01	2.57267584e+00
2.78192455e-01	3.43842135e+00
2.78526019e-01	3.90529380e+00
2.78859584e-01	3.94249673e+00
2.79193148e-01	3.56127520e+00
2.79526712e-01	2.81353825e+00
2.79860276e-01	1.78659447e+00
2.80193840e-01	5.94453044e-01
2.80527404e-01	-6.33495734e-01
2.80860968e-01	-1.76531007e+00
2.81194532e-01	-2.67956433e+00
2.81528096e-01	-3.27734779e+00
2.81861660e-01	-3.49197117e+00
2.82195225e-01	-3.29538729e+00
2.82528789e-01	-2.70068092e+00
2.82862353e-01	-1.76037368e+00
2.83195917e-01	-5.60708929e-01
2.83529481e-01	7.87492425e-01
2.83863045e-01	2.16044849e+00
2.84196609e-01	3.43427224e+00
2.84530173e-01	4.49767937e+00
2.84863737e-01	5.26317519e+00
2.85197301e-01	5.67552994e+00
2.85530865e-01	5.71667489e+00
2.85864430e-01	5.40658226e+00
2.86197994e-01	4.80017093e+00
2.86531558e-01	3.98071794e+00
2.86865122e-01	3.05060338e+00
2.87198686e-01	2.12046032e+00
2.87532250e-01	1.29790414e+00
2.87865814e-01	6.76971508e-01
2.88199378e-01	3.29264816e-01
2.88532942e-01	2.97590035e-01
2.88866506e-01	5.92598725e-01
2.89200071e-01	1.19264377e+00
2.89533635e-01	2.04676110e+00
2.89867199e-01	3.08039617e+00
2.90200763e-01	4.20323776e+00
2.90534327e-01	5.31833598e+00
2.90867891e-01	6.33156234e+00
2.91201455e-01	7.16044858e+00
2.91535019e-01	7.74154408e+00
2.91868583e-01	8.03562276e+00
2.92202147e-01	8.03032838e+00
2.92535711e-01	7.74015716e+00
2.92869276e-01	7.20396990e+00
2.93202840e-01	6.48045091e+00
2.93536404e-01	5.64208152e+00
2.93869968e-01	4.76826775e+00
2.94203532e-01	3.93824874e+00
2.94537096e-01	3.22434992e+00
2.94870660e-01	2.68607610e+00
2.95204224e-01	2.36545360e+00
2.95537788e-01	2.28392884e+00
2.95871352e-01	2.44103517e+00
2.96204917e-01	2.81491947e+00
2.96538481e-01	3.36466221e+00
2.96872045e-01	4.03417010e+00
2.97205609e-01	4.75729407e+00
2.97539173e-01	5.46371576e+00
2.97872737e-01	6.08508461e+00
2.98206301e-01	6.56090257e+00
2.98539865e-01	6.84370034e+00
2.98873429e-01	6.90310304e+00
2.99206993e-01	6.72848283e+00
2.99540557e-01	6.33000024e+00
2.99874122e-01	5.73792131e+00
3.00207686e-01	5.00021106e+00
3.00541250e-01	4.17854427e+00
3.00874814e-01	3.34299456e+00
3.01208378e-01	2.56578699e+00
3.01541942e-01	1.91463928e+00
3.01875506e-01	1.44630595e+00
3.02209070e-01	1.20096081e+00
3.02542634e-01	1.19803818e+00
3.02876198e-01	1.43404646e+00
3.03209763e-01	1.88264484e+00
3.03543327e-01	2.49701639e+00
3.03876891e-01	3.21430679e+00
3.04210455e-01	3.96163820e+00
3.04544019e-01	4.66303393e+00
3.04877583e-01	5.24653571e+00
3.05211147e-01	5.65083201e+00
3.05544711e-01	5.83081492e+00
3.05878275e-01	5.76162427e+00
3.06211839e-01	5.44089073e+00
3.06545403e-01	4.88902656e+00
3.06878968e-01	4.14753704e+00
3.07212532e-01	3.27546463e+00
3.07546096e-01	2.34423740e+00
3.07879660e-01	1.43134613e+00
3.08213224e-01	6.13398258e-01
3.08546788e-01	-4.08178009e-02
3.08880352e-01	-4.76615455e-01
3.09213916e-01	-6.58467735e-01
3.09547480e-01	-5.73390237e-01
3.09881044e-01	-2.32361724e-01
3.10214609e-01	3.30322235e-01
3.10548173e-01	1.05970008e+00
3.10881737e-01	1.88459177e+00
3.11215301e-01	2.72350766e+00
3.11548865e-01	3.49158136e+00
3.11882429e-01	4.10802285e+00
3.12215993e-01	4.50353878e+00
3.12549557e-01	4.62712265e+00
3.12883121e-01	4.45159274e+00
3.13216685e-01	3.97726722e+00
3.13550249e-01	3.23323098e+00
3.13883814e-01	2.27579806e+00
3.14217378e-01	1.18403416e+00
3.14550942e-01	5.25655924e-02
3.14884506e-01	-1.01770888e+00
3.15218070e-01	-1.93003888e+00
3.15551634e-01	-2.60217439e+00
3.15885198e-01	-2.97539562e+00
3.16218762e-01	-3.02112428e+00
3.16552326e-01	-2.74432390e+00
3.16885890e-01	-2.18328961e+00
3.17219455e-01	-1.40586396e+00
3.17553019e-01	-5.02527130e-01
3.17886583e-01	4.22865069e-01
3.18220147e-01	1.26369282e+00
3.18553711e-01	1.92140503e+00
3.18887275e-01	2.31545385e+00
3.19220839e-01	2.39135336e+00
3.19554403e-01	2.12611719e+00
3.19887967e-01	1.53061995e+00
3.20221531e-01	6.48734594e-01
3.20555095e-01	-4.46621401e-01
3.20888660e-01	-1.66017102e+00
3.21222224e-01	-2.88313776e+00
3.21555788e-01	-4.00353769e+00
3.21889352e-01	-4.91700981e+00
3.22222916e-01	-5.53719351e+00
3.22556480e-01	-5.80462470e+00
3.22890044e-01	-5.69320286e+00
3.23223608e-01	-5.21350377e+00
3.23557172e-01	-4.41252440e+00
3.23890736e-01	-3.36979647e+00
3.24224301e-01	-2.19017277e+00
3.24557865e-01	-9.93924666e-01
3.24891429e-01	9.49613472e-02
3.25224993e-01	9.61211621e-01
3.25558557e-01	1.51019322e+00
3.25892121e-01	1.67808856e+00
3.26225685e-01	1.43918554e+00
3.26559249e-01	8.09383320e-01
3.26892813e-01	-1.54624565e-01
3.27226377e-01	-1.36053068e+00
3.27559941e-01	-2.68948689e+00
3.27893506e-01	-4.00816224e+00
3.28227070e-01	-5.18252020e+00
3.28560634e-01	-6.09183467e+00
3.28894198e-01	-6.64144521e+00
3.29227762e-01	-6.77288102e+00
3.29561326e-01	-6.47024651e+00
3.29894890e-01	-5.76217453e+00
3.30228454e-01	-4.71914480e+00
3.30562018e-01	-3.44645745e+00
3.30895582e-01	-2.07361677e+00
3.31229147e-01	-7.41246457e-01
3.31562711e-01	4.13132195e-01
3.31896275e-01	1.26905193e+00
3.32229839e-01	1.73541176e+00
3.32563403e-01	1.75994292e+00
3.32896967e-01	1.33487497e+00
3.33230531e-01	4.98171005e-01
3.33564095e-01	-6.69891251e-01
3.33897659e-01	-2.06881326e+00
