-8.00553828e-03	-0.00000000e+00
-7.67197419e-03	9.39541769e-05
-7.33841009e-03	2.90600488e-04
-7.00484600e-03	7.43183104e-04
-6.67128190e-03	1.76885735e-03
-6.33771781e-03	4.01015478e-03
-6.00415371e-03	8.67791458e-03
-5.67058962e-03	1.80217490e-02
-5.33702552e-03	3.60562472e-02
-5.00346143e-03	6.95119684e-02
-4.66989733e-03	1.29170065e-01
-4.33633324e-03	2.31528283e-01
-4.00276914e-03	4.00441798e-01
-3.66920505e-03	6.68545984e-01
-3.33564095e-03	1.07795144e+00
-3.00207686e-03	1.67941351e+00
-2.66851276e-03	2.52959650e+00
-2.33494867e-03	3.68604188e+00
-2.00138457e-03	5.19986574e+00
-1.66782048e-03	7.10712813e+00
-1.33425638e-03	9.42005734e+00
-1.00069229e-03	1.21199092e+01
-6.67128190e-04	1.51533106e+01
-3.33564095e-04	1.84331709e+01
1.85165269e-18	2.18447096e+01
3.33564095e-04	2.52558087e+01
6.67128190e-04	2.85299277e+01
1.00069229e-03	3.15394399e+01
1.33425638e-03	3.41769048e+01
1.66782048e-03	3.63626449e+01
2.00138457e-03	3.80477702e+01
2.33494867e-03	3.92127923e+01
2.66851276e-03	3.98630494e+01
3.00207686e-03	4.00223323e+01
3.33564095e-03	3.97264074e+01
3.66920505e-03	3.90176374e+01
4.00276914e-03	3.79413148e+01
4.33633324e-03	3.65438967e+01
4.66989733e-03	3.48725852e+01
5.00346143e-03	3.29756879e+01
5.33702552e-03	3.09029899e+01
5.67058962e-03	2.87055789e+01
6.00415371e-03	2.64349532e+01
6.33771781e-03	2.41413539e+01
6.67128190e-03	2.18717390e+01
7.00484600e-03	1.96677356e+01
7.33841009e-03	1.75639998e+01
7.67197419e-03	1.55872848e+01
8.00553828e-03	1.37562262e+01
8.33910238e-03	1.20818589e+01
8.67266648e-03	1.05685802e+01
9.00623057e-03	9.21539158e+00
9.33979467e-03	8.01719889e+00
9.67335876e-03	6.96601184e+00
1.00069229e-02	6.05201019e+00
1.03404870e-02	5.26435400e+00
1.06740510e-02	4.59179455e+00
1.10076151e-02	4.02304406e+00
1.13411792e-02	3.54696225e+00
1.16747433e-02	3.15263416e+00
1.20083074e-02	2.82940012e+00
1.23418715e-02	2.56694555e+00
1.26754356e-02	2.35542763e+00
1.30089997e-02	2.18565440e+00
1.33425638e-02	2.04922574e+00
1.36761279e-02	1.93858012e+00
1.40096920e-02	1.84690278e+00
1.43432561e-02	1.76788781e+00
1.46768202e-02	1.69542868e+00
1.50103843e-02	1.62329314e+00
1.53439484e-02	1.54488649e+00
1.56775125e-02	1.45313942e+00
1.60110766e-02	1.34057267e+00
1.63446407e-02	1.19952803e+00
1.66782048e-02	1.02255540e+00
1.70117689e-02	8.02949299e-01
1.73453330e-02	5.35398392e-01
1.76788970e-02	2.16735825e-01
1.80124611e-02	-1.53288846e-01
1.83460252e-02	-5.71298297e-01
1.86795893e-02	-1.02980359e+00
1.90131534e-02	-1.51710678e+00
1.93467175e-02	-2.01774319e+00
1.96802816e-02	-2.51353538e+00
2.00138457e-02	-2.98518013e+00
2.03474098e-02	-3.41417422e+00
2.06809739e-02	-3.78472125e+00
2.10145380e-02	-4.08527104e+00
2.13481021e-02	-4.30936940e+00
2.16816662e-02	-4.45567846e+00
2.20152303e-02	-4.52722781e+00
2.23487944e-02	-4.53014153e+00
2.26823585e-02	-4.47221933e+00
2.30159226e-02	-4.36169888e+00
2.33494867e-02	-4.20643063e+00
2.36830508e-02	-4.01349312e+00
2.40166149e-02	-3.78913045e+00
2.43501789e-02	-3.53877344e+00
2.46837430e-02	-3.26695442e+00
2.50173071e-02	-2.97703790e+00
2.53508712e-02	-2.67082196e+00
2.56844353e-02	-2.34821638e+00
2.60179994e-02	-2.00721935e+00
2.63515635e-02	-1.64440511e+00
2.66851276e-02	-1.25599320e+00
2.70186917e-02	-8.39425860e-01
2.73522558e-02	-3.95219790e-01
2.76858199e-02	7.12586946e-02
2.80193840e-02	5.48512163e-01
2.83529481e-02	1.01853866e+00
2.86865122e-02	1.45765161e+00
2.90200763e-02	1.83859252e+00
2.93536404e-02	2.13373887e+00
2.96872045e-02	2.31895855e+00
3.00207686e-02	2.37744724e+00
3.03543327e-02	2.30283194e+00
3.06878968e-02	2.10093567e+00
3.10214609e-02	1.78985140e+00
3.13550249e-02	1.39830510e+00
3.16885890e-02	9.62568428e-01
3.20221531e-02	5.22417631e-01
3.23557172e-02	1.16710149e-01
3.26892813e-02	-2.20841372e-01
3.30228454e-02	-4.65192357e-01
3.33564095e-02	-6.02360116e-01
3.36899736e-02	-6.30380220e-01
3.40235377e-02	-5.58680618e-01
3.43571018e-02	-4.05920524e-01
3.46906659e-02	-1.96611200e-01
3.50242300e-02	4.29252603e-02
3.53577941e-02	2.88511138e-01
3.56913582e-02	5.21226586e-01
3.60249223e-02	7.29087569e-01
3.63584864e-02	9.07047829e-01
3.66920505e-02	1.05551360e+00
3.70256146e-02	1.17792953e+00
3.73591787e-02	1.27821384e+00
3.76927428e-02	1.35877763e+00
3.80263069e-02	1.41961806e+00
3.83598709e-02	1.45857662e+00
3.86934350e-02	1.47248051e+00
3.90269991e-02	1.45861998e+00
3.93605632e-02	1.41597873e+00
3.96941273e-02	1.34580158e+00
4.00276914e-02	1.25136933e+00
4.03612555e-02	1.13715302e+00
4.06948196e-02	1.00770816e+00
4.10283837e-02	8.66718867e-01
4.13619478e-02	7.16468894e-01
4.16955119e-02	5.57818781e-01
4.20290760e-02	3.90569113e-01
4.23626401e-02	2.13991221e-01
4.26962042e-02	2.73127807e-02
4.30297683e-02	-1.69960399e-01
4.33633324e-02	-3.77877121e-01
4.36968965e-02	-5.95949310e-01
4.40304606e-02	-8.23045107e-01
4.43640247e-02	-1.05724460e+00
4.46975888e-02	-1.29571591e+00
4.50311529e-02	-1.53473485e+00
4.53647169e-02	-1.76995019e+00
4.56982810e-02	-1.99691371e+00
4.60318451e-02	-2.21178485e+00
4.63654092e-02	-2.41202283e+00
4.66989733e-02	-2.59684578e+00
4.70325374e-02	-2.76727669e+00
4.73661015e-02	-2.92572339e+00
4.76996656e-02	-3.07517241e+00
4.80332297e-02	-3.21819768e+00
4.83667938e-02	-3.35603962e+00
4.87003579e-02	-3.48799450e+00
4.90339220e-02	-3.61126248e+00
4.93674861e-02	-3.72127671e+00
4.97010502e-02	-3.81242199e+00
5.00346143e-02	-3.87895662e+00
5.03681784e-02	-3.91592041e+00
5.07017425e-02	-3.91982911e+00
5.10353066e-02	-3.88903155e+00
5.13688707e-02	-3.82369259e+00
5.17024348e-02	-3.72546590e+00
5.20359989e-02	-3.59699624e+00
5.23695629e-02	-3.44141793e+00
5.27031270e-02	-3.26199036e+00
5.30366911e-02	-3.06193455e+00
5.33702552e-02	-2.84444621e+00
5.37038193e-02	-2.61277117e+00
5.40373834e-02	-2.37020616e+00
5.43709475e-02	-2.11992829e+00
5.47045116e-02	-1.86465572e+00
5.50380757e-02	-1.60624103e+00
5.53716398e-02	-1.34536106e+00
5.57052039e-02	-1.08145462e+00
5.60387680e-02	-8.12965841e-01
5.63723321e-02	-5.37835558e-01
5.67058962e-02	-2.54088842e-01
5.70394603e-02	3.96456991e-02
5.73730244e-02	3.43797186e-01
5.77065885e-02	6.57704444e-01
5.80401526e-02	9.79590135e-01
5.83737167e-02	1.30656855e+00
5.87072808e-02	1.63464163e+00
5.90408449e-02	1.95871091e+00
5.93744089e-02	2.27268043e+00
5.97079730e-02	2.56973187e+00
6.00415371e-02	2.84279738e+00
6.03751012e-02	3.08518685e+00
6.07086653e-02	3.29126667e+00
6.10422294e-02	3.45707444e+00
6.13757935e-02	3.58077619e+00
6.17093576e-02	3.66291090e+00
6.20429217e-02	3.70640319e+00
6.23764858e-02	3.71634545e+00
6.27100499e-02	3.69957229e+00
6.30436140e-02	3.66405798e+00
6.33771781e-02	3.61818790e+00
6.37107422e-02	3.56997615e+00
6.40443063e-02	3.52632701e+00
6.43778704e-02	3.49243542e+00
6.47114345e-02	3.47139584e+00
6.50449986e-02	3.46406035e+00
6.53785627e-02	3.46915169e+00
6.57121268e-02	3.48360805e+00
6.60456908e-02	3.50310038e+00
6.63792549e-02	3.52264818e+00
6.67128190e-02	3.53724755e+00
6.70463831e-02	3.54243003e+00
6.73799472e-02	3.53468623e+00
6.77135113e-02	3.51171727e+00
6.80470754e-02	3.47251047e+00
6.83806395e-02	3.41725577e+00
6.87142036e-02	3.34713710e+00
6.90477677e-02	3.26403181e+00
6.93813318e-02	3.17016137e+00
6.97148959e-02	3.06774111e+00
7.00484600e-02	2.95868462e+00
7.03820241e-02	2.84441085e+00
7.07155882e-02	2.72578145e+00
7.10491523e-02	2.60317037e+00
7.13827164e-02	2.47663099e+00
7.17162805e-02	2.34610551e+00
7.20498446e-02	2.21161108e+00
7.23834087e-02	2.07335785e+00
7.27169728e-02	1.93177779e+00
7.30505368e-02	1.78747335e+00
7.33841009e-02	1.64111679e+00
7.37176650e-02	1.49333699e+00
7.40512291e-02	1.34462991e+00
7.43847932e-02	1.19530951e+00
7.47183573e-02	1.04550445e+00
7.50519214e-02	8.95186342e-01
7.53854855e-02	7.44212921e-01
7.57190496e-02	5.92372537e-01
7.60526137e-02	4.39429006e-01
7.63861778e-02	2.85180062e-01
7.67197419e-02	1.29537074e-01
7.70533060e-02	-2.73702893e-02
7.73868701e-02	-1.85078049e-01
7.77204342e-02	-3.42682664e-01
7.80539983e-02	-4.98786952e-01
7.83875624e-02	-6.51538547e-01
7.87211265e-02	-7.98779122e-01
7.90546906e-02	-9.38294406e-01
7.93882547e-02	-1.06812486e+00
7.97218188e-02	-1.18688449e+00
8.00553828e-02	-1.29401337e+00
8.03889469e-02	-1.38989370e+00
8.07225110e-02	-1.47578494e+00
8.10560751e-02	-1.55357318e+00
8.13896392e-02	-1.62537367e+00
8.17232033e-02	-1.69305668e+00
8.20567674e-02	-1.75780275e+00
8.23903315e-02	-1.81979646e+00
8.27238956e-02	-1.87815056e+00
8.30574597e-02	-1.93110264e+00
8.33910238e-02	-1.97646236e+00
8.37245879e-02	-2.01222717e+00
8.40581520e-02	-2.03722641e+00
8.43917161e-02	-2.05163479e+00
8.47252802e-02	-2.05720693e+00
8.50588443e-02	-2.05714471e+00
8.53924084e-02	-2.05559751e+00
8.57259725e-02	-2.05688984e+00
8.60595366e-02	-2.06465128e+00
8.63931007e-02	-2.08104868e+00
8.67266648e-02	-2.10630706e+00
8.70602288e-02	-2.13863816e+00
8.73937929e-02	-2.17459922e+00
8.77273570e-02	-2.20980267e+00
8.80609211e-02	-2.23981064e+00
8.83944852e-02	-2.26101902e+00
8.87280493e-02	-2.27133820e+00
8.90616134e-02	-2.27052618e+00
8.93951775e-02	-2.26010919e+00
8.97287416e-02	-2.24291529e+00
9.00623057e-02	-2.22233917e+00
9.03958698e-02	-2.20150479e+00
9.07294339e-02	-2.18251743e+00
9.10629980e-02	-2.16597845e+00
9.13965621e-02	-2.15087666e+00
9.17301262e-02	-2.13489329e+00
9.20636903e-02	-2.11505506e+00
9.23972544e-02	-2.08859487e+00
9.27308185e-02	-2.05381727e+00
9.30643826e-02	-2.01074478e+00
9.33979467e-02	-1.96136323e+00
9.37315108e-02	-1.90936609e+00
9.40650748e-02	-1.85943199e+00
9.43986389e-02	-1.81618921e+00
9.47322030e-02	-1.78312263e+00
9.50657671e-02	-1.76172571e+00
9.53993312e-02	-1.75114149e+00
9.57328953e-02	-1.74841462e+00
9.60664594e-02	-1.74929528e+00
9.64000235e-02	-1.74937702e+00
9.67335876e-02	-1.74524820e+00
9.70671517e-02	-1.73531883e+00
9.74007158e-02	-1.72009350e+00
9.77342799e-02	-1.70183078e+00
9.80678440e-02	-1.68372392e+00
9.84014081e-02	-1.66888267e+00
9.87349722e-02	-1.65944507e+00
9.90685363e-02	-1.65609694e+00
9.94021004e-02	-1.65811709e+00
9.97356645e-02	-1.66388238e+00
1.00069229e-01	-1.67161596e+00
1.00402793e-01	-1.68009065e+00
1.00736357e-01	-1.68903380e+00
1.01069921e-01	-1.69910276e+00
1.01403485e-01	-1.71147433e+00
1.01737049e-01	-1.72723385e+00
1.02070613e-01	-1.74681870e+00
1.02404177e-01	-1.76974375e+00
1.02737741e-01	-1.79472402e+00
1.03071305e-01	-1.82015248e+00
1.03404870e-01	-1.84473721e+00
1.03738434e-01	-1.86804285e+00
1.04071998e-01	-1.89071405e+00
1.04405562e-01	-1.91427763e+00
1.04739126e-01	-1.94058781e+00
1.05072690e-01	-1.97111467e+00
1.05406254e-01	-2.00635208e+00
1.05739818e-01	-2.04557257e+00
1.06073382e-01	-2.08701455e+00
1.06406946e-01	-2.12842940e+00
1.06740510e-01	-2.16776418e+00
1.07074075e-01	-2.20370715e+00
1.07407639e-01	-2.23588685e+00
1.07741203e-01	-2.26465679e+00
1.08074767e-01	-2.29058669e+00
1.08408331e-01	-2.31389755e+00
1.08741895e-01	-2.33409582e+00
1.09075459e-01	-2.34998136e+00
1.09409023e-01	-2.36002855e+00
1.09742587e-01	-2.36297981e+00
1.10076151e-01	-2.35839863e+00
1.10409716e-01	-2.34693792e+00
1.10743280e-01	-2.33020970e+00
1.11076844e-01	-2.31031156e+00
1.11410408e-01	-2.28920730e+00
1.11743972e-01	-2.26821424e+00
1.12077536e-01	-2.24778566e+00
1.12411100e-01	-2.22764092e+00
1.12744664e-01	-2.20714592e+00
1.13078228e-01	-2.18574739e+00
1.13411792e-01	-2.16326385e+00
1.13745356e-01	-2.13992598e+00
1.14078921e-01	-2.11619167e+00
1.14412485e-01	-2.09246485e+00
1.14746049e-01	-2.06887980e+00
1.15079613e-01	-2.04525889e+00
1.15413177e-01	-2.02124550e+00
1.15746741e-01	-1.99652232e+00
1.16080305e-01	-1.97098498e+00
1.16413869e-01	-1.94476855e+00
1.16747433e-01	-1.91811415e+00
1.17080997e-01	-1.89114821e+00
1.17414562e-01	-1.86368760e+00
1.17748126e-01	-1.83516301e+00
1.18081690e-01	-1.80467953e+00
1.18415254e-01	-1.77116175e+00
1.18748818e-01	-1.73349923e+00
1.19082382e-01	-1.69062743e+00
1.19415946e-01	-1.64154482e+00
1.19749510e-01	-1.58533025e+00
1.20083074e-01	-1.52123436e+00
1.20416638e-01	-1.44887121e+00
1.20750202e-01	-1.36845935e+00
1.21083767e-01	-1.28099368e+00
1.21417331e-01	-1.18822022e+00
1.21750895e-01	-1.09235795e+00
1.22084459e-01	-9.95628336e-01
1.22418023e-01	-8.99752361e-01
1.22751587e-01	-8.05608416e-01
1.23085151e-01	-7.13187556e-01
1.23418715e-01	-6.21859652e-01
1.23752279e-01	-5.30831352e-01
1.24085843e-01	-4.39598340e-01
1.24419408e-01	-3.48211960e-01
1.24752972e-01	-2.57277622e-01
1.25086536e-01	-1.67721892e-01
1.25420100e-01	-8.04540223e-02
1.25753664e-01	3.93001064e-03
1.26087228e-01	8.53045991e-02
1.26420792e-01	1.64024914e-01
1.26754356e-01	2.40847834e-01
1.27087920e-01	3.16829248e-01
1.27421484e-01	3.93230725e-01
1.27755048e-01	4.71420474e-01
1.28088613e-01	5.52720517e-01
1.28422177e-01	6.38171262e-01
1.28755741e-01	7.28249196e-01
1.29089305e-01	8.22632675e-01
1.29422869e-01	9.20129066e-01
1.29756433e-01	1.01883471e+00
1.30089997e-01	1.11650357e+00
1.30423561e-01	1.21100631e+00
1.30757125e-01	1.30072068e+00
1.31090689e-01	1.38472094e+00
1.31424254e-01	1.46272073e+00
1.31757818e-01	1.53482910e+00
1.32091382e-01	1.60125194e+00
1.32424946e-01	1.66207815e+00
1.32758510e-01	1.71723039e+00
1.33092074e-01	1.76656746e+00
1.33425638e-01	1.81005427e+00
1.33759202e-01	1.84789415e+00
1.34092766e-01	1.88055078e+00
1.34426330e-01	1.90865815e+00
1.34759894e-01	1.93288318e+00
1.35093459e-01	1.95382751e+00
1.35427023e-01	1.97202486e+00
1.35760587e-01	1.98802840e+00
1.36094151e-01	2.00252629e+00
1.36427715e-01	2.01640544e+00
1.36761279e-01	2.03070622e+00
1.37094843e-01	2.04646251e+00
1.37428407e-01	2.06448137e+00
1.37761971e-01	2.08514654e+00
1.38095535e-01	2.10831867e+00
1.38429100e-01	2.13336719e+00
1.38762664e-01	2.15932159e+00
1.39096228e-01	2.18508869e+00
1.39429792e-01	2.20966791e+00
1.39763356e-01	2.23230672e+00
1.40096920e-01	2.25256681e+00
1.40430484e-01	2.27030870e+00
1.40764048e-01	2.28563088e+00
1.41097612e-01	2.29880447e+00
1.41431176e-01	2.31023113e+00
1.41764740e-01	2.32042875e+00
1.42098305e-01	2.33002898e+00
1.42431869e-01	2.33976465e+00
1.42765433e-01	2.35043111e+00
1.43098997e-01	2.36281882e+00
1.43432561e-01	2.37762724e+00
1.43766125e-01	2.39537481e+00
1.44099689e-01	2.41631464e+00
1.44433253e-01	2.44036218e+00
1.44766817e-01	2.46704097e+00
1.45100381e-01	2.49545432e+00
1.45433946e-01	2.52429849e+00
1.45767510e-01	2.55194212e+00
1.46101074e-01	2.57659181e+00
1.46434638e-01	2.59654118e+00
1.46768202e-01	2.61046577e+00
1.47101766e-01	2.61768976e+00
1.47435330e-01	2.61833594e+00
1.47768894e-01	2.61329410e+00
1.48102458e-01	2.60400020e+00
1.48436022e-01	2.59208585e+00
1.48769586e-01	2.57900627e+00
1.49103151e-01	2.56576097e+00
1.49436715e-01	2.55278360e+00
1.49770279e-01	2.54001307e+00
1.50103843e-01	2.52709433e+00
1.50437407e-01	2.51361672e+00
1.50770971e-01	2.49929762e+00
1.51104535e-01	2.48405521e+00
1.51438099e-01	2.46796733e+00
1.51771663e-01	2.45115977e+00
1.52105227e-01	2.43368848e+00
1.52438792e-01	2.41547060e+00
1.52772356e-01	2.39628903e+00
1.53105920e-01	2.37586329e+00
1.53439484e-01	2.35395859e+00
1.53773048e-01	2.33049840e+00
1.54106612e-01	2.30564810e+00
1.54440176e-01	2.27984325e+00
1.54773740e-01	2.25374861e+00
1.55107304e-01	2.22815376e+00
1.55440868e-01	2.20382852e+00
1.55774432e-01	2.18137039e+00
1.56107997e-01	2.16107881e+00
1.56441561e-01	2.14288553e+00
1.56775125e-01	2.12635576e+00
1.57108689e-01	2.11075752e+00
1.57442253e-01	2.09518337e+00
1.57775817e-01	2.07869884e+00
1.58109381e-01	2.06048599e+00
1.58442945e-01	2.03995528e+00
1.58776509e-01	2.01681029e+00
1.59110073e-01	1.99106109e+00
1.59443638e-01	1.96299084e+00
1.59777202e-01	1.93308916e+00
1.60110766e-01	1.90196946e+00
1.60444330e-01	1.87028322e+00
1.60777894e-01	1.83863546e+00
1.61111458e-01	1.80750284e+00
1.61445022e-01	1.77716099e+00
1.61778586e-01	1.74763543e+00
1.62112150e-01	1.71869083e+00
1.62445714e-01	1.68986854e+00
1.62779278e-01	1.66057660e+00
1.63112843e-01	1.63022415e+00
1.63446407e-01	1.59837120e+00
1.63779971e-01	1.56485114e+00
1.64113535e-01	1.52982652e+00
1.64447099e-01	1.49375696e+00
1.64780663e-01	1.45728584e+00
1.65114227e-01	1.42108534e+00
1.65447791e-01	1.38571353e+00
1.65781355e-01	1.35152324e+00
1.66114919e-01	1.31863896e+00
1.66448484e-01	1.28699944e+00
1.66782048e-01	1.25644328e+00
1.67115612e-01	1.22679622e+00
1.67449176e-01	1.19792434e+00
1.67782740e-01	1.16974213e+00
1.68116304e-01	1.14218186e+00
1.68449868e-01	1.11513748e+00
1.68783432e-01	1.08840288e+00
1.69116996e-01	1.06162679e+00
1.69450560e-01	1.03430186e+00
1.69784124e-01	1.00579999e+00
1.70117689e-01	9.75456595e-01
1.70451253e-01	9.42687976e-01
1.70784817e-01	9.07112491e-01
1.71118381e-01	8.68649577e-01
1.71451945e-01	8.27577928e-01
1.71785509e-01	7.84537203e-01
1.72119073e-01	7.40467712e-01
1.72452637e-01	6.96501463e-01
1.72786201e-01	6.53827693e-01
1.73119765e-01	6.13550828e-01
1.73453330e-01	5.76553592e-01
1.73786894e-01	5.43380978e-01
1.74120458e-01	5.14163748e-01
1.74454022e-01	4.88595020e-01
1.74787586e-01	4.65961238e-01
1.75121150e-01	4.45216359e-01
1.75454714e-01	4.25082037e-01
1.75788278e-01	4.04158304e-01
1.76121842e-01	3.81032834e-01
1.76455406e-01	3.54379245e-01
1.76788970e-01	3.23040805e-01
1.77122535e-01	2.86107098e-01
1.77456099e-01	2.42996580e-01
1.77789663e-01	1.93547063e-01
1.78123227e-01	1.38098201e-01
1.78456791e-01	7.75417783e-02
1.78790355e-01	1.33174886e-02
1.79123919e-01	-5.26662082e-02
1.79457483e-01	-1.18199670e-01
1.79791047e-01	-1.81017360e-01
1.80124611e-01	-2.39076920e-01
1.80458176e-01	-2.90810660e-01
1.80791740e-01	-3.35295638e-01
1.81125304e-01	-3.72310854e-01
1.81458868e-01	-4.02278790e-01
1.81792432e-01	-4.26120914e-01
1.82125996e-01	-4.45082559e-01
1.82459560e-01	-4.60585437e-01
1.82793124e-01	-4.74140236e-01
1.83126688e-01	-4.87311857e-01
1.83460252e-01	-5.01700881e-01
1.83793816e-01	-5.18901934e-01
1.84127381e-01	-5.40416276e-01
1.84460945e-01	-5.67515783e-01
1.84794509e-01	-6.01073613e-01
1.85128073e-01	-6.41395986e-01
1.85461637e-01	-6.88101129e-01
1.85795201e-01	-7.40081856e-01
1.86128765e-01	-7.95563858e-01
1.86462329e-01	-8.52254772e-01
1.86795893e-01	-9.07575463e-01
1.87129457e-01	-9.58957127e-01
1.87463022e-01	-1.00416705e+00
1.87796586e-01	-1.04160860e+00
1.88130150e-01	-1.07054399e+00
1.88463714e-01	-1.09120424e+00
1.88797278e-01	-1.10476337e+00
1.89130842e-01	-1.11316894e+00
1.89464406e-01	-1.11885136e+00
1.89797970e-01	-1.12436999e+00
1.90131534e-01	-1.13206769e+00
1.90465098e-01	-1.14378959e+00
1.90798662e-01	-1.16070014e+00
1.91132227e-01	-1.18321886e+00
1.91465791e-01	-1.21107790e+00
1.91799355e-01	-1.24347549e+00
1.92132919e-01	-1.27927599e+00
1.92466483e-01	-1.31721072e+00
1.92800047e-01	-1.35605428e+00
1.93133611e-01	-1.39476118e+00
1.93467175e-01	-1.43254615e+00
1.93800739e-01	-1.46890138e+00
1.94134303e-01	-1.50356787e+00
1.94467868e-01	-1.53648917e+00
1.94801432e-01	-1.56776132e+00
1.95134996e-01	-1.59757680e+00
1.95468560e-01	-1.62616691e+00
1.95802124e-01	-1.65375886e+00
1.96135688e-01	-1.68055632e+00
1.96469252e-01	-1.70673443e+00
1.96802816e-01	-1.73243877e+00
1.97136380e-01	-1.75779002e+00
1.97469944e-01	-1.78289365e+00
1.97803508e-01	-1.80783773e+00
1.98137073e-01	-1.83266041e+00
1.98470637e-01	-1.85729510e+00
1.98804201e-01	-1.88152404e+00
1.99137765e-01	-1.90496518e+00
1.99471329e-01	-1.92710142e+00
1.99804893e-01	-1.94735514e+00
2.00138457e-01	-1.96520432e+00
2.00472021e-01	-1.98031223e+00
2.00805585e-01	-1.99262231e+00
2.01139149e-01	-2.00238234e+00
2.01472713e-01	-2.01009383e+00
2.01806278e-01	-2.01640030e+00
2.02139842e-01	-2.02193299e+00
2.02473406e-01	-2.02714840e+00
2.02806970e-01	-2.03221180e+00
2.03140534e-01	-2.03697135e+00
2.03474098e-01	-2.04102748e+00
2.03807662e-01	-2.04386902e+00
2.04141226e-01	-2.04504219e+00
2.04474790e-01	-2.04431751e+00
2.04808354e-01	-2.04180882e+00
2.05141919e-01	-2.03800072e+00
2.05475483e-01	-2.03367441e+00
2.05809047e-01	-2.02975836e+00
2.06142611e-01	-2.02713960e+00
2.06476175e-01	-2.02646515e+00
2.06809739e-01	-2.02796921e+00
2.07143303e-01	-2.03137039e+00
2.07476867e-01	-2.03586799e+00
2.07810431e-01	-2.04023504e+00
2.08143995e-01	-2.04298814e+00
2.08477559e-01	-2.04261114e+00
2.08811124e-01	-2.03779963e+00
2.09144688e-01	-2.02767731e+00
2.09478252e-01	-2.01194075e+00
2.09811816e-01	-1.99091622e+00
2.10145380e-01	-1.96553199e+00
2.10478944e-01	-1.93721084e+00
2.10812508e-01	-1.90769268e+00
2.11146072e-01	-1.87881691e+00
2.11479636e-01	-1.85230351e+00
2.11813200e-01	-1.82955849e+00
2.12146765e-01	-1.81151488e+00
2.12480329e-01	-1.79852415e+00
2.12813893e-01	-1.79031696e+00
2.13147457e-01	-1.78603942e+00
2.13481021e-01	-1.78435470e+00
2.13814585e-01	-1.78359844e+00
2.14148149e-01	-1.78197641e+00
2.14481713e-01	-1.77777773e+00
2.14815277e-01	-1.76956012e+00
2.15148841e-01	-1.75627122e+00
2.15482405e-01	-1.73729676e+00
2.15815970e-01	-1.71244697e+00
2.16149534e-01	-1.68190397e+00
2.16483098e-01	-1.64616516e+00
2.16816662e-01	-1.60601954e+00
2.17150226e-01	-1.56256896e+00
2.17483790e-01	-1.51726376e+00
2.17817354e-01	-1.47190120e+00
2.18150918e-01	-1.42854432e+00
2.18484482e-01	-1.38934106e+00
2.18818046e-01	-1.35624834e+00
2.19151611e-01	-1.33070284e+00
2.19485175e-01	-1.31331969e+00
2.19818739e-01	-1.30371062e+00
2.20152303e-01	-1.30048258e+00
2.20485867e-01	-1.30143025e+00
2.20819431e-01	-1.30389148e+00
2.21152995e-01	-1.30519371e+00
2.21486559e-01	-1.30308717e+00
2.21820123e-01	-1.29606079e+00
2.22153687e-01	-1.28347845e+00
2.22487251e-01	-1.26553061e+00
2.22820816e-01	-1.24304138e+00
2.23154380e-01	-1.21719758e+00
2.23487944e-01	-1.18927929e+00
2.23821508e-01	-1.16045843e+00
2.24155072e-01	-1.13169253e+00
2.24488636e-01	-1.10369705e+00
2.24822200e-01	-1.07696003e+00
2.25155764e-01	-1.05176490e+00
2.25489328e-01	-1.02819778e+00
2.25822892e-01	-1.00613299e+00
2.26156457e-01	-9.85216812e-01
2.26490021e-01	-9.64886547e-01
2.26823585e-01	-9.44450723e-01
2.27157149e-01	-9.23223742e-01
2.27490713e-01	-9.00681164e-01
2.27824277e-01	-8.76589452e-01
2.28157841e-01	-8.51063015e-01
2.28491405e-01	-8.24515800e-01
2.28824969e-01	-7.97511770e-01
2.29158533e-01	-7.70563255e-01
2.29492097e-01	-7.43949036e-01
2.29825662e-01	-7.17613993e-01
2.30159226e-01	-6.91182733e-01
2.30492790e-01	-6.64083459e-01
2.30826354e-01	-6.35740063e-01
2.31159918e-01	-6.05763703e-01
2.31493482e-01	-5.74078850e-01
2.31827046e-01	-5.40951668e-01
2.32160610e-01	-5.06926163e-01
2.32494174e-01	-4.72698334e-01
2.32827738e-01	-4.38971076e-01
2.33161303e-01	-4.06333419e-01
2.33494867e-01	-3.75191859e-01
2.33828431e-01	-3.45755319e-01
2.34161995e-01	-3.18057223e-01
2.34495559e-01	-2.91996157e-01
2.34829123e-01	-2.67380477e-01
2.35162687e-01	-2.43963602e-01
2.35496251e-01	-2.21459926e-01
2.35829815e-01	-1.99539189e-01
2.36163379e-01	-1.77802826e-01
2.36496943e-01	-1.55746765e-01
2.36830508e-01	-1.32720277e-01
2.37164072e-01	-1.07903339e-01
2.37497636e-01	-8.03328794e-02
2.37831200e-01	-4.89985807e-02
2.38164764e-01	-1.30067240e-02
2.38498328e-01	2.82124547e-02
2.38831892e-01	7.46984953e-02
2.39165456e-01	1.25814608e-01
2.39499020e-01	1.80217534e-01
2.39832584e-01	2.35970818e-01
2.40166149e-01	2.90788348e-01
2.40499713e-01	3.42361866e-01
2.40833277e-01	3.88706922e-01
2.41166841e-01	4.28455117e-01
2.41500405e-01	4.61030828e-01
2.41833969e-01	4.86680229e-01
2.42167533e-01	5.06357655e-01
2.42501097e-01	5.21503687e-01
2.42834661e-01	5.33767870e-01
2.43168225e-01	5.44738803e-01
2.43501789e-01	5.55740746e-01
2.43835354e-01	5.67733664e-01
2.44168918e-01	5.81320764e-01
2.44502482e-01	5.96838911e-01
2.44836046e-01	6.14489677e-01
2.45169610e-01	6.34462236e-01
2.45503174e-01	6.57006756e-01
2.45836738e-01	6.82439480e-01
2.46170302e-01	7.11087509e-01
2.46503866e-01	7.43197926e-01
2.46837430e-01	7.78838923e-01
2.47170995e-01	8.17816927e-01
2.47504559e-01	8.59627686e-01
2.47838123e-01	9.03450372e-01
2.48171687e-01	9.48185681e-01
2.48505251e-01	9.92536670e-01
2.48838815e-01	1.03513177e+00
2.49172379e-01	1.07468312e+00
2.49505943e-01	1.11015885e+00
2.49839507e-01	1.14093430e+00
2.50173071e-01	1.16688348e+00
2.50506635e-01	1.18837863e+00
2.50840200e-01	1.20618481e+00
2.51173764e-01	1.22126742e+00
2.51507328e-01	1.23456629e+00
2.51840892e-01	1.24680855e+00
2.52174456e-01	1.25842344e+00
2.52508020e-01	1.26958845e+00
2.52841584e-01	1.28039232e+00
2.53175148e-01	1.29105597e+00
2.53508712e-01	1.30212371e+00
2.53842276e-01	1.31453806e+00
2.54175841e-01	1.32954673e+00
2.54509405e-01	1.34844642e+00
2.54842969e-01	1.37222232e+00
2.55176533e-01	1.40118106e+00
2.55510097e-01	1.43468621e+00
2.55843661e-01	1.47108562e+00
2.56177225e-01	1.50787201e+00
2.56510789e-01	1.54205855e+00
2.56844353e-01	1.57069898e+00
2.57177917e-01	1.59144545e+00
2.57511481e-01	1.60302348e+00
2.57845046e-01	1.60551672e+00
2.58178610e-01	1.60039453e+00
2.58512174e-01	1.59027119e+00
2.58845738e-01	1.57844181e+00
2.59179302e-01	1.56828607e+00
2.59512866e-01	1.56265995e+00
2.59846430e-01	1.56339733e+00
2.60179994e-01	1.57101631e+00
2.60513558e-01	1.58467699e+00
2.60847122e-01	1.60238523e+00
2.61180687e-01	1.62139037e+00
2.61514251e-01	1.63869271e+00
2.61847815e-01	1.65156278e+00
2.62181379e-01	1.65798200e+00
2.62514943e-01	1.65693762e+00
2.62848507e-01	1.64853436e+00
2.63182071e-01	1.63391651e+00
2.63515635e-01	1.61502369e+00
2.63849199e-01	1.59423053e+00
2.64182763e-01	1.57393912e+00
2.64516327e-01	1.55620139e+00
2.64849892e-01	1.54244242e+00
2.65183456e-01	1.53333412e+00
2.65517020e-01	1.52883216e+00
2.65850584e-01	1.52834591e+00
2.66184148e-01	1.53097734e+00
2.66517712e-01	1.53575128e+00
2.66851276e-01	1.54177010e+00
2.67184840e-01	1.54825792e+00
2.67518404e-01	1.55450453e+00
2.67851968e-01	1.55976079e+00
2.68185533e-01	1.56315789e+00
2.68519097e-01	1.56371196e+00
2.68852661e-01	1.56043963e+00
2.69186225e-01	1.55256329e+00
2.69519789e-01	1.53974318e+00
2.69853353e-01	1.52225209e+00
2.70186917e-01	1.50101945e+00
2.70520481e-01	1.47751166e+00
2.70854045e-01	1.45347103e+00
2.71187609e-01	1.43058393e+00
2.71521173e-01	1.41017399e+00
2.71854738e-01	1.39300721e+00
2.72188302e-01	1.37925673e+00
2.72521866e-01	1.36861795e+00
2.72855430e-01	1.36051380e+00
2.73188994e-01	1.35430529e+00
2.73522558e-01	1.34943259e+00
2.73856122e-01	1.34544904e+00
2.74189686e-01	1.34195831e+00
2.74523250e-01	1.33850498e+00
2.74856814e-01	1.33448466e+00
2.75190379e-01	1.32912640e+00
2.75523943e-01	1.32156445e+00
2.75857507e-01	1.31097622e+00
2.76191071e-01	1.29673773e+00
2.76524635e-01	1.27854523e+00
2.76858199e-01	1.25647037e+00
2.77191763e-01	1.23094629e+00
2.77525327e-01	1.20270823e+00
2.77858891e-01	1.17272286e+00
2.78192455e-01	1.14213088e+00
2.78526019e-01	1.11220405e+00
2.78859584e-01	1.08429429e+00
2.79193148e-01	1.05974227e+00
2.79526712e-01	1.03972287e+00
2.79860276e-01	1.02503364e+00
2.80193840e-01	1.01586782e+00
2.80527404e-01	1.01164072e+00
2.80860968e-01	1.01094228e+00
2.81194532e-01	1.01166494e+00
2.81528096e-01	1.01130900e+00
2.81861660e-01	1.00741310e+00
2.82195225e-01	9.98014440e-01
2.82528789e-01	9.82028040e-01
2.82862353e-01	9.59451858e-01
2.83195917e-01	9.31350922e-01
2.83529481e-01	8.99630935e-01
2.83863045e-01	8.66662528e-01
2.84196609e-01	8.34846594e-01
2.84530173e-01	8.06213572e-01
2.84863737e-01	7.82128175e-01
2.85197301e-01	7.63136389e-01
2.85530865e-01	7.48957323e-01
2.85864430e-01	7.38598643e-01
2.86197994e-01	7.30562999e-01
2.86531558e-01	7.23109801e-01
2.86865122e-01	7.14536878e-01
2.87198686e-01	7.03446289e-01
2.87532250e-01	6.88956881e-01
2.87865814e-01	6.70825890e-01
2.88199378e-01	6.49449550e-01
2.88532942e-01	6.25732466e-01
2.88866506e-01	6.00845245e-01
2.89200071e-01	5.75920897e-01
2.89533635e-01	5.51762280e-01
2.89867199e-01	5.28636228e-01
2.90200763e-01	5.06211032e-01
2.90534327e-01	4.83656683e-01
2.90867891e-01	4.59883260e-01
2.91201455e-01	4.33855841e-01
2.91535019e-01	4.04905397e-01
2.91868583e-01	3.72959146e-01
2.92202147e-01	3.38637632e-01
2.92535711e-01	3.03200245e-01
2.92869276e-01	2.68355153e-01
2.93202840e-01	2.35975582e-01
2.93536404e-01	2.07777764e-01
2.93869968e-01	1.85016776e-01
2.94203532e-01	1.68248942e-01
2.94537096e-01	1.57197545e-01
2.94870660e-01	1.50744312e-01
2.95204224e-01	1.47052810e-01
2.95537788e-01	1.43812386e-01
2.95871352e-01	1.38572984e-01
2.96204917e-01	1.29123191e-01
2.96538481e-01	1.13849771e-01
2.96872045e-01	9.20121600e-02
2.97205609e-01	6.38741387e-02
2.97539173e-01	3.06579245e-02
2.97872737e-01	-5.67937401e-03
2.98206301e-01	-4.28073523e-02
2.98539865e-01	-7.84482050e-02
2.98873429e-01	-1.10775160e-01
2.99206993e-01	-1.38696467e-01
2.99540557e-01	-1.61966005e-01
2.99874122e-01	-1.81106357e-01
3.00207686e-01	-1.97178566e-01
3.00541250e-01	-2.11469349e-01
3.00874814e-01	-2.25180561e-01
3.01208378e-01	-2.39194638e-01
3.01541942e-01	-2.53959369e-01
3.01875506e-01	-2.69497043e-01
3.02209070e-01	-2.85510073e-01
3.02542634e-01	-3.01537364e-01
3.02876198e-01	-3.17115425e-01
3.03209763e-01	-3.31910873e-01
3.03543327e-01	-3.45807862e-01
3.03876891e-01	-3.58947020e-01
3.04210455e-01	-3.71718357e-01
3.04544019e-01	-3.84711468e-01
3.04877583e-01	-3.98627017e-01
3.05211147e-01	-4.14157748e-01
3.05544711e-01	-4.31855845e-01
3.05878275e-01	-4.52013053e-01
3.06211839e-01	-4.74584440e-01
3.06545403e-01	-4.99180852e-01
3.06878968e-01	-5.25138520e-01
3.07212532e-01	-5.51651403e-01
3.07546096e-01	-5.77930916e-01
3.07879660e-01	-6.03347600e-01
3.08213224e-01	-6.27515091e-01
3.08546788e-01	-6.50296782e-01
3.08880352e-01	-6.71741934e-01
3.09213916e-01	-6.91980636e-01
3.09547480e-01	-7.11118169e-01
3.09881044e-01	-7.29165394e-01
3.10214609e-01	-7.46025162e-01
3.10548173e-01	-7.61532375e-01
3.10881737e-01	-7.75526552e-01
3.11215301e-01	-7.87927451e-01
3.11548865e-01	-7.98788317e-01
3.11882429e-01	-8.08314005e-01
3.12215993e-01	-8.16845574e-01
3.12549557e-01	-8.24822488e-01
3.12883121e-01	-8.32734991e-01
3.13216685e-01	-8.41073935e-01
3.13550249e-01	-8.50278379e-01
3.13883814e-01	-8.60678589e-01
3.14217378e-01	-8.72436193e-01
3.14550942e-01	-8.85492400e-01
3.14884506e-01	-8.99543972e-01
3.15218070e-01	-9.14068480e-01
3.15551634e-01	-9.28410450e-01
3.15885198e-01	-9.41919505e-01
3.16218762e-01	-9.54108917e-01
3.16552326e-01	-9.64788728e-01
3.16885890e-01	-9.74129115e-01
3.17219455e-01	-9.82628051e-01
3.17553019e-01	-9.90987071e-01
3.17886583e-01	-9.99929265e-01
3.18220147e-01	-1.01001239e+00
3.18553711e-01	-1.02149021e+00
3.18887275e-01	-1.03425740e+00
3.19220839e-01	-1.04788500e+00
3.19554403e-01	-1.06172565e+00
3.19887967e-01	-1.07505148e+00
3.20221531e-01	-1.08718693e+00
3.20555095e-01	-1.09761125e+00
3.20888660e-01	-1.10602334e+00
3.21222224e-01	-1.11237563e+00
3.21555788e-01	-1.11688871e+00
3.21889352e-01	-1.12005156e+00
3.22222916e-01	-1.12260001e+00
3.22556480e-01	-1.12545726e+00
3.22890044e-01	-1.12962146e+00
3.23223608e-01	-1.13599939e+00
3.23557172e-01	-1.14520744e+00
3.23890736e-01	-1.15738432e+00
3.24224301e-01	-1.17207194e+00
3.24557865e-01	-1.18821424e+00
3.24891429e-01	-1.20429651e+00
3.25224993e-01	-1.21860937e+00
3.25558557e-01	-1.22958249e+00
3.25892121e-01	-1.23610920e+00
3.26225685e-01	-1.23778133e+00
3.26559249e-01	-1.23497752e+00
3.26892813e-01	-1.22878727e+00
3.27226377e-01	-1.22079542e+00
3.27559941e-01	-1.21278196e+00
3.27893506e-01	-1.20640528e+00
3.28227070e-01	-1.20293035e+00
3.28560634e-01	-1.20304409e+00
3.28894198e-01	-1.20677664e+00
3.29227762e-01	-1.21352833e+00
3.29561326e-01	-1.22218941e+00
3.29894890e-01	-1.23133153e+00
3.30228454e-01	-1.23944344e+00
3.30562018e-01	-1.24517649e+00
3.30895582e-01	-1.24755982e+00
3.31229147e-01	-1.24614518e+00
3.31562711e-01	-1.24105156e+00
3.31896275e-01	-1.23290113e+00
3.32229839e-01	-1.22266454e+00
3.32563403e-01	-1.21145673e+00
3.32896967e-01	-1.20033535e+00
3.33230531e-01	-1.19014806e+00
3.33564095e-01	-1.18145340e+00
3.33897659e-01	-1.18460314e+00
