-8.00553828e-03	-0.00000000e+00
-7.67197419e-03	5.24425888e-05
-7.33841009e-03	1.57231064e-04
-7.00484600e-03	3.88402985e-04
-6.67128190e-03	9.06649977e-04
-6.33771781e-03	2.04180850e-03
-6.00415371e-03	4.38641832e-03
-5.67058962e-03	9.02001960e-03
-5.33702552e-03	1.78698664e-02
-5.00346143e-03	3.41008260e-02
-4.66989733e-03	6.26530530e-02
-4.33633324e-03	1.10929705e-01
-4.00276914e-03	1.89328231e-01
-3.66920505e-03	3.11562144e-01
-3.33564095e-03	4.94595995e-01
-3.00207686e-03	7.57748975e-01
-2.66851276e-03	1.12095930e+00
-2.33494867e-03	1.60218435e+00
-2.00138457e-03	2.21403567e+00
-1.66782048e-03	2.96033592e+00
-1.33425638e-03	3.83316808e+00
-1.00069229e-03	4.81117112e+00
-6.67128190e-04	5.85978581e+00
-3.33564095e-04	6.93351789e+00
1.85165269e-18	7.98014692e+00
3.33564095e-04	8.94616647e+00
6.67128190e-04	9.78244911e+00
1.00069229e-03	1.04492898e+01
1.33425638e-03	1.09198629e+01
1.66782048e-03	1.11817730e+01
2.00138457e-03	1.12366558e+01
2.33494867e-03	1.10981075e+01
2.66851276e-03	1.07886814e+01
3.00207686e-03	1.03364672e+01
3.33564095e-03	9.77196638e+00
3.66920505e-03	9.12565097e+00
4.00276914e-03	8.42632824e+00
4.33633324e-03	7.70038478e+00
4.66989733e-03	6.97152396e+00
5.00346143e-03	6.26079270e+00
5.33702552e-03	5.58653450e+00
5.67058962e-03	4.96405754e+00
6.00415371e-03	4.40509490e+00
6.33771781e-03	3.91708430e+00
6.67128190e-03	3.50265123e+00
7.00484600e-03	3.15947010e+00
7.33841009e-03	2.88069722e+00
7.67197419e-03	2.65601872e+00
8.00553828e-03	2.47306403e+00
8.33910238e-03	2.31902662e+00
8.67266648e-03	2.18210111e+00
9.00623057e-03	2.05257657e+00
9.33979467e-03	1.92345950e+00
9.67335876e-03	1.79060754e+00
1.00069229e-02	1.65253116e+00
1.03404870e-02	1.50989481e+00
1.06740510e-02	1.36491949e+00
1.10076151e-02	1.22073197e+00
1.13411792e-02	1.08075534e+00
1.16747433e-02	9.48227733e-01
1.20083074e-02	8.25865056e-01
1.23418715e-02	7.15744991e-01
1.26754356e-02	6.19329711e-01
1.30089997e-02	5.37606613e-01
1.33425638e-02	4.71233124e-01
1.36761279e-02	4.20609260e-01
1.40096920e-02	3.85850256e-01
1.43432561e-02	3.66645091e-01
1.46768202e-02	3.62092756e-01
1.50103843e-02	3.70558225e-01
1.53439484e-02	3.89628216e-01
1.56775125e-02	4.16165407e-01
1.60110766e-02	4.46446356e-01
1.63446407e-02	4.76328458e-01
1.66782048e-02	5.01381210e-01
1.70117689e-02	5.16976688e-01
1.73453330e-02	5.18338379e-01
1.76788970e-02	5.00628535e-01
1.80124611e-02	4.59137490e-01
1.83460252e-02	3.89640747e-01
1.86795893e-02	2.88908941e-01
1.90131534e-02	1.55289451e-01
1.93467175e-02	-1.07842705e-02
1.96802816e-02	-2.06527505e-01
2.00138457e-02	-4.26888938e-01
2.03474098e-02	-6.65022638e-01
2.06809739e-02	-9.13032683e-01
2.10145380e-02	-1.16281876e+00
2.13481021e-02	-1.40679864e+00
2.16816662e-02	-1.63834602e+00
2.20152303e-02	-1.85189412e+00
2.23487944e-02	-2.04277651e+00
2.26823585e-02	-2.20699658e+00
2.30159226e-02	-2.34109814e+00
2.33494867e-02	-2.44226498e+00
2.36830508e-02	-2.50864004e+00
2.40166149e-02	-2.53974328e+00
2.43501789e-02	-2.53677707e+00
2.46837430e-02	-2.50263507e+00
2.50173071e-02	-2.44153275e+00
2.53508712e-02	-2.35828793e+00
2.56844353e-02	-2.25741894e+00
2.60179994e-02	-2.14228517e+00
2.63515635e-02	-2.01450414e+00
2.66851276e-02	-1.87381090e+00
2.70186917e-02	-1.71843637e+00
2.73522558e-02	-1.54594051e+00
2.76858199e-02	-1.35434965e+00
2.80193840e-02	-1.14333565e+00
2.83529481e-02	-9.15114147e-01
2.86865122e-02	-6.74798248e-01
2.90200763e-02	-4.30021320e-01
2.93536404e-02	-1.89863596e-01
2.96872045e-02	3.66913677e-02
3.00207686e-02	2.42369626e-01
3.03543327e-02	4.22845894e-01
3.06878968e-02	5.77259568e-01
3.10214609e-02	7.07877688e-01
3.13550249e-02	8.19063560e-01
3.16885890e-02	9.15884017e-01
3.20221531e-02	1.00280622e+00
3.23557172e-02	1.08284202e+00
3.26892813e-02	1.15730665e+00
3.30228454e-02	1.22612753e+00
3.33564095e-02	1.28847494e+00
3.36899736e-02	1.34342388e+00
3.40235377e-02	1.39039320e+00
3.43571018e-02	1.42927200e+00
3.46906659e-02	1.46026291e+00
3.50242300e-02	1.48358299e+00
3.53577941e-02	1.49916783e+00
3.56913582e-02	1.50648673e+00
3.60249223e-02	1.50450008e+00
3.63584864e-02	1.49172827e+00
3.66920505e-02	1.46640488e+00
3.70256146e-02	1.42668502e+00
3.73591787e-02	1.37092675e+00
3.76927428e-02	1.29806168e+00
3.80263069e-02	1.20805881e+00
3.83598709e-02	1.10242888e+00
3.86934350e-02	9.84660384e-01
3.90269991e-02	8.60448064e-01
3.93605632e-02	7.37575357e-01
3.96941273e-02	6.25379264e-01
4.00276914e-02	5.33798532e-01
4.03612555e-02	4.72104434e-01
4.06948196e-02	4.47488475e-01
4.10283837e-02	4.63739651e-01
4.13619478e-02	5.20254723e-01
4.16955119e-02	6.11587568e-01
4.20290760e-02	7.27677852e-01
4.23626401e-02	8.54790331e-01
4.26962042e-02	9.77079331e-01
4.30297683e-02	1.07857374e+00
4.33633324e-02	1.14528934e+00
4.36968965e-02	1.16712721e+00
4.40304606e-02	1.13923257e+00
4.43640247e-02	1.06257300e+00
4.46975888e-02	9.43619544e-01
4.50311529e-02	7.93172713e-01
4.53647169e-02	6.24537687e-01
4.56982810e-02	4.51382863e-01
4.60318451e-02	2.85677452e-01
4.63654092e-02	1.36079451e-01
4.66989733e-02	7.05425443e-03
4.70325374e-02	-1.01156874e-01
4.73661015e-02	-1.91788048e-01
4.76996656e-02	-2.70252148e-01
4.80332297e-02	-3.42627115e-01
4.83667938e-02	-4.14267257e-01
4.87003579e-02	-4.88819807e-01
4.90339220e-02	-5.67788954e-01
4.93674861e-02	-6.50649256e-01
4.97010502e-02	-7.35388164e-01
5.00346143e-02	-8.19281796e-01
5.03681784e-02	-8.99687384e-01
5.07017425e-02	-9.74662530e-01
5.10353066e-02	-1.04329206e+00
5.13688707e-02	-1.10567409e+00
5.17024348e-02	-1.16261299e+00
5.20359989e-02	-1.21514027e+00
5.23695629e-02	-1.26403349e+00
5.27031270e-02	-1.30949528e+00
5.30366911e-02	-1.35109216e+00
5.33702552e-02	-1.38795551e+00
5.37038193e-02	-1.41912537e+00
5.40373834e-02	-1.44385815e+00
5.43709475e-02	-1.46172655e+00
5.47045116e-02	-1.47244316e+00
5.50380757e-02	-1.47546821e+00
5.53716398e-02	-1.46957853e+00
5.57052039e-02	-1.45261642e+00
5.60387680e-02	-1.42156666e+00
5.63723321e-02	-1.37298339e+00
5.67058962e-02	-1.30364297e+00
5.70394603e-02	-1.21123033e+00
5.73730244e-02	-1.09486814e+00
5.77065885e-02	-9.55389233e-01
5.80401526e-02	-7.95359873e-01
5.83737167e-02	-6.18930066e-01
5.87072808e-02	-4.31599891e-01
5.90408449e-02	-2.39941467e-01
5.93744089e-02	-5.12701781e-02
5.97079730e-02	1.26776557e-01
6.00415371e-02	2.86771180e-01
6.03751012e-02	4.22110024e-01
6.07086653e-02	5.27632521e-01
6.10422294e-02	6.00146312e-01
6.13757935e-02	6.38781482e-01
6.17093576e-02	6.45126416e-01
6.20429217e-02	6.23136695e-01
6.23764858e-02	5.78824762e-01
6.27100499e-02	5.19753770e-01
6.30436140e-02	4.54367007e-01
6.33771781e-02	3.91199010e-01
6.37107422e-02	3.38050648e-01
6.40443063e-02	3.01238640e-01
6.43778704e-02	2.85038200e-01
6.47114345e-02	2.91398427e-01
6.50449986e-02	3.19956006e-01
6.53785627e-02	3.68316449e-01
6.57121268e-02	4.32525966e-01
6.60456908e-02	5.07642883e-01
6.63792549e-02	5.88326299e-01
6.67128190e-02	6.69388513e-01
6.70463831e-02	7.46274564e-01
6.73799472e-02	8.15440111e-01
6.77135113e-02	8.74600501e-01
6.80470754e-02	9.22821677e-01
6.83806395e-02	9.60441106e-01
6.87142036e-02	9.88829109e-01
6.90477677e-02	1.01003452e+00
6.93813318e-02	1.02638246e+00
6.97148959e-02	1.04010049e+00
7.00484600e-02	1.05304036e+00
7.03820241e-02	1.06652481e+00
7.07155882e-02	1.08131739e+00
7.10491523e-02	1.09768168e+00
7.13827164e-02	1.11549044e+00
7.17162805e-02	1.13434885e+00
7.20498446e-02	1.15370760e+00
7.23834087e-02	1.17295875e+00
7.27169728e-02	1.19150638e+00
7.30505368e-02	1.20881022e+00
7.33841009e-02	1.22439434e+00
7.37176650e-02	1.23781757e+00
7.40512291e-02	1.24861077e+00
7.43847932e-02	1.25619605e+00
7.47183573e-02	1.25982022e+00
7.50519214e-02	1.25852709e+00
7.53854855e-02	1.25119071e+00
7.57190496e-02	1.23661127e+00
7.60526137e-02	1.21366331e+00
7.63861778e-02	1.18147414e+00
7.67197419e-02	1.13959568e+00
7.70533060e-02	1.08813814e+00
7.73868701e-02	1.02783745e+00
7.77204342e-02	9.60046955e-01
7.80539983e-02	8.86645334e-01
7.83875624e-02	8.09859585e-01
7.87211265e-02	7.32022379e-01
7.90546906e-02	6.55294439e-01
7.93882547e-02	5.81394329e-01
7.97218188e-02	5.11374246e-01
8.00553828e-02	4.45491023e-01
8.03889469e-02	3.83215776e-01
8.07225110e-02	3.23394046e-01
8.10560751e-02	2.64531757e-01
8.13896392e-02	2.05146332e-01
8.17232033e-02	1.44111506e-01
8.20567674e-02	8.09190496e-02
8.23903315e-02	1.57978578e-02
8.27238956e-02	-5.03297789e-02
8.30574597e-02	-1.16035419e-01
8.33910238e-02	-1.79662455e-01
8.37245879e-02	-2.39634785e-01
8.40581520e-02	-2.94737777e-01
8.43917161e-02	-3.44322870e-01
8.47252802e-02	-3.88405203e-01
8.50588443e-02	-4.27640400e-01
8.53924084e-02	-4.63189886e-01
8.57259725e-02	-4.96502714e-01
8.60595366e-02	-5.29057199e-01
8.63931007e-02	-5.62112387e-01
8.67266648e-02	-5.96515119e-01
8.70602288e-02	-6.32599968e-01
8.73937929e-02	-6.70197406e-01
8.77273570e-02	-7.08737534e-01
8.80609211e-02	-7.47416129e-01
8.83944852e-02	-7.85385963e-01
8.87280493e-02	-8.21940139e-01
8.90616134e-02	-8.56659284e-01
8.93951775e-02	-8.89500762e-01
8.97287416e-02	-9.20815804e-01
9.00623057e-02	-9.51289922e-01
9.03958698e-02	-9.81804796e-01
9.07294339e-02	-1.01323625e+00
9.10629980e-02	-1.04622075e+00
9.13965621e-02	-1.08093774e+00
9.17301262e-02	-1.11696350e+00
9.20636903e-02	-1.15323671e+00
9.23972544e-02	-1.18816288e+00
9.27308185e-02	-1.21984901e+00
9.30643826e-02	-1.24642394e+00
9.33979467e-02	-1.26637975e+00
9.37315108e-02	-1.27885455e+00
9.40650748e-02	-1.28379621e+00
9.43986389e-02	-1.28196152e+00
9.47322030e-02	-1.27474553e+00
9.50657671e-02	-1.26388612e+00
9.53993312e-02	-1.25111223e+00
9.57328953e-02	-1.23782449e+00
9.60664594e-02	-1.22487725e+00
9.64000235e-02	-1.21250380e+00
9.67335876e-02	-1.20038784e+00
9.70671517e-02	-1.18783502e+00
9.74007158e-02	-1.17398897e+00
9.77342799e-02	-1.15803251e+00
9.80678440e-02	-1.13933698e+00
9.84014081e-02	-1.11755017e+00
9.87349722e-02	-1.09263060e+00
9.90685363e-02	-1.06485140e+00
9.94021004e-02	-1.03477992e+00
9.97356645e-02	-1.00322647e+00
1.00069229e-01	-9.71150115e-01
1.00402793e-01	-9.39510724e-01
1.00736357e-01	-9.09073896e-01
1.01069921e-01	-8.80197292e-01
1.01403485e-01	-8.52658561e-01
1.01737049e-01	-8.25591797e-01
1.02070613e-01	-7.97582065e-01
1.02404177e-01	-7.66929831e-01
1.02737741e-01	-7.32047973e-01
1.03071305e-01	-6.91905972e-01
1.03404870e-01	-6.46395314e-01
1.03738434e-01	-5.96500184e-01
1.04071998e-01	-5.44201730e-01
1.04405562e-01	-4.92114347e-01
1.04739126e-01	-4.42936546e-01
1.05072690e-01	-3.98855035e-01
1.05406254e-01	-3.61073430e-01
1.05739818e-01	-3.29601870e-01
1.06073382e-01	-3.03361734e-01
1.06406946e-01	-2.80578481e-01
1.06740510e-01	-2.59338920e-01
1.07074075e-01	-2.38143463e-01
1.07407639e-01	-2.16295189e-01
1.07741203e-01	-1.94018781e-01
1.08074767e-01	-1.72306959e-01
1.08408331e-01	-1.52570125e-01
1.08741895e-01	-1.36213984e-01
1.09075459e-01	-1.24287614e-01
1.09409023e-01	-1.17290959e-01
1.09742587e-01	-1.15168160e-01
1.10076151e-01	-1.17448321e-01
1.10409716e-01	-1.23441006e-01
1.10743280e-01	-1.32398888e-01
1.11076844e-01	-1.43592054e-01
1.11410408e-01	-1.56290668e-01
1.11743972e-01	-1.69706963e-01
1.12077536e-01	-1.82965447e-01
1.12411100e-01	-1.95161729e-01
1.12744664e-01	-2.05527883e-01
1.13078228e-01	-2.13660771e-01
1.13411792e-01	-2.19724022e-01
1.13745356e-01	-2.24521711e-01
1.14078921e-01	-2.29377091e-01
1.14412485e-01	-2.35815004e-01
1.14746049e-01	-2.45125187e-01
1.15079613e-01	-2.57945416e-01
1.15413177e-01	-2.74011918e-01
1.15746741e-01	-2.92185688e-01
1.16080305e-01	-3.10773133e-01
1.16413869e-01	-3.28047466e-01
1.16747433e-01	-3.42803244e-01
1.17080997e-01	-3.54753256e-01
1.17414562e-01	-3.64621696e-01
1.17748126e-01	-3.73893905e-01
1.18081690e-01	-3.84301211e-01
1.18415254e-01	-3.97216614e-01
1.18748818e-01	-4.13170295e-01
1.19082382e-01	-4.31645851e-01
1.19415946e-01	-4.51221951e-01
1.19749510e-01	-4.70006601e-01
1.20083074e-01	-4.86210383e-01
1.20416638e-01	-4.98666666e-01
1.20750202e-01	-5.07139850e-01
1.21083767e-01	-5.12345860e-01
1.21417331e-01	-5.15708554e-01
1.21750895e-01	-5.18956916e-01
1.22084459e-01	-5.23701779e-01
1.22418023e-01	-5.31108807e-01
1.22751587e-01	-5.41728797e-01
1.23085151e-01	-5.55486689e-01
1.23418715e-01	-5.71788139e-01
1.23752279e-01	-5.89688541e-01
1.24085843e-01	-6.08079907e-01
1.24419408e-01	-6.25872750e-01
1.24752972e-01	-6.42163364e-01
1.25086536e-01	-6.56370006e-01
1.25420100e-01	-6.68309827e-01
1.25753664e-01	-6.78189259e-01
1.26087228e-01	-6.86493228e-01
1.26420792e-01	-6.93782858e-01
1.26754356e-01	-7.00448298e-01
1.27087920e-01	-7.06492279e-01
1.27421484e-01	-7.11415559e-01
1.27755048e-01	-7.14242837e-01
1.28088613e-01	-7.13685824e-01
1.28422177e-01	-7.08396347e-01
1.28755741e-01	-6.97234898e-01
1.29089305e-01	-6.79484339e-01
1.29422869e-01	-6.54963105e-01
1.29756433e-01	-6.24025179e-01
1.30089997e-01	-5.87466783e-01
1.30423561e-01	-5.46374255e-01
1.30757125e-01	-5.01944416e-01
1.31090689e-01	-4.55305185e-01
1.31424254e-01	-4.07365705e-01
1.31757818e-01	-3.58728016e-01
1.32091382e-01	-3.09688610e-01
1.32424946e-01	-2.60340027e-01
1.32758510e-01	-2.10752999e-01
1.33092074e-01	-1.61186422e-01
1.33425638e-01	-1.12247456e-01
1.33759202e-01	-6.49279955e-02
1.34092766e-01	-2.04829656e-02
1.34426330e-01	1.98267076e-02
1.34759894e-01	5.50507082e-02
1.35093459e-01	8.48219932e-02
1.35427023e-01	1.09491894e-01
1.35760587e-01	1.30079777e-01
1.36094151e-01	1.48056736e-01
1.36427715e-01	1.65041373e-01
1.36761279e-01	1.82505172e-01
1.37094843e-01	2.01564135e-01
1.37428407e-01	2.22889630e-01
1.37761971e-01	2.46722657e-01
1.38095535e-01	2.72946075e-01
1.38429100e-01	3.01174251e-01
1.38762664e-01	3.30845413e-01
1.39096228e-01	3.61323304e-01
1.39429792e-01	3.92015833e-01
1.39763356e-01	4.22497207e-01
1.40096920e-01	4.52592747e-01
1.40430484e-01	4.82378738e-01
1.40764048e-01	5.12075105e-01
1.41097612e-01	5.41856933e-01
1.41431176e-01	5.71658221e-01
1.41764740e-01	6.01059800e-01
1.42098305e-01	6.29329445e-01
1.42431869e-01	6.55622581e-01
1.42765433e-01	6.79278739e-01
1.43098997e-01	7.00097967e-01
1.43432561e-01	7.18481963e-01
1.43766125e-01	7.35377114e-01
1.44099689e-01	7.52036898e-01
1.44433253e-01	7.69692943e-01
1.44766817e-01	7.89252039e-01
1.45100381e-01	8.11109687e-01
1.45433946e-01	8.35110663e-01
1.45767510e-01	8.60627135e-01
1.46101074e-01	8.86693699e-01
1.46434638e-01	9.12148255e-01
1.46768202e-01	9.35762791e-01
1.47101766e-01	9.56378290e-01
1.47435330e-01	9.73061824e-01
1.47768894e-01	9.85280035e-01
1.48102458e-01	9.93047325e-01
1.48436022e-01	9.96985426e-01
1.48769586e-01	9.98244307e-01
1.49103151e-01	9.98281590e-01
1.49436715e-01	9.98556772e-01
1.49770279e-01	1.00023804e+00
1.50103843e-01	1.00401901e+00
1.50437407e-01	1.01009525e+00
1.50770971e-01	1.01827823e+00
1.51104535e-01	1.02816705e+00
1.51438099e-01	1.03928586e+00
1.51771663e-01	1.05113233e+00
1.52105227e-01	1.06314305e+00
1.52438792e-01	1.07463109e+00
1.52772356e-01	1.08476420e+00
1.53105920e-01	1.09262536e+00
1.53439484e-01	1.09735035e+00
1.53773048e-01	1.09829619e+00
1.54106612e-01	1.09517997e+00
1.54440176e-01	1.08814121e+00
1.54773740e-01	1.07771675e+00
1.55107304e-01	1.06475277e+00
1.55440868e-01	1.05029192e+00
1.55774432e-01	1.03546110e+00
1.56107997e-01	1.02136385e+00
1.56441561e-01	1.00896749e+00
1.56775125e-01	9.98980120e-01
1.57108689e-01	9.91732937e-01
1.57442253e-01	9.87104674e-01
1.57775817e-01	9.84525545e-01
1.58109381e-01	9.83075929e-01
1.58442945e-01	9.81662471e-01
1.58776509e-01	9.79228384e-01
1.59110073e-01	9.74945494e-01
1.59443638e-01	9.68345325e-01
1.59777202e-01	9.59368871e-01
1.60110766e-01	9.48336830e-01
1.60444330e-01	9.35854074e-01
1.60777894e-01	9.22664445e-01
1.61111458e-01	9.09474501e-01
1.61445022e-01	8.96775087e-01
1.61778586e-01	8.84700305e-01
1.62112150e-01	8.72962802e-01
1.62445714e-01	8.60890917e-01
1.62779278e-01	8.47571556e-01
1.63112843e-01	8.32073671e-01
1.63446407e-01	8.13697457e-01
1.63779971e-01	7.92180406e-01
1.64113535e-01	7.67801489e-01
1.64447099e-01	7.41352263e-01
1.64780663e-01	7.13981139e-01
1.65114227e-01	6.86954768e-01
1.65447791e-01	6.61400708e-01
1.65781355e-01	6.38091256e-01
1.66114919e-01	6.17314108e-01
1.66448484e-01	5.98859005e-01
1.66782048e-01	5.82120433e-01
1.67115612e-01	5.66279471e-01
1.67449176e-01	5.50507645e-01
1.67782740e-01	5.34139721e-01
1.68116304e-01	5.16777946e-01
1.68449868e-01	4.98312727e-01
1.68783432e-01	4.78872700e-01
1.69116996e-01	4.58737480e-01
1.69450560e-01	4.38249606e-01
1.69784124e-01	4.17752468e-01
1.70117689e-01	3.97561705e-01
1.70451253e-01	3.77955104e-01
1.70784817e-01	3.59158900e-01
1.71118381e-01	3.41323913e-01
1.71451945e-01	3.24503363e-01
1.71785509e-01	3.08648377e-01
1.72119073e-01	2.93631251e-01
1.72452637e-01	2.79295701e-01
1.72786201e-01	2.65515733e-01
1.73119765e-01	2.52229635e-01
1.73453330e-01	2.39421495e-01
1.73786894e-01	2.27051494e-01
1.74120458e-01	2.14969231e-01
1.74454022e-01	2.02860376e-01
1.74787586e-01	1.90265772e-01
1.75121150e-01	1.76679033e-01
1.75454714e-01	1.61693002e-01
1.75788278e-01	1.45144973e-01
1.76121842e-01	1.27209045e-01
1.76455406e-01	1.08399530e-01
1.76788970e-01	8.94826177e-02
1.77122535e-01	7.13334784e-02
1.77456099e-01	5.47952758e-02
1.77789663e-01	4.05807923e-02
1.78123227e-01	2.92247090e-02
1.78456791e-01	2.10706295e-02
1.78790355e-01	1.62672646e-02
1.79123919e-01	1.47486692e-02
1.79457483e-01	1.61876769e-02
1.79791047e-01	1.99394995e-02
1.80124611e-01	2.50166421e-02
1.80458176e-01	3.01372640e-02
1.80791740e-01	3.38649413e-02
1.81125304e-01	3.48226984e-02
1.81458868e-01	3.19348401e-02
1.81792432e-01	2.46355012e-02
1.82125996e-01	1.29850828e-02
1.82459560e-01	-2.34301376e-03
1.82793124e-01	-2.02029465e-02
1.83126688e-01	-3.91980782e-02
1.83460252e-01	-5.79161539e-02
1.83793816e-01	-7.51223243e-02
1.84127381e-01	-8.98822246e-02
1.84460945e-01	-1.01609456e-01
1.84794509e-01	-1.10045686e-01
1.85128073e-01	-1.15194105e-01
1.85461637e-01	-1.17233969e-01
1.85795201e-01	-1.16436780e-01
1.86128765e-01	-1.13091839e-01
1.86462329e-01	-1.07449571e-01
1.86795893e-01	-9.97038799e-02
1.87129457e-01	-9.00343692e-02
1.87463022e-01	-7.87036139e-02
1.87796586e-01	-6.61740236e-02
1.88130150e-01	-5.31962962e-02
1.88463714e-01	-4.08266928e-02
1.88797278e-01	-3.03451422e-02
1.89130842e-01	-2.30736988e-02
1.89464406e-01	-2.01359927e-02
1.89797970e-01	-2.22318318e-02
1.90131534e-01	-2.94988687e-02
1.90465098e-01	-4.14943860e-02
1.90798662e-01	-5.72856889e-02
1.91132227e-01	-7.56144214e-02
1.91465791e-01	-9.50945153e-02
1.91799355e-01	-1.14401380e-01
1.92132919e-01	-1.32416814e-01
1.92466483e-01	-1.48319418e-01
1.92800047e-01	-1.61636003e-01
1.93133611e-01	-1.72267659e-01
1.93467175e-01	-1.80481493e-01
1.93800739e-01	-1.86850369e-01
1.94134303e-01	-1.92140636e-01
1.94467868e-01	-1.97167181e-01
1.94801432e-01	-2.02637419e-01
1.95134996e-01	-2.09006470e-01
1.95468560e-01	-2.16379592e-01
1.95802124e-01	-2.24504427e-01
1.96135688e-01	-2.32868127e-01
1.96469252e-01	-2.40868782e-01
1.96802816e-01	-2.48005564e-01
1.97136380e-01	-2.54035526e-01
1.97469944e-01	-2.59054403e-01
1.97803508e-01	-2.63470193e-01
1.98137073e-01	-2.67871953e-01
1.98470637e-01	-2.72847465e-01
1.98804201e-01	-2.78830235e-01
1.99137765e-01	-2.86033392e-01
1.99471329e-01	-2.94481454e-01
1.99804893e-01	-3.04116040e-01
2.00138457e-01	-3.14929806e-01
2.00472021e-01	-3.27066064e-01
2.00805585e-01	-3.40827372e-01
2.01139149e-01	-3.56580390e-01
2.01472713e-01	-3.74597398e-01
2.01806278e-01	-3.94894416e-01
2.02139842e-01	-4.17112968e-01
2.02473406e-01	-4.40479687e-01
2.02806970e-01	-4.63870124e-01
2.03140534e-01	-4.85976652e-01
2.03474098e-01	-5.05538695e-01
2.03807662e-01	-5.21573529e-01
2.04141226e-01	-5.33560551e-01
2.04474790e-01	-5.41550885e-01
2.04808354e-01	-5.46178165e-01
2.05141919e-01	-5.48557002e-01
2.05475483e-01	-5.50089237e-01
2.05809047e-01	-5.52228180e-01
2.06142611e-01	-5.56248670e-01
2.06476175e-01	-5.63051345e-01
2.06809739e-01	-5.73023444e-01
2.07143303e-01	-5.85980667e-01
2.07476867e-01	-6.01200450e-01
2.07810431e-01	-6.17533066e-01
2.08143995e-01	-6.33569363e-01
2.08477559e-01	-6.47849169e-01
2.08811124e-01	-6.59086790e-01
2.09144688e-01	-6.66371806e-01
2.09478252e-01	-6.69303897e-01
2.09811816e-01	-6.68044188e-01
2.10145380e-01	-6.63285552e-01
2.10478944e-01	-6.56149673e-01
2.10812508e-01	-6.48028036e-01
2.11146072e-01	-6.40401916e-01
2.11479636e-01	-6.34678292e-01
2.11813200e-01	-6.32054621e-01
2.12146765e-01	-6.33403976e-01
2.12480329e-01	-6.39176007e-01
2.12813893e-01	-6.49323048e-01
2.13147457e-01	-6.63262932e-01
2.13481021e-01	-6.79889062e-01
2.13814585e-01	-6.97646194e-01
2.14148149e-01	-7.14690681e-01
2.14481713e-01	-7.29128306e-01
2.14815277e-01	-7.39288066e-01
2.15148841e-01	-7.43976333e-01
2.15482405e-01	-7.42663031e-01
2.15815970e-01	-7.35562606e-01
2.16149534e-01	-7.23588932e-01
2.16483098e-01	-7.08195803e-01
2.16816662e-01	-6.91148235e-01
2.17150226e-01	-6.74276525e-01
2.17483790e-01	-6.59247310e-01
2.17817354e-01	-6.47372050e-01
2.18150918e-01	-6.39471477e-01
2.18484482e-01	-6.35807678e-01
2.18818046e-01	-6.36081674e-01
2.19151611e-01	-6.39491601e-01
2.19485175e-01	-6.44855139e-01
2.19818739e-01	-6.50795491e-01
2.20152303e-01	-6.55965848e-01
2.20485867e-01	-6.59267043e-01
2.20819431e-01	-6.60013885e-01
2.21152995e-01	-6.58016371e-01
2.21486559e-01	-6.53554418e-01
2.21820123e-01	-6.47249180e-01
2.22153687e-01	-6.39870798e-01
2.22487251e-01	-6.32146229e-01
2.22820816e-01	-6.24623156e-01
2.23154380e-01	-6.17619478e-01
2.23487944e-01	-6.11261580e-01
2.23821508e-01	-6.05588300e-01
2.24155072e-01	-6.00670258e-01
2.24488636e-01	-5.96683638e-01
2.24822200e-01	-5.93899009e-01
2.25155764e-01	-5.92585379e-01
2.25489328e-01	-5.92862171e-01
2.25822892e-01	-5.94550879e-01
2.26156457e-01	-5.97087219e-01
2.26490021e-01	-5.99544070e-01
2.26823585e-01	-6.00776389e-01
2.27157149e-01	-5.99650203e-01
2.27490713e-01	-5.95288875e-01
2.27824277e-01	-5.87269051e-01
2.28157841e-01	-5.75713881e-01
2.28491405e-01	-5.61257332e-01
2.28824969e-01	-5.44892347e-01
2.29158533e-01	-5.27753673e-01
2.29492097e-01	-5.10900899e-01
2.29825662e-01	-4.95155180e-01
2.30159226e-01	-4.81020718e-01
2.30492790e-01	-4.68698796e-01
2.30826354e-01	-4.58174769e-01
2.31159918e-01	-4.49332996e-01
2.31493482e-01	-4.42048658e-01
2.31827046e-01	-4.36221974e-01
2.32160610e-01	-4.31744999e-01
2.32494174e-01	-4.28414186e-01
2.32827738e-01	-4.25825434e-01
2.33161303e-01	-4.23306186e-01
2.33494867e-01	-4.19934625e-01
2.33828431e-01	-4.14665794e-01
2.34161995e-01	-4.06545074e-01
2.34495559e-01	-3.94957301e-01
2.34829123e-01	-3.79839545e-01
2.35162687e-01	-3.61782728e-01
2.35496251e-01	-3.41971966e-01
2.35829815e-01	-3.21964978e-01
2.36163379e-01	-3.03359399e-01
2.36496943e-01	-2.87432093e-01
2.36830508e-01	-2.74842351e-01
2.37164072e-01	-2.65478405e-01
2.37497636e-01	-2.58491068e-01
2.37831200e-01	-2.52504843e-01
2.38164764e-01	-2.45947412e-01
2.38498328e-01	-2.37413145e-01
2.38831892e-01	-2.25975564e-01
2.39165456e-01	-2.11378602e-01
2.39499020e-01	-1.94065976e-01
2.39832584e-01	-1.75050462e-01
2.40166149e-01	-1.55665175e-01
2.40499713e-01	-1.37261644e-01
2.40833277e-01	-1.20924442e-01
2.41166841e-01	-1.07266013e-01
2.41500405e-01	-9.63457577e-02
2.41833969e-01	-8.77231426e-02
2.42167533e-01	-8.06176644e-02
2.42501097e-01	-7.41250709e-02
2.42834661e-01	-6.74325579e-02
2.43168225e-01	-5.99813820e-02
2.43501789e-01	-5.15430527e-02
2.43835354e-01	-4.22034923e-02
2.44168918e-01	-3.22765768e-02
2.44502482e-01	-2.21812759e-02
2.44836046e-01	-1.23153515e-02
2.45169610e-01	-2.95191080e-03
2.45503174e-01	5.82371853e-03
2.45836738e-01	1.41312281e-02
2.46170302e-01	2.22713345e-02
2.46503866e-01	3.06675652e-02
2.46837430e-01	3.97789697e-02
2.47170995e-01	4.99917942e-02
2.47504559e-01	6.15066965e-02
2.47838123e-01	7.42452891e-02
2.48171687e-01	8.78025597e-02
2.48505251e-01	1.01471075e-01
2.48838815e-01	1.14354718e-01
2.49172379e-01	1.25567364e-01
2.49505943e-01	1.34479367e-01
2.49839507e-01	1.40947223e-01
2.50173071e-01	1.45452041e-01
2.50506635e-01	1.49084523e-01
2.50840200e-01	1.53348979e-01
2.51173764e-01	1.59813836e-01
2.51507328e-01	1.69695225e-01
2.51840892e-01	1.83496606e-01
2.52174456e-01	2.00822033e-01
2.52508020e-01	2.20434772e-01
2.52841584e-01	2.40561407e-01
2.53175148e-01	2.59363658e-01
2.53508712e-01	2.75440288e-01
2.53842276e-01	2.88204979e-01
2.54175841e-01	2.98022733e-01
2.54509405e-01	3.06062731e-01
2.54842969e-01	3.13912040e-01
2.55176533e-01	3.23066353e-01
2.55510097e-01	3.34450988e-01
2.55843661e-01	3.48114840e-01
2.56177225e-01	3.63185285e-01
2.56510789e-01	3.78094255e-01
2.56844353e-01	3.91011186e-01
2.57177917e-01	4.00364997e-01
2.57511481e-01	4.05314679e-01
2.57845046e-01	4.06042566e-01
2.58178610e-01	4.03792736e-01
2.58512174e-01	4.00642985e-01
2.58845738e-01	3.99062899e-01
2.59179302e-01	4.01359889e-01
2.59512866e-01	4.09141717e-01
2.59846430e-01	4.22920488e-01
2.60179994e-01	4.41948324e-01
2.60513558e-01	4.64319778e-01
2.60847122e-01	4.87317193e-01
2.61180687e-01	5.07925191e-01
2.61514251e-01	5.23406830e-01
2.61847815e-01	5.31822836e-01
2.62181379e-01	5.32389919e-01
2.62514943e-01	5.25610163e-01
2.62848507e-01	5.13151267e-01
2.63182071e-01	4.97508052e-01
2.63515635e-01	4.81521172e-01
2.63849199e-01	4.67859450e-01
2.64182763e-01	4.58578306e-01
2.64516327e-01	4.54844797e-01
2.64849892e-01	4.56875350e-01
2.65183456e-01	4.64076769e-01
2.65517020e-01	4.75329222e-01
2.65850584e-01	4.89317301e-01
2.66184148e-01	5.04812871e-01
2.66517712e-01	5.20840567e-01
2.66851276e-01	5.36701524e-01
2.67184840e-01	5.51877690e-01
2.67518404e-01	5.65875520e-01
2.67851968e-01	5.78084534e-01
2.68185533e-01	5.87717439e-01
2.68519097e-01	5.93867490e-01
2.68852661e-01	5.95677624e-01
2.69186225e-01	5.92577766e-01
2.69519789e-01	5.84520855e-01
2.69853353e-01	5.72141238e-01
2.70186917e-01	5.56775404e-01
2.70520481e-01	5.40321347e-01
2.70854045e-01	5.24957662e-01
2.71187609e-01	5.12782721e-01
2.71521173e-01	5.05457021e-01
2.71854738e-01	5.03931453e-01
2.72188302e-01	5.08319586e-01
2.72521866e-01	5.17930453e-01
2.72855430e-01	5.31435195e-01
2.73188994e-01	5.47111628e-01
2.73522558e-01	5.63103016e-01
2.73856122e-01	5.77639447e-01
2.74189686e-01	5.89195333e-01
2.74523250e-01	5.96584732e-01
2.74856814e-01	5.99015791e-01
2.75190379e-01	5.96128131e-01
2.75523943e-01	5.88023457e-01
2.75857507e-01	5.75280136e-01
2.76191071e-01	5.58929040e-01
2.76524635e-01	5.40367835e-01
2.76858199e-01	5.21205361e-01
2.77191763e-01	5.03052073e-01
2.77525327e-01	4.87296842e-01
2.77858891e-01	4.74922958e-01
2.78192455e-01	4.66409674e-01
2.78526019e-01	4.61741179e-01
2.78859584e-01	4.60511611e-01
2.79193148e-01	4.62085069e-01
2.79526712e-01	4.65754806e-01
2.79860276e-01	4.70851608e-01
2.80193840e-01	4.76775821e-01
2.80527404e-01	4.82960793e-01
2.80860968e-01	4.88804055e-01
2.81194532e-01	4.93614624e-01
2.81528096e-01	4.96615902e-01
2.81861660e-01	4.97018819e-01
2.82195225e-01	4.94150310e-01
2.82528789e-01	4.87600081e-01
2.82862353e-01	4.77341915e-01
2.83195917e-01	4.63794973e-01
2.83529481e-01	4.47809168e-01
2.83863045e-01	4.30577868e-01
2.84196609e-01	4.13494897e-01
2.84530173e-01	3.97979130e-01
2.84863737e-01	3.85290340e-01
2.85197301e-01	3.76357821e-01
2.85530865e-01	3.71642610e-01
2.85864430e-01	3.71055221e-01
2.86197994e-01	3.73949547e-01
2.86531558e-01	3.79205328e-01
2.86865122e-01	3.85395813e-01
2.87198686e-01	3.91017283e-01
2.87532250e-01	3.94738310e-01
2.87865814e-01	3.95615515e-01
2.88199378e-01	3.93225709e-01
2.88532942e-01	3.87683377e-01
2.88866506e-01	3.79542401e-01
2.89200071e-01	3.69611664e-01
2.89533635e-01	3.58736337e-01
2.89867199e-01	3.47603301e-01
2.90200763e-01	3.36618422e-01
2.90534327e-01	3.25879310e-01
2.90867891e-01	3.15238508e-01
2.91201455e-01	3.04428156e-01
2.91535019e-01	2.93204887e-01
2.91868583e-01	2.81475361e-01
2.92202147e-01	2.69375159e-01
2.92535711e-01	2.57289729e-01
2.92869276e-01	2.45819551e-01
2.93202840e-01	2.35699527e-01
2.93536404e-01	2.27685152e-01
2.93869968e-01	2.22418212e-01
2.94203532e-01	2.20286973e-01
2.94537096e-01	2.21301675e-01
2.94870660e-01	2.25012349e-01
2.95204224e-01	2.30497335e-01
2.95537788e-01	2.36443552e-01
2.95871352e-01	2.41322390e-01
2.96204917e-01	2.43640476e-01
2.96538481e-01	2.42219846e-01
2.96872045e-01	2.36446690e-01
2.97205609e-01	2.26428200e-01
2.97539173e-01	2.13014200e-01
2.97872737e-01	1.97670041e-01
2.98206301e-01	1.82221998e-01
2.98539865e-01	1.68526466e-01
2.98873429e-01	1.58131624e-01
2.99206993e-01	1.52001382e-01
2.99540557e-01	1.50356769e-01
2.99874122e-01	1.52662769e-01
3.00207686e-01	1.57756257e-01
3.00541250e-01	1.64081292e-01
3.00874814e-01	1.69978305e-01
3.01208378e-01	1.73966735e-01
3.01541942e-01	1.74967298e-01
3.01875506e-01	1.72428114e-01
3.02209070e-01	1.66343455e-01
3.02542634e-01	1.57178025e-01
3.02876198e-01	1.45727280e-01
3.03209763e-01	1.32951500e-01
3.03543327e-01	1.19818224e-01
3.03876891e-01	1.07177432e-01
3.04210455e-01	9.56810493e-02
3.04544019e-01	8.57469745e-02
3.04877583e-01	7.75603965e-02
3.05211147e-01	7.11024241e-02
3.05544711e-01	6.61960503e-02
3.05878275e-01	6.25597313e-02
3.06211839e-01	5.98585597e-02
3.06545403e-01	5.77431345e-02
3.06878968e-01	5.58685931e-02
3.07212532e-01	5.38923561e-02
3.07546096e-01	5.14582903e-02
3.07879660e-01	4.81834513e-02
3.08213224e-01	4.36661679e-02
3.08546788e-01	3.75280003e-02
3.08880352e-01	2.94882387e-02
3.09213916e-01	1.94529577e-02
3.09547480e-01	7.58809890e-03
3.09881044e-01	-5.65572914e-03
3.10214609e-01	-1.95870414e-02
3.10548173e-01	-3.33836655e-02
3.10881737e-01	-4.62427248e-02
3.11215301e-01	-5.75273861e-02
3.11548865e-01	-6.68659461e-02
3.11882429e-01	-7.41735825e-02
3.12215993e-01	-7.95927445e-02
3.12549557e-01	-8.33755795e-02
3.12883121e-01	-8.57513142e-02
3.13216685e-01	-8.68263512e-02
3.13550249e-01	-8.65535415e-02
3.13883814e-01	-8.47837715e-02
3.14217378e-01	-8.13850761e-02
3.14550942e-01	-7.63906874e-02
3.14884506e-01	-7.01257554e-02
3.15218070e-01	-6.32670995e-02
3.15551634e-01	-5.68093760e-02
3.15885198e-01	-5.19382273e-02
3.16218762e-01	-4.98384264e-02
3.16552326e-01	-5.14845239e-02
3.16885890e-01	-5.74662487e-02
3.17219455e-01	-6.78890927e-02
3.17553019e-01	-8.23669827e-02
3.17886583e-01	-1.00097729e-01
3.18220147e-01	-1.19992003e-01
3.18553711e-01	-1.40819039e-01
3.18887275e-01	-1.61338453e-01
3.19220839e-01	-1.80403124e-01
3.19554403e-01	-1.97035057e-01
3.19887967e-01	-2.10487159e-01
3.20221531e-01	-2.20304451e-01
3.20555095e-01	-2.26388408e-01
3.20888660e-01	-2.29052634e-01
3.21222224e-01	-2.29045340e-01
3.21555788e-01	-2.27510871e-01
3.21889352e-01	-2.25871586e-01
3.22222916e-01	-2.25631225e-01
3.22556480e-01	-2.28126187e-01
3.22890044e-01	-2.34273432e-01
3.23223608e-01	-2.44374252e-01
3.23557172e-01	-2.58027119e-01
3.23890736e-01	-2.74181044e-01
3.24224301e-01	-2.91328312e-01
3.24557865e-01	-3.07800149e-01
3.24891429e-01	-3.22101053e-01
3.25224993e-01	-3.33206062e-01
3.25558557e-01	-3.40753640e-01
3.25892121e-01	-3.45092303e-01
3.26225685e-01	-3.47174356e-01
3.26559249e-01	-3.48325902e-01
3.26892813e-01	-3.49948730e-01
3.27226377e-01	-3.53220343e-01
3.27559941e-01	-3.58852650e-01
3.27893506e-01	-3.66952347e-01
3.28227070e-01	-3.77002692e-01
3.28560634e-01	-3.87962923e-01
3.28894198e-01	-3.98462438e-01
3.29227762e-01	-4.07054258e-01
3.29561326e-01	-4.12485936e-01
3.29894890e-01	-4.13944651e-01
3.30228454e-01	-4.11236502e-01
3.30562018e-01	-4.04868300e-01
3.30895582e-01	-3.96013422e-01
3.31229147e-01	-3.86360569e-01
3.31562711e-01	-3.77863913e-01
3.31896275e-01	-3.72431708e-01
3.32229839e-01	-3.71603703e-01
3.32563403e-01	-3.76272428e-01
3.32896967e-01	-3.86498899e-01
3.33230531e-01	-4.01459661e-01
3.33564095e-01	-4.19540866e-01
3.33897659e-01	-4.31538898e-01
