-8.00553828e-03	-0.00000000e+00
-7.67197419e-03	2.67069506e-05
-7.33841009e-03	7.65777576e-05
-7.00484600e-03	1.79332769e-04
-6.67128190e-03	4.06562325e-04
-6.33771781e-03	9.08004390e-04
-6.00415371e-03	1.93022032e-03
-5.67058962e-03	3.91216056e-03
-5.33702552e-03	7.64230895e-03
-5.00346143e-03	1.43612963e-02
-4.66989733e-03	2.59196204e-02
-4.33633324e-03	4.49949572e-02
-4.00276914e-03	7.51229320e-02
-3.66920505e-03	1.20602411e-01
-3.33564095e-03	1.86238440e-01
-3.00207686e-03	2.76665808e-01
-2.66851276e-03	3.95437164e-01
-2.33494867e-03	5.43949752e-01
-2.00138457e-03	7.20287227e-01
-1.66782048e-03	9.18459123e-01
-1.33425638e-03	1.12818215e+00
-1.00069229e-03	1.33541555e+00
-6.67128190e-04	1.52378370e+00
-3.33564095e-04	1.67649037e+00
1.85165269e-18	1.77850442e+00
3.33564095e-04	1.81850224e+00
6.67128190e-04	1.79010117e+00
1.00069229e-03	1.69235040e+00
1.33425638e-03	1.52933435e+00
1.66782048e-03	1.30922164e+00
2.00138457e-03	1.04305893e+00
2.33494867e-03	7.43499692e-01
2.66851276e-03	4.23803831e-01
3.00207686e-03	9.70268153e-02
3.33564095e-03	-2.24517575e-01
3.66920505e-03	-5.29588271e-01
4.00276914e-03	-8.08256032e-01
4.33633324e-03	-1.05197188e+00
4.66989733e-03	-1.25365706e+00
5.00346143e-03	-1.40776470e+00
5.33702552e-03	-1.51042827e+00
5.67058962e-03	-1.55975304e+00
6.00415371e-03	-1.55612531e+00
6.33771781e-03	-1.50255589e+00
6.67128190e-03	-1.40478332e+00
7.00484600e-03	-1.27107693e+00
7.33841009e-03	-1.11164986e+00
7.67197419e-03	-9.37687835e-01
8.00553828e-03	-7.60243751e-01
8.33910238e-03	-5.89112745e-01
8.67266648e-03	-4.31991581e-01
9.00623057e-03	-2.94001956e-01
9.33979467e-03	-1.77613423e-01
9.67335876e-03	-8.29267900e-02
1.00069229e-02	-8.13518058e-03
1.03404870e-02	4.98787651e-02
1.06740510e-02	9.49744995e-02
1.10076151e-02	1.31228088e-01
1.13411792e-02	1.62496300e-01
1.16747433e-02	1.92111422e-01
1.20083074e-02	2.22702710e-01
1.23418715e-02	2.56190932e-01
1.26754356e-02	2.93878179e-01
1.30089997e-02	3.36612308e-01
1.33425638e-02	3.84919441e-01
1.36761279e-02	4.39050283e-01
1.40096920e-02	4.98915471e-01
1.43432561e-02	5.63917676e-01
1.46768202e-02	6.32777236e-01
1.50103843e-02	7.03401064e-01
1.53439484e-02	7.72884831e-01
1.56775125e-02	8.37641825e-01
1.60110766e-02	8.93651040e-01
1.63446407e-02	9.36759364e-01
1.66782048e-02	9.62966055e-01
1.70117689e-02	9.68669985e-01
1.73453330e-02	9.50854138e-01
1.76788970e-02	9.07265242e-01
1.80124611e-02	8.36618446e-01
1.83460252e-02	7.38869130e-01
1.86795893e-02	6.15515942e-01
1.90131534e-02	4.69850566e-01
1.93467175e-02	3.07027362e-01
1.96802816e-02	1.33820554e-01
2.00138457e-02	-4.19733192e-02
2.03474098e-02	-2.12451532e-01
2.06809739e-02	-3.70645486e-01
2.10145380e-02	-5.11454631e-01
2.13481021e-02	-6.32213343e-01
2.16816662e-02	-7.32737262e-01
2.20152303e-02	-8.14845608e-01
2.23487944e-02	-8.81508545e-01
2.26823585e-02	-9.35912947e-01
2.30159226e-02	-9.80708795e-01
2.33494867e-02	-1.01764514e+00
2.36830508e-02	-1.04762368e+00
2.40166149e-02	-1.07105542e+00
2.43501789e-02	-1.08828575e+00
2.46837430e-02	-1.09985410e+00
2.50173071e-02	-1.10646395e+00
2.53508712e-02	-1.10864106e+00
2.56844353e-02	-1.10621898e+00
2.60179994e-02	-1.09784833e+00
2.63515635e-02	-1.08074407e+00
2.66851276e-02	-1.05081828e+00
2.70186917e-02	-1.00325103e+00
2.73522558e-02	-9.33429044e-01
2.76858199e-02	-8.38084962e-01
2.80193840e-02	-7.16392170e-01
2.83529481e-02	-5.70709262e-01
2.86865122e-02	-4.06735186e-01
2.90200763e-02	-2.32932427e-01
2.93536404e-02	-5.92694050e-02
2.96872045e-02	1.04459392e-01
3.00207686e-02	2.50321443e-01
3.03543327e-02	3.73498024e-01
3.06878968e-02	4.72751917e-01
3.10214609e-02	5.50005290e-01
3.13550249e-02	6.09214894e-01
3.16885890e-02	6.54916671e-01
3.20221531e-02	6.90919494e-01
3.23557172e-02	7.19523332e-01
3.26892813e-02	7.41416632e-01
3.30228454e-02	7.56151665e-01
3.33564095e-02	7.62918959e-01
3.36899736e-02	7.61278966e-01
3.40235377e-02	7.51575317e-01
3.43571018e-02	7.34944237e-01
3.46906659e-02	7.12997144e-01
3.50242300e-02	6.87380234e-01
3.53577941e-02	6.59412892e-01
3.56913582e-02	6.29942777e-01
3.60249223e-02	5.99429941e-01
3.63584864e-02	5.68166219e-01
3.66920505e-02	5.36513085e-01
3.70256146e-02	5.05048016e-01
3.73591787e-02	4.74584291e-01
3.76927428e-02	4.46088883e-01
3.80263069e-02	4.20563418e-01
3.83598709e-02	3.98946481e-01
3.86934350e-02	3.82062493e-01
3.90269991e-02	3.70601441e-01
3.93605632e-02	3.65091369e-01
3.96941273e-02	3.65836716e-01
4.00276914e-02	3.72815774e-01
4.03612555e-02	3.85557983e-01
4.06948196e-02	4.03041677e-01
4.10283837e-02	4.23658640e-01
4.13619478e-02	4.45269969e-01
4.16955119e-02	4.65356373e-01
4.20290760e-02	4.81234852e-01
4.23626401e-02	4.90309427e-01
4.26962042e-02	4.90319767e-01
4.30297683e-02	4.79566796e-01
4.33633324e-02	4.57116956e-01
4.36968965e-02	4.22981278e-01
4.40304606e-02	3.78269678e-01
4.43640247e-02	3.25292710e-01
4.46975888e-02	2.67561286e-01
4.50311529e-02	2.09610302e-01
4.53647169e-02	1.56591040e-01
4.56982810e-02	1.13634092e-01
4.60318451e-02	8.50479450e-02
4.63654092e-02	7.35030375e-02
4.66989733e-02	7.93974552e-02
4.70325374e-02	1.00598775e-01
4.73661015e-02	1.32676733e-01
4.76996656e-02	1.69619898e-01
4.80332297e-02	2.04901710e-01
4.83667938e-02	2.32651854e-01
4.87003579e-02	2.48652433e-01
4.90339220e-02	2.50926991e-01
4.93674861e-02	2.39797262e-01
4.97010502e-02	2.17422912e-01
5.00346143e-02	1.86978060e-01
5.03681784e-02	1.51709230e-01
5.07017425e-02	1.14136239e-01
5.10353066e-02	7.56004545e-02
5.13688707e-02	3.62611547e-02
5.17024348e-02	-4.50840910e-03
5.20359989e-02	-4.75004769e-02
5.23695629e-02	-9.30726646e-02
5.27031270e-02	-1.40796084e-01
5.30366911e-02	-1.89478352e-01
5.33702552e-02	-2.37542194e-01
5.37038193e-02	-2.83582187e-01
5.40373834e-02	-3.26849063e-01
5.43709475e-02	-3.67438640e-01
5.47045116e-02	-4.06092805e-01
5.50380757e-02	-4.43687695e-01
5.53716398e-02	-4.80617783e-01
5.57052039e-02	-5.16331140e-01
5.60387680e-02	-5.49192386e-01
5.63723321e-02	-5.76707400e-01
5.67058962e-02	-5.95996979e-01
5.70394603e-02	-6.04332601e-01
5.73730244e-02	-5.99568308e-01
5.77065885e-02	-5.80393784e-01
5.80401526e-02	-5.46440787e-01
5.83737167e-02	-4.98330732e-01
5.87072808e-02	-4.37734778e-01
5.90408449e-02	-3.67452723e-01
5.93744089e-02	-2.91445256e-01
5.97079730e-02	-2.14723639e-01
6.00415371e-02	-1.43029185e-01
6.03751012e-02	-8.23025504e-02
6.07086653e-02	-3.80184279e-02
6.10422294e-02	-1.44982241e-02
6.13757935e-02	-1.43176774e-02
6.17093576e-02	-3.78968875e-02
6.20429217e-02	-8.33290544e-02
6.23764858e-02	-1.46477873e-01
6.27100499e-02	-2.21341286e-01
6.30436140e-02	-3.00658229e-01
6.33771781e-02	-3.76695852e-01
6.37107422e-02	-4.42114376e-01
6.40443063e-02	-4.90770058e-01
6.43778704e-02	-5.18319691e-01
6.47114345e-02	-5.22541801e-01
6.50449986e-02	-5.03355838e-01
6.53785627e-02	-4.62590162e-01
6.57121268e-02	-4.03589441e-01
6.60456908e-02	-3.30760665e-01
6.63792549e-02	-2.49129156e-01
6.67128190e-02	-1.63931712e-01
6.70463831e-02	-8.02444072e-02
6.73799472e-02	-2.63424644e-03
6.77135113e-02	6.51644444e-02
6.80470754e-02	1.20524641e-01
6.83806395e-02	1.62113894e-01
6.87142036e-02	1.89954567e-01
6.90477677e-02	2.05331464e-01
6.93813318e-02	2.10550410e-01
6.97148959e-02	2.08579143e-01
7.00484600e-02	2.02629103e-01
7.03820241e-02	1.95740014e-01
7.07155882e-02	1.90425337e-01
7.10491523e-02	1.88427013e-01
7.13827164e-02	1.90607742e-01
7.17162805e-02	1.96990532e-01
7.20498446e-02	2.06926173e-01
7.23834087e-02	2.19349692e-01
7.27169728e-02	2.33067872e-01
7.30505368e-02	2.47014346e-01
7.33841009e-02	2.60421928e-01
7.37176650e-02	2.72882663e-01
7.40512291e-02	2.84298212e-01
7.43847932e-02	2.94750730e-01
7.47183573e-02	3.04342513e-01
7.50519214e-02	3.13053557e-01
7.53854855e-02	3.20653126e-01
7.57190496e-02	3.26683489e-01
7.60526137e-02	3.30519605e-01
7.63861778e-02	3.31492677e-01
7.67197419e-02	3.29051891e-01
7.70533060e-02	3.22928075e-01
7.73868701e-02	3.13261203e-01
7.77204342e-02	3.00663020e-01
7.80539983e-02	2.86187601e-01
7.83875624e-02	2.71199803e-01
7.87211265e-02	2.57158235e-01
7.90546906e-02	2.45354643e-01
7.93882547e-02	2.36662957e-01
7.97218188e-02	2.31344700e-01
8.00553828e-02	2.28959137e-01
8.03889469e-02	2.28411612e-01
8.07225110e-02	2.28142043e-01
8.10560751e-02	2.26420553e-01
8.13896392e-02	2.21690692e-01
8.17232033e-02	2.12893303e-01
8.20567674e-02	1.99700570e-01
8.23903315e-02	1.82603177e-01
8.27238956e-02	1.62828266e-01
8.30574597e-02	1.42108364e-01
8.33910238e-02	1.22355841e-01
8.37245879e-02	1.05312903e-01
8.40581520e-02	9.22454021e-02
8.43917161e-02	8.37355679e-02
8.47252802e-02	7.96066322e-02
8.50588443e-02	7.89849860e-02
8.53924084e-02	8.04826781e-02
8.57259725e-02	8.24623099e-02
8.60595366e-02	8.33338436e-02
8.63931007e-02	8.18313925e-02
8.67266648e-02	7.72184209e-02
8.70602288e-02	6.93795796e-02
8.73937929e-02	5.87749823e-02
8.77273570e-02	4.62618804e-02
8.80609211e-02	3.28224818e-02
8.83944852e-02	1.92540348e-02
8.87280493e-02	5.89239713e-03
8.90616134e-02	-7.55904031e-03
8.93951775e-02	-2.20428964e-02
8.97287416e-02	-3.89846533e-02
9.00623057e-02	-5.99807523e-02
9.03958698e-02	-8.63978805e-02
9.07294339e-02	-1.18969567e-01
9.10629980e-02	-1.57484392e-01
9.13965621e-02	-2.00642276e-01
9.17301262e-02	-2.46123456e-01
9.20636903e-02	-2.90864598e-01
9.23972544e-02	-3.31499763e-01
9.27308185e-02	-3.64886987e-01
9.30643826e-02	-3.88619893e-01
9.33979467e-02	-4.01428186e-01
9.37315108e-02	-4.03387468e-01
9.40650748e-02	-3.95903292e-01
9.43986389e-02	-3.81467532e-01
9.47322030e-02	-3.63231743e-01
9.50657671e-02	-3.44485688e-01
9.53993312e-02	-3.28141072e-01
9.57328953e-02	-3.16324605e-01
9.60664594e-02	-3.10148884e-01
9.64000235e-02	-3.09693149e-01
9.67335876e-02	-3.14178088e-01
9.70671517e-02	-3.22265563e-01
9.74007158e-02	-3.32400702e-01
9.77342799e-02	-3.43107796e-01
9.80678440e-02	-3.53179345e-01
9.84014081e-02	-3.61737076e-01
9.87349722e-02	-3.68182529e-01
9.90685363e-02	-3.72094729e-01
9.94021004e-02	-3.73132508e-01
9.97356645e-02	-3.70989412e-01
1.00069229e-01	-3.65423920e-01
1.00402793e-01	-3.56352085e-01
1.00736357e-01	-3.43962108e-01
1.01069921e-01	-3.28793575e-01
1.01403485e-01	-3.11739332e-01
1.01737049e-01	-2.93952137e-01
1.02070613e-01	-2.76669651e-01
1.02404177e-01	-2.61002700e-01
1.02737741e-01	-2.47748813e-01
1.03071305e-01	-2.37286329e-01
1.03404870e-01	-2.29567777e-01
1.03738434e-01	-2.24201984e-01
1.04071998e-01	-2.20584871e-01
1.04405562e-01	-2.18024438e-01
1.04739126e-01	-2.15818915e-01
1.05072690e-01	-2.13268898e-01
1.05406254e-01	-2.09649053e-01
1.05739818e-01	-2.04181712e-01
1.06073382e-01	-1.96048554e-01
1.06406946e-01	-1.84472889e-01
1.06740510e-01	-1.68862868e-01
1.07074075e-01	-1.48976535e-01
1.07407639e-01	-1.25058067e-01
1.07741203e-01	-9.78905026e-02
1.08074767e-01	-6.87460586e-02
1.08408331e-01	-3.92362370e-02
1.08741895e-01	-1.10839034e-02
1.09075459e-01	1.41322643e-02
1.09409023e-01	3.52171772e-02
1.09742587e-01	5.15396311e-02
1.10076151e-01	6.31187162e-02
1.10409716e-01	7.06072074e-02
1.10743280e-01	7.51718710e-02
1.11076844e-01	7.82893805e-02
1.11410408e-01	8.14932395e-02
1.11743972e-01	8.61133693e-02
1.12077536e-01	9.30586474e-02
1.12411100e-01	1.02681264e-01
1.12744664e-01	1.14743733e-01
1.13078228e-01	1.28491553e-01
1.13411792e-01	1.42811112e-01
1.13745356e-01	1.56436487e-01
1.14078921e-01	1.68160298e-01
1.14412485e-01	1.77009322e-01
1.14746049e-01	1.82358897e-01
1.15079613e-01	1.83975341e-01
1.15413177e-01	1.81994686e-01
1.15746741e-01	1.76852460e-01
1.16080305e-01	1.69184229e-01
1.16413869e-01	1.59720746e-01
1.16747433e-01	1.49190227e-01
1.17080997e-01	1.38235156e-01
1.17414562e-01	1.27348788e-01
1.17748126e-01	1.16832263e-01
1.18081690e-01	1.06779015e-01
1.18415254e-01	9.70934623e-02
1.18748818e-01	8.75482855e-02
1.19082382e-01	7.78827537e-02
1.19415946e-01	6.79270462e-02
1.19749510e-01	5.77196825e-02
1.20083074e-01	4.75823440e-02
1.20416638e-01	3.81201110e-02
1.20750202e-01	3.01283008e-02
1.21083767e-01	2.44151777e-02
1.21417331e-01	2.15813591e-02
1.21750895e-01	2.18155175e-02
1.22084459e-01	2.47685581e-02
1.22418023e-01	2.95548001e-02
1.22751587e-01	3.48956563e-02
1.23085151e-01	3.93784493e-02
1.23418715e-01	4.17657587e-02
1.23752279e-01	4.12709812e-02
1.24085843e-01	3.77219409e-02
1.24419408e-01	3.15629679e-02
1.24752972e-01	2.36907478e-02
1.25086536e-01	1.51716947e-02
1.25420100e-01	6.92556004e-03
1.25753664e-01	-5.33213019e-04
1.26087228e-01	-7.22121318e-03
1.26420792e-01	-1.36379408e-02
1.26754356e-01	-2.05556389e-02
1.27087920e-01	-2.87130082e-02
1.27421484e-01	-3.85073485e-02
1.27755048e-01	-4.97798783e-02
1.28088613e-01	-6.17676604e-02
1.28422177e-01	-7.32471015e-02
1.28755741e-01	-8.28313369e-02
1.29089305e-01	-8.93346821e-02
1.29422869e-01	-9.20928868e-02
1.29756433e-01	-9.11388025e-02
1.30089997e-01	-8.71824925e-02
1.30423561e-01	-8.14077753e-02
1.30757125e-01	-7.51509037e-02
1.31090689e-01	-6.95615419e-02
1.31424254e-01	-6.53484725e-02
1.31757818e-01	-6.26800266e-02
1.32091382e-01	-6.12546533e-02
1.32424946e-01	-6.04997946e-02
1.32758510e-01	-5.98206525e-02
1.33092074e-01	-5.88144920e-02
1.33425638e-01	-5.73862605e-02
1.33759202e-01	-5.57432045e-02
1.34092766e-01	-5.42940770e-02
1.34426330e-01	-5.35078116e-02
1.34759894e-01	-5.37891167e-02
1.35093459e-01	-5.54100091e-02
1.35427023e-01	-5.85066649e-02
1.35760587e-01	-6.31224093e-02
1.36094151e-01	-6.92581049e-02
1.36427715e-01	-7.68893142e-02
1.36761279e-01	-8.59314537e-02
1.37094843e-01	-9.61662480e-02
1.37428407e-01	-1.07167439e-01
1.37761971e-01	-1.18275096e-01
1.38095535e-01	-1.28657648e-01
1.38429100e-01	-1.37464364e-01
1.38762664e-01	-1.44026466e-01
1.39096228e-01	-1.48036130e-01
1.39429792e-01	-1.49632212e-01
1.39763356e-01	-1.49351789e-01
1.40096920e-01	-1.47955946e-01
1.40430484e-01	-1.46184828e-01
1.40764048e-01	-1.44523845e-01
1.41097612e-01	-1.43060499e-01
1.41431176e-01	-1.41480231e-01
1.41764740e-01	-1.39202192e-01
1.42098305e-01	-1.35606934e-01
1.42431869e-01	-1.30274252e-01
1.42765433e-01	-1.23146837e-01
1.43098997e-01	-1.14565326e-01
1.43432561e-01	-1.05168811e-01
1.43766125e-01	-9.57040524e-02
1.44099689e-01	-8.68169111e-02
1.44433253e-01	-7.88987167e-02
1.44766817e-01	-7.20331844e-02
1.45100381e-01	-6.60489142e-02
1.45433946e-01	-6.06426816e-02
1.45767510e-01	-5.55164539e-02
1.46101074e-01	-5.04745450e-02
1.46434638e-01	-4.54504248e-02
1.46768202e-01	-4.04645651e-02
1.47101766e-01	-3.55437669e-02
1.47435330e-01	-3.06459631e-02
1.47768894e-01	-2.56260852e-02
1.48102458e-01	-2.02547527e-02
1.48436022e-01	-1.42765688e-02
1.48769586e-01	-7.48023696e-03
1.49103151e-01	2.47307559e-04
1.49436715e-01	8.89893667e-03
1.49770279e-01	1.83585385e-02
1.50103843e-01	2.84353713e-02
1.50437407e-01	3.89073830e-02
1.50770971e-01	4.95603900e-02
1.51104535e-01	6.02139425e-02
1.51438099e-01	7.07311427e-02
1.51771663e-01	8.10165793e-02
1.52105227e-01	9.10083774e-02
1.52438792e-01	1.00666272e-01
1.52772356e-01	1.09953595e-01
1.53105920e-01	1.18812570e-01
1.53439484e-01	1.27139847e-01
1.53773048e-01	1.34776988e-01
1.54106612e-01	1.41530256e-01
1.54440176e-01	1.47224256e-01
1.54773740e-01	1.51780913e-01
1.55107304e-01	1.55302560e-01
1.55440868e-01	1.58128394e-01
1.55774432e-01	1.60833981e-01
1.56107997e-01	1.64158110e-01
1.56441561e-01	1.68864311e-01
1.56775125e-01	1.75568407e-01
1.57108689e-01	1.84581783e-01
1.57442253e-01	1.95821319e-01
1.57775817e-01	2.08814501e-01
1.58109381e-01	2.22793118e-01
1.58442945e-01	2.36840893e-01
1.58776509e-01	2.50049047e-01
1.59110073e-01	2.61639317e-01
1.59443638e-01	2.71034043e-01
1.59777202e-01	2.77878700e-01
1.60110766e-01	2.82038932e-01
1.60444330e-01	2.83592290e-01
1.60777894e-01	2.82819542e-01
1.61111458e-01	2.80185704e-01
1.61445022e-01	2.76297162e-01
1.61778586e-01	2.71827427e-01
1.62112150e-01	2.67415070e-01
1.62445714e-01	2.63551859e-01
1.62779278e-01	2.60492920e-01
1.63112843e-01	2.58223011e-01
1.63446407e-01	2.56498503e-01
1.63779971e-01	2.54960405e-01
1.64113535e-01	2.53287888e-01
1.64447099e-01	2.51341883e-01
1.64780663e-01	2.49247971e-01
1.65114227e-01	2.47390784e-01
1.65447791e-01	2.46321374e-01
1.65781355e-01	2.46601366e-01
1.66114919e-01	2.48627025e-01
1.66448484e-01	2.52487435e-01
1.66782048e-01	2.57896298e-01
1.67115612e-01	2.64203800e-01
1.67449176e-01	2.70473313e-01
1.67782740e-01	2.75604752e-01
1.68116304e-01	2.78486943e-01
1.68449868e-01	2.78161030e-01
1.68783432e-01	2.73978237e-01
1.69116996e-01	2.65731440e-01
1.69450560e-01	2.53731441e-01
1.69784124e-01	2.38799511e-01
1.70117689e-01	2.22161763e-01
1.70451253e-01	2.05252162e-01
1.70784817e-01	1.89458955e-01
1.71118381e-01	1.75877438e-01
1.71451945e-01	1.65137061e-01
1.71785509e-01	1.57343256e-01
1.72119073e-01	1.52134127e-01
1.72452637e-01	1.48820900e-01
1.72786201e-01	1.46562073e-01
1.73119765e-01	1.44517214e-01
1.73453330e-01	1.41944629e-01
1.73786894e-01	1.38241748e-01
1.74120458e-01	1.32956189e-01
1.74454022e-01	1.25801808e-01
1.74787586e-01	1.16696392e-01
1.75121150e-01	1.05809941e-01
1.75454714e-01	9.35939879e-02
1.75788278e-01	8.07623685e-02
1.76121842e-01	6.82059735e-02
1.76455406e-01	5.68417844e-02
1.76788970e-01	4.74210285e-02
1.77122535e-01	4.03464685e-02
1.77456099e-01	3.55555476e-02
1.77789663e-01	3.25056860e-02
1.78123227e-01	3.02665386e-02
1.78456791e-01	2.77002874e-02
1.78790355e-01	2.36950337e-02
1.79123919e-01	1.74025905e-02
1.79457483e-01	8.42738277e-03
1.79791047e-01	-3.07440436e-03
1.80124611e-01	-1.64036090e-02
1.80458176e-01	-3.04321601e-02
1.80791740e-01	-4.38035324e-02
1.81125304e-01	-5.51854497e-02
1.81458868e-01	-6.35265778e-02
1.81792432e-01	-6.82627149e-02
1.82125996e-01	-6.94272184e-02
1.82459560e-01	-6.76431193e-02
1.82793124e-01	-6.39985578e-02
1.83126688e-01	-5.98267580e-02
1.83460252e-01	-5.64327801e-02
1.83793816e-01	-5.48305516e-02
1.84127381e-01	-5.55567042e-02
1.84460945e-01	-5.86013807e-02
1.84794509e-01	-6.34569459e-02
1.85128073e-01	-6.92577963e-02
1.85461637e-01	-7.49719737e-02
1.85795201e-01	-7.95982871e-02
1.86128765e-01	-8.23228578e-02
1.86462329e-01	-8.26074998e-02
1.86795893e-01	-8.02136560e-02
1.87129457e-01	-7.51851074e-02
1.87463022e-01	-6.78084777e-02
1.87796586e-01	-5.85599047e-02
1.88130150e-01	-4.80469007e-02
1.88463714e-01	-3.69577988e-02
1.88797278e-01	-2.60226006e-02
1.89130842e-01	-1.59768444e-02
1.89464406e-01	-7.52068747e-03
1.89797970e-01	-1.27387142e-03
1.90131534e-01	2.27240979e-03
1.90465098e-01	2.81175601e-03
1.90798662e-01	2.87266827e-04
1.91132227e-01	-5.05430080e-03
1.91465791e-01	-1.26514174e-02
1.91799355e-01	-2.16799521e-02
1.92132919e-01	-3.11614394e-02
1.92466483e-01	-4.01046416e-02
1.92800047e-01	-4.76562832e-02
1.93133611e-01	-5.32308572e-02
1.93467175e-01	-5.65821384e-02
1.93800739e-01	-5.77955337e-02
1.94134303e-01	-5.72176320e-02
1.94467868e-01	-5.53602826e-02
1.94801432e-01	-5.28046928e-02
1.95134996e-01	-5.01126632e-02
1.95468560e-01	-4.77522810e-02
1.95802124e-01	-4.60526599e-02
1.96135688e-01	-4.51940207e-02
1.96469252e-01	-4.52219351e-02
1.96802816e-01	-4.60726055e-02
1.97136380e-01	-4.76084750e-02
1.97469944e-01	-4.96627259e-02
1.97803508e-01	-5.20741480e-02
1.98137073e-01	-5.46928228e-02
1.98470637e-01	-5.73631331e-02
1.98804201e-01	-5.99099333e-02
1.99137765e-01	-6.21435201e-02
1.99471329e-01	-6.38815472e-02
1.99804893e-01	-6.49832727e-02
2.00138457e-01	-6.53905838e-02
2.00472021e-01	-6.51578040e-02
2.00805585e-01	-6.44466514e-02
2.01139149e-01	-6.34831693e-02
2.01472713e-01	-6.25016389e-02
2.01806278e-01	-6.17033412e-02
2.02139842e-01	-6.12382437e-02
2.02473406e-01	-6.12068270e-02
2.02806970e-01	-6.16824214e-02
2.03140534e-01	-6.27453434e-02
2.03474098e-01	-6.44988022e-02
2.03807662e-01	-6.70394505e-02
2.04141226e-01	-7.03912947e-02
2.04474790e-01	-7.44403397e-02
2.04808354e-01	-7.89026014e-02
2.05141919e-01	-8.33411475e-02
2.05475483e-01	-8.72394425e-02
2.05809047e-01	-9.01245996e-02
2.06142611e-01	-9.17037050e-02
2.06476175e-01	-9.19550372e-02
2.06809739e-01	-9.11339738e-02
2.07143303e-01	-8.96970710e-02
2.07476867e-01	-8.81778687e-02
2.07810431e-01	-8.70541453e-02
2.08143995e-01	-8.66466733e-02
2.08477559e-01	-8.70836298e-02
2.08811124e-01	-8.83354461e-02
2.09144688e-01	-9.02852746e-02
2.09478252e-01	-9.27889965e-02
2.09811816e-01	-9.57021152e-02
2.10145380e-01	-9.88762499e-02
2.10478944e-01	-1.02137752e-01
2.10812508e-01	-1.05268947e-01
2.11146072e-01	-1.08021184e-01
2.11479636e-01	-1.10176608e-01
2.11813200e-01	-1.11639291e-01
2.12146765e-01	-1.12508818e-01
2.12480329e-01	-1.13096294e-01
2.12813893e-01	-1.13868911e-01
2.13147457e-01	-1.15330700e-01
2.13481021e-01	-1.17866320e-01
2.13814585e-01	-1.21598230e-01
2.14148149e-01	-1.26314707e-01
2.14481713e-01	-1.31497537e-01
2.14815277e-01	-1.36433070e-01
2.15148841e-01	-1.40363647e-01
2.15482405e-01	-1.42633037e-01
2.15815970e-01	-1.42784848e-01
2.16149534e-01	-1.40588524e-01
2.16483098e-01	-1.36002001e-01
2.16816662e-01	-1.29114216e-01
2.17150226e-01	-1.20112772e-01
2.17483790e-01	-1.09293541e-01
2.17817354e-01	-9.71010341e-02
2.18150918e-01	-8.41744587e-02
2.18484482e-01	-7.13644805e-02
2.18818046e-01	-5.96829997e-02
2.19151611e-01	-5.01714140e-02
2.19485175e-01	-4.37164722e-02
2.19818739e-01	-4.08722390e-02
2.20152303e-01	-4.17428811e-02
2.20485867e-01	-4.59591044e-02
2.20819431e-01	-5.27566241e-02
2.21152995e-01	-6.11349730e-02
2.21486559e-01	-7.00440317e-02
2.21820123e-01	-7.85381330e-02
2.22153687e-01	-8.58634755e-02
2.22487251e-01	-9.14802729e-02
2.22820816e-01	-9.50415237e-02
2.23154380e-01	-9.63570740e-02
2.23487944e-01	-9.53725619e-02
2.23821508e-01	-9.21801612e-02
2.24155072e-01	-8.70491435e-02
2.24488636e-01	-8.04410817e-02
2.24822200e-01	-7.29785268e-02
2.25155764e-01	-6.53598649e-02
2.25489328e-01	-5.82364626e-02
2.25822892e-01	-5.20858138e-02
2.26156457e-01	-4.71275648e-02
2.26490021e-01	-4.33252252e-02
2.26823585e-01	-4.04828967e-02
2.27157149e-01	-3.83999383e-02
2.27490713e-01	-3.70191124e-02
2.27824277e-01	-3.65061598e-02
2.28157841e-01	-3.72202627e-02
2.28491405e-01	-3.95703018e-02
2.28824969e-01	-4.37995415e-02
2.29158533e-01	-4.97812902e-02
2.29492097e-01	-5.69122639e-02
2.29825662e-01	-6.41555154e-02
2.30159226e-01	-7.02330746e-02
2.30492790e-01	-7.39198506e-02
2.30826354e-01	-7.43536893e-02
2.31159918e-01	-7.12638596e-02
2.31493482e-01	-6.50451070e-02
2.31827046e-01	-5.66591046e-02
2.32160610e-01	-4.74003211e-02
2.32494174e-01	-3.85974457e-02
2.32827738e-01	-3.13335524e-02
2.33161303e-01	-2.62593096e-02
2.33494867e-01	-2.35402445e-02
2.33828431e-01	-2.29311091e-02
2.34161995e-01	-2.39322875e-02
2.34495559e-01	-2.59694288e-02
2.34829123e-01	-2.85425193e-02
2.35162687e-01	-3.13066486e-02
2.35496251e-01	-3.40734443e-02
2.35829815e-01	-3.67533590e-02
2.36163379e-01	-3.92777488e-02
2.36496943e-01	-4.15367886e-02
2.36830508e-01	-4.33543452e-02
2.37164072e-01	-4.45062465e-02
2.37497636e-01	-4.47740989e-02
2.37831200e-01	-4.40119931e-02
2.38164764e-01	-4.21976261e-02
2.38498328e-01	-3.94491428e-02
2.38831892e-01	-3.60047202e-02
2.39165456e-01	-3.21715943e-02
2.39499020e-01	-2.82569375e-02
2.39832584e-01	-2.45003320e-02
2.40166149e-01	-2.10308195e-02
2.40499713e-01	-1.78632858e-02
2.40833277e-01	-1.49348903e-02
2.41166841e-01	-1.21718995e-02
2.41500405e-01	-9.56954254e-03
2.41833969e-01	-7.25863615e-03
2.42167533e-01	-5.53001925e-03
2.42501097e-01	-4.80010018e-03
2.42834661e-01	-5.52236570e-03
2.43168225e-01	-8.06756964e-03
2.43501789e-01	-1.26052082e-02
2.43835354e-01	-1.90218048e-02
2.44168918e-01	-2.69034125e-02
2.44502482e-01	-3.55884705e-02
2.44836046e-01	-4.42732505e-02
2.45169610e-01	-5.21395079e-02
2.45503174e-01	-5.84745686e-02
2.45836738e-01	-6.27612729e-02
2.46170302e-01	-6.47258153e-02
2.46503866e-01	-6.43447253e-02
2.46837430e-01	-6.18220463e-02
2.47170995e-01	-5.75477594e-02
2.47504559e-01	-5.20420747e-02
2.47838123e-01	-4.58874061e-02
2.48171687e-01	-3.96536068e-02
2.48505251e-01	-3.38263273e-02
2.48838815e-01	-2.87496613e-02
2.49172379e-01	-2.45946284e-02
2.49505943e-01	-2.13631251e-02
2.49839507e-01	-1.89279197e-02
2.50173071e-01	-1.70960632e-02
2.50506635e-01	-1.56761787e-02
2.50840200e-01	-1.45332128e-02
2.51173764e-01	-1.36208855e-02
2.51507328e-01	-1.29874473e-02
2.51840892e-01	-1.27561743e-02
2.52174456e-01	-1.30878422e-02
2.52508020e-01	-1.41331244e-02
2.52841584e-01	-1.59783751e-02
2.53175148e-01	-1.85866578e-02
2.53508712e-01	-2.17423446e-02
2.53842276e-01	-2.50170897e-02
2.54175841e-01	-2.77793871e-02
2.54509405e-01	-2.92664656e-02
2.54842969e-01	-2.87253163e-02
2.55176533e-01	-2.56073737e-02
2.55510097e-01	-1.97727939e-02
2.55843661e-01	-1.16395334e-02
2.56177225e-01	-2.21345577e-03
2.56510789e-01	7.03929166e-03
2.56844353e-01	1.44741594e-02
2.57177917e-01	1.86509385e-02
2.57511481e-01	1.87209977e-02
2.57845046e-01	1.47063847e-02
2.58178610e-01	7.57996898e-03
2.58512174e-01	-8.91722589e-04
2.58845738e-01	-8.51662913e-03
2.59179302e-01	-1.31708763e-02
2.59512866e-01	-1.32951412e-02
2.59846430e-01	-8.26748640e-03
2.60179994e-01	1.44009688e-03
2.60513558e-01	1.43569204e-02
2.60847122e-01	2.83346993e-02
2.61180687e-01	4.10181981e-02
2.61514251e-01	5.03577186e-02
2.61847815e-01	5.50486046e-02
2.62181379e-01	5.48017634e-02
2.62514943e-01	5.03883031e-02
2.62848507e-01	4.34502482e-02
2.63182071e-01	3.61187195e-02
2.63515635e-01	3.05235919e-02
2.63849199e-01	2.83058920e-02
2.64182763e-01	3.02474088e-02
2.64516327e-01	3.61078247e-02
2.64849892e-01	4.47122717e-02
2.65183456e-01	5.42711547e-02
2.65517020e-01	6.28531554e-02
2.65850584e-01	6.88890250e-02
2.66184148e-01	7.15733990e-02
2.66517712e-01	7.10589179e-02
2.66851276e-01	6.83928806e-02
2.67184840e-01	6.52156333e-02
2.67518404e-01	6.33042365e-02
2.67851968e-01	6.40869121e-02
2.68185533e-01	6.82595785e-02
2.68519097e-01	7.56036861e-02
2.68852661e-01	8.50468764e-02
2.69186225e-01	9.49428697e-02
2.69519789e-01	1.03490894e-01
2.69853353e-01	1.09181584e-01
2.70186917e-01	1.11154711e-01
2.70520481e-01	1.09383721e-01
2.70854045e-01	1.04651586e-01
2.71187609e-01	9.83366383e-02
2.71521173e-01	9.20727381e-02
2.71854738e-01	8.73749089e-02
2.72188302e-01	8.53227842e-02
2.72521866e-01	8.63707737e-02
2.72855430e-01	9.03152850e-02
2.73188994e-01	9.64083908e-02
2.73522558e-01	1.03573973e-01
2.73856122e-01	1.10662922e-01
2.74189686e-01	1.16682511e-01
2.74523250e-01	1.20951794e-01
2.74856814e-01	1.23163000e-01
2.75190379e-01	1.23357027e-01
2.75523943e-01	1.21840077e-01
2.75857507e-01	1.19074860e-01
2.76191071e-01	1.15575090e-01
2.76524635e-01	1.11819891e-01
2.76858199e-01	1.08191818e-01
2.77191763e-01	1.04935250e-01
2.77525327e-01	1.02133285e-01
2.77858891e-01	9.97072755e-02
2.78192455e-01	9.74470630e-02
2.78526019e-01	9.50768644e-02
2.78859584e-01	9.23511596e-02
2.79193148e-01	8.91607507e-02
2.79526712e-01	8.56183197e-02
2.79860276e-01	8.20919256e-02
2.80193840e-01	7.91665840e-02
2.80527404e-01	7.75352167e-02
2.80860968e-01	7.78430552e-02
2.81194532e-01	8.05250552e-02
2.81528096e-01	8.56784098e-02
2.81861660e-01	9.30020862e-02
2.82195225e-01	1.01817375e-01
2.82528789e-01	1.11164239e-01
2.82862353e-01	1.19953220e-01
2.83195917e-01	1.27144067e-01
2.83529481e-01	1.31919062e-01
2.83863045e-01	1.33819727e-01
2.84196609e-01	1.32820602e-01
2.84530173e-01	1.29323800e-01
2.84863737e-01	1.24072737e-01
2.85197301e-01	1.18000593e-01
2.85530865e-01	1.12045989e-01
2.85864430e-01	1.06979900e-01
2.86197994e-01	1.03287708e-01
2.86531558e-01	1.01135534e-01
2.86865122e-01	1.00424332e-01
2.87198686e-01	1.00907301e-01
2.87532250e-01	1.02325111e-01
2.87865814e-01	1.04507003e-01
2.88199378e-01	1.07398247e-01
2.88532942e-01	1.11003168e-01
2.88866506e-01	1.15267560e-01
2.89200071e-01	1.19951043e-01
2.89533635e-01	1.24548262e-01
2.89867199e-01	1.28303852e-01
2.90200763e-01	1.30333713e-01
2.90534327e-01	1.29825974e-01
2.90867891e-01	1.26263816e-01
2.91201455e-01	1.19600708e-01
2.91535019e-01	1.10330745e-01
2.91868583e-01	9.94284664e-02
2.92202147e-01	8.81719168e-02
2.92535711e-01	7.78955923e-02
2.92869276e-01	6.97361158e-02
2.93202840e-01	6.44302090e-02
2.93536404e-01	6.22055727e-02
2.93869968e-01	6.27786129e-02
2.94203532e-01	6.54478955e-02
2.94537096e-01	6.92549082e-02
2.94870660e-01	7.31751436e-02
2.95204224e-01	7.63014612e-02
2.95537788e-01	7.79871569e-02
2.95871352e-01	7.79266443e-02
2.96204917e-01	7.61648510e-02
2.96538481e-01	7.30405016e-02
2.96872045e-01	6.90815276e-02
2.97205609e-01	6.48797478e-02
2.97539173e-01	6.09735316e-02
2.97872737e-01	5.77609934e-02
2.98206301e-01	5.54549650e-02
2.98539865e-01	5.40785429e-02
2.98873429e-01	5.34907340e-02
2.99206993e-01	5.34287966e-02
2.99540557e-01	5.35567974e-02
2.99874122e-01	5.35151097e-02
3.00207686e-01	5.29696448e-02
3.00541250e-01	5.16608307e-02
3.00874814e-01	4.94501433e-02
3.01208378e-01	4.63573873e-02
3.01541942e-01	4.25779530e-02
3.01875506e-01	3.84693725e-02
3.02209070e-01	3.45020413e-02
3.02542634e-01	3.11784218e-02
3.02876198e-01	2.89350239e-02
3.03209763e-01	2.80482945e-02
3.03543327e-01	2.85667225e-02
3.03876891e-01	3.02865678e-02
3.04210455e-01	3.27789330e-02
3.04544019e-01	3.54637223e-02
3.04877583e-01	3.77146917e-02
3.05211147e-01	3.89725811e-02
3.05544711e-01	3.88417406e-02
3.05878275e-01	3.71495821e-02
3.06211839e-01	3.39567801e-02
3.06545403e-01	2.95176426e-02
3.06878968e-01	2.42017665e-02
3.07212532e-01	1.83973183e-02
3.07546096e-01	1.24209126e-02
3.07879660e-01	6.45734050e-03
3.08213224e-01	5.43905561e-04
3.08546788e-01	-5.39895089e-03
3.08880352e-01	-1.15024085e-02
3.09213916e-01	-1.78705225e-02
3.09547480e-01	-2.45119788e-02
3.09881044e-01	-3.13017903e-02
3.10214609e-01	-3.79816639e-02
3.10548173e-01	-4.41948210e-02
3.10881737e-01	-4.95408502e-02
3.11215301e-01	-5.36324656e-02
3.11548865e-01	-5.61398235e-02
3.11882429e-01	-5.68170515e-02
3.12215993e-01	-5.55153353e-02
3.12549557e-01	-5.21927232e-02
3.12883121e-01	-4.69300260e-02
3.13216685e-01	-3.99550893e-02
3.13550249e-01	-3.16677626e-02
3.13883814e-01	-2.26502402e-02
3.14217378e-01	-1.36461311e-02
3.14550942e-01	-5.49806764e-03
3.14884506e-01	9.53375184e-04
3.15218070e-01	4.99157359e-03
3.15551634e-01	6.13811203e-03
3.15885198e-01	4.22997994e-03
3.16218762e-01	-5.60618536e-04
3.16552326e-01	-7.76830044e-03
3.16885890e-01	-1.67251949e-02
3.17219455e-01	-2.66734649e-02
3.17553019e-01	-3.68684048e-02
3.17886583e-01	-4.66475285e-02
3.18220147e-01	-5.54560090e-02
3.18553711e-01	-6.28361336e-02
3.18887275e-01	-6.84018305e-02
3.19220839e-01	-7.18238771e-02
3.19554403e-01	-7.28452475e-02
3.19887967e-01	-7.13317283e-02
3.20221531e-01	-6.73459641e-02
3.20555095e-01	-6.12193370e-02
3.20888660e-01	-5.35906811e-02
3.21222224e-01	-4.53866543e-02
3.21555788e-01	-3.77339403e-02
3.21889352e-01	-3.18125935e-02
3.22222916e-01	-2.86763825e-02
3.22556480e-01	-2.90753548e-02
3.22890044e-01	-3.33158013e-02
3.23223608e-01	-4.11839885e-02
3.23557172e-01	-5.19464624e-02
3.23890736e-01	-6.44266042e-02
3.24224301e-01	-7.71471889e-02
3.24557865e-01	-8.85216236e-02
3.24891429e-01	-9.70711712e-02
3.25224993e-01	-1.01641148e-01
3.25558557e-01	-1.01585739e-01
3.25892121e-01	-9.68900452e-02
3.26225685e-01	-8.82023714e-02
3.26559249e-01	-7.67621417e-02
3.26892813e-01	-6.42279436e-02
3.27226377e-01	-5.24311089e-02
3.27559941e-01	-4.30971357e-02
3.27893506e-01	-3.75853170e-02
3.28227070e-01	-3.66931123e-02
3.28560634e-01	-4.05567458e-02
3.28894198e-01	-4.86583240e-02
3.29227762e-01	-5.99291874e-02
3.29561326e-01	-7.29243835e-02
3.29894890e-01	-8.60361040e-02
3.30228454e-01	-9.77138785e-02
3.30562018e-01	-1.06663664e-01
3.30895582e-01	-1.12003549e-01
3.31229147e-01	-1.13358988e-01
3.31562711e-01	-1.10886233e-01
3.31896275e-01	-1.05220513e-01
3.32229839e-01	-9.73558347e-02
3.32563403e-01	-8.84749685e-02
3.32896967e-01	-7.97592664e-02
3.33230531e-01	-7.22140036e-02
3.33564095e-01	-6.65422818e-02
3.33897659e-01	-7.22604142e-02
