-8.00553828e-03	-0.00000000e+00
-7.67197419e-03	9.58363673e-04
-7.33841009e-03	3.29949607e-03
-7.00484600e-03	8.74824287e-03
-6.67128190e-03	2.11538953e-02
-6.33771781e-03	4.83829470e-02
-6.00415371e-03	1.05741905e-01
-5.67058962e-03	2.21944824e-01
-5.33702552e-03	4.48303665e-01
-5.00346143e-03	8.72124657e-01
-4.66989733e-03	1.63484316e+00
-4.33633324e-03	2.95404459e+00
-4.00276914e-03	5.14669539e+00
-3.66920505e-03	8.64841523e+00
-3.33564095e-03	1.40209891e+01
-3.00207686e-03	2.19384952e+01
-2.66851276e-03	3.31430342e+01
-2.33494867e-03	4.83649446e+01
-2.00138457e-03	6.82095847e+01
-1.66782048e-03	9.30234617e+01
-1.33425638e-03	1.22762562e+02
-1.00069229e-03	1.56892821e+02
-6.67128190e-04	1.94352961e+02
-3.33564095e-04	2.33600638e+02
1.85165269e-18	2.72746587e+02
3.33564095e-04	3.09760439e+02
6.67128190e-04	3.42713448e+02
1.00069229e-03	3.70013139e+02
1.33425638e-03	3.90585755e+02
1.66782048e-03	4.03975342e+02
2.00138457e-03	4.10347843e+02
2.33494867e-03	4.10409550e+02
2.66851276e-03	4.05265150e+02
3.00207686e-03	3.96247649e+02
3.33564095e-03	3.84750769e+02
3.66920505e-03	3.72086011e+02
4.00276914e-03	3.59375716e+02
4.33633324e-03	3.47484028e+02
4.66989733e-03	3.36981497e+02
5.00346143e-03	3.28137248e+02
5.33702552e-03	3.20933577e+02
5.67058962e-03	3.15099852e+02
6.00415371e-03	3.10164277e+02
6.33771781e-03	3.05521608e+02
6.67128190e-03	3.00513143e+02
7.00484600e-03	2.94512055e+02
7.33841009e-03	2.87004241e+02
7.67197419e-03	2.77653463e+02
8.00553828e-03	2.66340161e+02
8.33910238e-03	2.53167048e+02
8.67266648e-03	2.38429750e+02
9.00623057e-03	2.22557288e+02
9.33979467e-03	2.06032890e+02
9.67335876e-03	1.89309468e+02
1.00069229e-02	1.72735352e+02
1.03404870e-02	1.56503856e+02
1.06740510e-02	1.40635959e+02
1.10076151e-02	1.24998934e+02
1.13411792e-02	1.09356922e+02
1.16747433e-02	9.34430792e+01
1.20083074e-02	7.70383505e+01
1.23418715e-02	6.00403377e+01
1.26754356e-02	4.25073418e+01
1.30089997e-02	2.46678155e+01
1.33425638e-02	6.89282615e+00
1.36761279e-02	-1.03626537e+01
1.40096920e-02	-2.66368646e+01
1.43432561e-02	-4.15401447e+01
1.46768202e-02	-5.48190279e+01
1.50103843e-02	-6.63931259e+01
1.53439484e-02	-7.63590878e+01
1.56775125e-02	-8.49634755e+01
1.60110766e-02	-9.25526261e+01
1.63446407e-02	-9.95110901e+01
1.66782048e-02	-1.06200560e+02
1.70117689e-02	-1.12908785e+02
1.73453330e-02	-1.19814127e+02
1.76788970e-02	-1.26967416e+02
1.80124611e-02	-1.34289763e+02
1.83460252e-02	-1.41583516e+02
1.86795893e-02	-1.48553298e+02
1.90131534e-02	-1.54834696e+02
1.93467175e-02	-1.60028775e+02
1.96802816e-02	-1.63740747e+02
2.00138457e-02	-1.65620617e+02
2.03474098e-02	-1.65402647e+02
2.06809739e-02	-1.62939463e+02
2.10145380e-02	-1.58226141e+02
2.13481021e-02	-1.51409954e+02
2.16816662e-02	-1.42782952e+02
2.20152303e-02	-1.32756925e+02
2.23487944e-02	-1.21823153e+02
2.26823585e-02	-1.10502199e+02
2.30159226e-02	-9.92909543e+01
2.33494867e-02	-8.86148758e+01
2.36830508e-02	-7.87925221e+01
2.40166149e-02	-7.00171734e+01
2.43501789e-02	-6.23570688e+01
2.46837430e-02	-5.57723844e+01
2.50173071e-02	-5.01441989e+01
2.53508712e-02	-4.53090298e+01
2.56844353e-02	-4.10923595e+01
2.60179994e-02	-3.73356787e+01
2.63515635e-02	-3.39137142e+01
2.66851276e-02	-3.07409309e+01
2.70186917e-02	-2.77685763e+01
2.73522558e-02	-2.49751249e+01
2.76858199e-02	-2.23536720e+01
2.80193840e-02	-1.98996762e+01
2.83529481e-02	-1.76016660e+01
2.86865122e-02	-1.54363467e+01
2.90200763e-02	-1.33682840e+01
2.93536404e-02	-1.13533154e+01
2.96872045e-02	-9.34421589e+00
3.00207686e-02	-7.29700916e+00
3.03543327e-02	-5.17664947e+00
3.06878968e-02	-2.96133334e+00
3.10214609e-02	-6.45241540e-01
3.13550249e-02	1.76014136e+00
3.16885890e-02	4.22591939e+00
3.20221531e-02	6.70686407e+00
3.23557172e-02	9.14386148e+00
3.26892813e-02	1.14679709e+01
3.30228454e-02	1.36061589e+01
3.33564095e-02	1.54883796e+01
3.36899736e-02	1.70552014e+01
3.40235377e-02	1.82648319e+01
3.43571018e-02	1.90983450e+01
3.46906659e-02	1.95621615e+01
3.50242300e-02	1.96873217e+01
3.53577941e-02	1.95256518e+01
3.56913582e-02	1.91434332e+01
3.60249223e-02	1.86135486e+01
3.63584864e-02	1.80072586e+01
3.66920505e-02	1.73867591e+01
3.70256146e-02	1.67995053e+01
3.73591787e-02	1.62749902e+01
3.76927428e-02	1.58242631e+01
3.80263069e-02	1.54420353e+01
3.83598709e-02	1.51108343e+01
3.86934350e-02	1.48063989e+01
3.90269991e-02	1.45034000e+01
3.93605632e-02	1.41806483e+01
3.96941273e-02	1.38251579e+01
4.00276914e-02	1.34347008e+01
4.03612555e-02	1.30187316e+01
4.06948196e-02	1.25977617e+01
4.10283837e-02	1.22013933e+01
4.13619478e-02	1.18652899e+01
4.16955119e-02	1.16273917e+01
4.20290760e-02	1.15236855e+01
4.23626401e-02	1.15838426e+01
4.26962042e-02	1.18270602e+01
4.30297683e-02	1.22584959e+01
4.33633324e-02	1.28667446e+01
4.36968965e-02	1.36228196e+01
4.40304606e-02	1.44810200e+01
4.43640247e-02	1.53818671e+01
4.46975888e-02	1.62569761e+01
4.50311529e-02	1.70353627e+01
4.53647169e-02	1.76503569e+01
4.56982810e-02	1.80461098e+01
4.60318451e-02	1.81826942e+01
4.63654092e-02	1.80390343e+01
4.66989733e-02	1.76133076e+01
4.70325374e-02	1.69209319e+01
4.73661015e-02	1.59906775e+01
4.76996656e-02	1.48597265e+01
4.80332297e-02	1.35686086e+01
4.83667938e-02	1.21568595e+01
4.87003579e-02	1.06600318e+01
4.90339220e-02	9.10838755e+00
4.93674861e-02	7.52726020e+00
4.97010502e-02	5.93875717e+00
5.00346143e-02	4.36422849e+00
5.03681784e-02	2.82679186e+00
5.07017425e-02	1.35319437e+00
5.10353066e-02	-2.55582754e-02
5.13688707e-02	-1.27507830e+00
5.17024348e-02	-2.35989399e+00
5.20359989e-02	-3.24675088e+00
5.23695629e-02	-3.90826305e+00
5.27031270e-02	-4.32619627e+00
5.30366911e-02	-4.49379421e+00
5.33702552e-02	-4.41681800e+00
5.37038193e-02	-4.11325776e+00
5.40373834e-02	-3.61191547e+00
5.43709475e-02	-2.95019471e+00
5.47045116e-02	-2.17143890e+00
5.50380757e-02	-1.32207330e+00
5.53716398e-02	-4.48709914e-01
5.57052039e-02	4.04680686e-01
5.60387680e-02	1.19941589e+00
5.63723321e-02	1.90439050e+00
5.67058962e-02	2.49776797e+00
5.70394603e-02	2.96782135e+00
5.73730244e-02	3.31273427e+00
5.77065885e-02	3.53931054e+00
5.80401526e-02	3.66073432e+00
5.83737167e-02	3.69372388e+00
5.87072808e-02	3.65556258e+00
5.90408449e-02	3.56153691e+00
5.93744089e-02	3.42326092e+00
5.97079730e-02	3.24821633e+00
6.00415371e-02	3.04059284e+00
6.03751012e-02	2.80321765e+00
6.07086653e-02	2.54008711e+00
6.10422294e-02	2.25883312e+00
6.13757935e-02	1.97242318e+00
6.17093576e-02	1.69952567e+00
6.20429217e-02	1.46326284e+00
6.23764858e-02	1.28847720e+00
6.27100499e-02	1.19804708e+00
6.30436140e-02	1.20907629e+00
6.33771781e-02	1.32986870e+00
6.37107422e-02	1.55845393e+00
6.40443063e-02	1.88307629e+00
6.43778704e-02	2.28456202e+00
6.47114345e-02	2.73998893e+00
6.50449986e-02	3.22674677e+00
6.53785627e-02	3.72599929e+00
6.57121268e-02	4.22475148e+00
6.60456908e-02	4.71614460e+00
6.63792549e-02	5.19812375e+00
6.67128190e-02	5.67108271e+00
6.70463831e-02	6.13533716e+00
6.73799472e-02	6.58924170e+00
6.77135113e-02	7.02847320e+00
6.80470754e-02	7.44655858e+00
6.83806395e-02	7.83628680e+00
6.87142036e-02	8.19136298e+00
6.90477677e-02	8.50762465e+00
6.93813318e-02	8.78334423e+00
6.97148959e-02	9.01850613e+00
7.00484600e-02	9.21333763e+00
7.03820241e-02	9.36664784e+00
7.07155882e-02	9.47459406e+00
7.10491523e-02	9.53033936e+00
7.13827164e-02	9.52475589e+00
7.17162805e-02	9.44797360e+00
7.20498446e-02	9.29129513e+00
7.23834087e-02	9.04889238e+00
7.27169728e-02	8.71880528e+00
7.30505368e-02	8.30303507e+00
7.33841009e-02	7.80685404e+00
7.37176650e-02	7.23772632e+00
7.40512291e-02	6.60435182e+00
7.43847932e-02	5.91626827e+00
7.47183573e-02	5.18419151e+00
7.50519214e-02	4.42094075e+00
7.53854855e-02	3.64250854e+00
7.57190496e-02	2.86870618e+00
7.60526137e-02	2.12288854e+00
7.63861778e-02	1.43052052e+00
7.67197419e-02	8.16710835e-01
7.70533060e-02	3.03185142e-01
7.73868701e-02	-9.46136384e-02
7.77204342e-02	-3.69602075e-01
7.80539983e-02	-5.23812118e-01
7.83875624e-02	-5.67668980e-01
7.87211265e-02	-5.17996975e-01
7.90546906e-02	-3.95242351e-01
7.93882547e-02	-2.20532587e-01
7.97218188e-02	-1.31463368e-02
8.00553828e-02	2.11225198e-01
8.03889469e-02	4.41297776e-01
8.07225110e-02	6.70175970e-01
8.10560751e-02	8.94689387e-01
8.13896392e-02	1.11429208e+00
8.17232033e-02	1.32969397e+00
8.20567674e-02	1.54135085e+00
8.23903315e-02	1.74794346e+00
8.27238956e-02	1.94504513e+00
8.30574597e-02	2.12426383e+00
8.33910238e-02	2.27316992e+00
8.37245879e-02	2.37622557e+00
8.40581520e-02	2.41671011e+00
8.43917161e-02	2.37934540e+00
8.47252802e-02	2.25305668e+00
8.50588443e-02	2.03317427e+00
8.53924084e-02	1.72245333e+00
8.57259725e-02	1.33057252e+00
8.60595366e-02	8.72180170e-01
8.63931007e-02	3.63968830e-01
8.67266648e-02	-1.78462806e-01
8.70602288e-02	-7.43152640e-01
8.73937929e-02	-1.32309586e+00
8.77273570e-02	-1.91607960e+00
8.80609211e-02	-2.52318250e+00
8.83944852e-02	-3.14644870e+00
8.87280493e-02	-3.78642836e+00
8.90616134e-02	-4.44025611e+00
8.93951775e-02	-5.10074712e+00
8.97287416e-02	-5.75669189e+00
9.00623057e-02	-6.39422623e+00
9.03958698e-02	-6.99890141e+00
9.07294339e-02	-7.55795274e+00
9.10629980e-02	-8.06225815e+00
9.13965621e-02	-8.50757578e+00
9.17301262e-02	-8.89482083e+00
9.20636903e-02	-9.22934328e+00
9.23972544e-02	-9.51938335e+00
9.27308185e-02	-9.77404967e+00
9.30643826e-02	-1.00012657e+01
9.33979467e-02	-1.02061313e+01
9.37315108e-02	-1.03900423e+01
9.40650748e-02	-1.05507170e+01
9.43986389e-02	-1.06830323e+01
9.47322030e-02	-1.07803507e+01
9.50657671e-02	-1.08359054e+01
9.53993312e-02	-1.08438382e+01
9.57328953e-02	-1.07996592e+01
9.60664594e-02	-1.07001456e+01
9.64000235e-02	-1.05429487e+01
9.67335876e-02	-1.03263076e+01
9.70671517e-02	-1.00492203e+01
9.74007158e-02	-9.71221131e+00
9.77342799e-02	-9.31853185e+00
9.80678440e-02	-8.87536219e+00
9.84014081e-02	-8.39447339e+00
9.87349722e-02	-7.89191276e+00
9.90685363e-02	-7.38657474e+00
9.94021004e-02	-6.89789445e+00
9.97356645e-02	-6.44320892e+00
1.00069229e-01	-6.03546151e+00
1.00402793e-01	-5.68181212e+00
1.00736357e-01	-5.38342287e+00
1.01069921e-01	-5.13632065e+00
1.01403485e-01	-4.93293706e+00
1.01737049e-01	-4.76379874e+00
1.02070613e-01	-4.61891221e+00
1.02404177e-01	-4.48861719e+00
1.02737741e-01	-4.36394868e+00
1.03071305e-01	-4.23674412e+00
1.03404870e-01	-4.09978169e+00
1.03738434e-01	-3.94713950e+00
1.04071998e-01	-3.77477269e+00
1.04405562e-01	-3.58110421e+00
1.04739126e-01	-3.36732723e+00
1.05072690e-01	-3.13715478e+00
1.05406254e-01	-2.89593615e+00
1.05739818e-01	-2.64929261e+00
1.06073382e-01	-2.40161905e+00
1.06406946e-01	-2.15489806e+00
1.06740510e-01	-1.90819464e+00
1.07074075e-01	-1.65799639e+00
1.07407639e-01	-1.39929563e+00
1.07741203e-01	-1.12706367e+00
1.08074767e-01	-8.37667712e-01
1.08408331e-01	-5.29817434e-01
1.08741895e-01	-2.04810870e-01
1.09075459e-01	1.33885354e-01
1.09409023e-01	4.81477900e-01
1.09742587e-01	8.32753991e-01
1.10076151e-01	1.18273450e+00
1.10409716e-01	1.52691619e+00
1.10743280e-01	1.86112703e+00
1.11076844e-01	2.18117429e+00
1.11410408e-01	2.48252085e+00
1.11743972e-01	2.76016614e+00
1.12077536e-01	3.00879761e+00
1.12411100e-01	3.22315598e+00
1.12744664e-01	3.39848895e+00
1.13078228e-01	3.53097442e+00
1.13411792e-01	3.61804833e+00
1.13745356e-01	3.65863808e+00
1.14078921e-01	3.65333104e+00
1.14412485e-01	3.60449105e+00
1.14746049e-01	3.51628370e+00
1.15079613e-01	3.39452804e+00
1.15413177e-01	3.24629872e+00
1.15746741e-01	3.07925920e+00
1.16080305e-01	2.90081223e+00
1.16413869e-01	2.71725231e+00
1.16747433e-01	2.53313913e+00
1.17080997e-01	2.35107133e+00
1.17414562e-01	2.17192278e+00
1.17748126e-01	1.99544952e+00
1.18081690e-01	1.82105880e+00
1.18415254e-01	1.64848971e+00
1.18748818e-01	1.47820251e+00
1.19082382e-01	1.31139409e+00
1.19415946e-01	1.14968470e+00
1.19749510e-01	9.94614671e-01
1.20083074e-01	8.47128877e-01
1.20416638e-01	7.07198028e-01
1.20750202e-01	5.73659669e-01
1.21083767e-01	4.44305421e-01
1.21417331e-01	3.16205400e-01
1.21750895e-01	1.86240170e-01
1.22084459e-01	5.17893548e-02
1.22418023e-01	-8.85127563e-02
1.22751587e-01	-2.34094420e-01
1.23085151e-01	-3.82013505e-01
1.23418715e-01	-5.26943758e-01
1.23752279e-01	-6.61675020e-01
1.24085843e-01	-7.78092779e-01
1.24419408e-01	-8.68461086e-01
1.24752972e-01	-9.26734939e-01
1.25086536e-01	-9.49607839e-01
1.25420100e-01	-9.37064730e-01
1.25753664e-01	-8.92347490e-01
1.26087228e-01	-8.21393407e-01
1.26420792e-01	-7.31916371e-01
1.26754356e-01	-6.32352760e-01
1.27087920e-01	-5.30883091e-01
1.27421484e-01	-4.34674409e-01
1.27755048e-01	-3.49413499e-01
1.28088613e-01	-2.79143132e-01
1.28422177e-01	-2.26367865e-01
1.28755741e-01	-1.92365294e-01
1.29089305e-01	-1.77619905e-01
1.29422869e-01	-1.82281311e-01
1.29756433e-01	-2.06544239e-01
1.30089997e-01	-2.50865752e-01
1.30423561e-01	-3.15978016e-01
1.30757125e-01	-4.02712610e-01
1.31090689e-01	-5.11707744e-01
1.31424254e-01	-6.43104140e-01
1.31757818e-01	-7.96329852e-01
1.32091382e-01	-9.70027191e-01
1.32424946e-01	-1.16210975e+00
1.32758510e-01	-1.36988097e+00
1.33092074e-01	-1.59012188e+00
1.33425638e-01	-1.81908092e+00
1.33759202e-01	-2.05236074e+00
1.34092766e-01	-2.28476925e+00
1.34426330e-01	-2.51025357e+00
1.34759894e-01	-2.72203434e+00
1.35093459e-01	-2.91299938e+00
1.35427023e-01	-3.07632789e+00
1.35760587e-01	-3.20622889e+00
1.36094151e-01	-3.29862393e+00
1.36427715e-01	-3.35160685e+00
1.36761279e-01	-3.36556902e+00
1.37094843e-01	-3.34296577e+00
1.37428407e-01	-3.28779051e+00
1.37761971e-01	-3.20489023e+00
1.38095535e-01	-3.09928193e+00
1.38429100e-01	-2.97560887e+00
1.38762664e-01	-2.83781230e+00
1.39096228e-01	-2.68902022e+00
1.39429792e-01	-2.53159865e+00
1.39763356e-01	-2.36728433e+00
1.40096920e-01	-2.19732973e+00
1.40430484e-01	-2.02263021e+00
1.40764048e-01	-1.84383687e+00
1.41097612e-01	-1.66147100e+00
1.41431176e-01	-1.47605104e+00
1.41764740e-01	-1.28822314e+00
1.42098305e-01	-1.09886440e+00
1.42431869e-01	-9.09120683e-01
1.42765433e-01	-7.20352844e-01
1.43098997e-01	-5.33995059e-01
1.43432561e-01	-3.51365298e-01
1.43766125e-01	-1.73486330e-01
1.44099689e-01	-9.68754532e-04
1.44433253e-01	1.66011851e-01
1.44766817e-01	3.27635640e-01
1.45100381e-01	4.84272228e-01
1.45433946e-01	6.36259851e-01
1.45767510e-01	7.83679324e-01
1.46101074e-01	9.26187432e-01
1.46434638e-01	1.06297233e+00
1.46768202e-01	1.19286741e+00
1.47101766e-01	1.31461421e+00
1.47435330e-01	1.42720796e+00
1.47768894e-01	1.53021585e+00
1.48102458e-01	1.62395329e+00
1.48436022e-01	1.70944119e+00
1.48769586e-01	1.78813744e+00
1.49103151e-01	1.86151965e+00
1.49436715e-01	1.93065242e+00
1.49770279e-01	1.99587899e+00
1.50103843e-01	2.05673805e+00
1.50437407e-01	2.11213574e+00
1.50770971e-01	2.16071898e+00
1.51104535e-01	2.20133439e+00
1.51438099e-01	2.23343986e+00
1.51771663e-01	2.25736218e+00
1.52105227e-01	2.27435264e+00
1.52438792e-01	2.28646376e+00
1.52772356e-01	2.29632007e+00
1.53105920e-01	2.30686472e+00
1.53439484e-01	2.32113728e+00
1.53773048e-01	2.34209268e+00
1.54106612e-01	2.37242882e+00
1.54440176e-01	2.41437779e+00
1.54773740e-01	2.46943927e+00
1.55107304e-01	2.53808177e+00
1.55440868e-01	2.61949163e+00
1.55774432e-01	2.71148422e+00
1.56107997e-01	2.81067723e+00
1.56441561e-01	2.91295709e+00
1.56775125e-01	3.01417235e+00
1.57108689e-01	3.11089874e+00
1.57442253e-01	3.20107517e+00
1.57775817e-01	3.28433159e+00
1.58109381e-01	3.36191164e+00
1.58442945e-01	3.43620843e+00
1.58776509e-01	3.51004189e+00
1.59110073e-01	3.58587469e+00
1.59443638e-01	3.66516575e+00
1.59777202e-01	3.74800439e+00
1.60110766e-01	3.83308098e+00
1.60444330e-01	3.91795554e+00
1.60777894e-01	3.99951146e+00
1.61111458e-01	4.07445203e+00
1.61445022e-01	4.13971892e+00
1.61778586e-01	4.19276869e+00
1.62112150e-01	4.23171059e+00
1.62445714e-01	4.25536090e+00
1.62779278e-01	4.26328247e+00
1.63112843e-01	4.25585088e+00
1.63446407e-01	4.23433560e+00
1.63779971e-01	4.20093467e+00
1.64113535e-01	4.15868027e+00
1.64447099e-01	4.11115624e+00
1.64780663e-01	4.06202890e+00
1.65114227e-01	4.01446346e+00
1.65447791e-01	3.97054931e+00
1.65781355e-01	3.93086903e+00
1.66114919e-01	3.89431812e+00
1.66448484e-01	3.85822720e+00
1.66782048e-01	3.81876801e+00
1.67115612e-01	3.77155527e+00
1.67449176e-01	3.71231359e+00
1.67782740e-01	3.63748113e+00
1.68116304e-01	3.54465959e+00
1.68449868e-01	3.43286923e+00
1.68783432e-01	3.30260984e+00
1.69116996e-01	3.15575597e+00
1.69450560e-01	2.99532405e+00
1.69784124e-01	2.82514509e+00
1.70117689e-01	2.64947289e+00
1.70451253e-01	2.47256586e+00
1.70784817e-01	2.29829729e+00
1.71118381e-01	2.12985922e+00
1.71451945e-01	1.96961655e+00
1.71785509e-01	1.81913615e+00
1.72119073e-01	1.67937366e+00
1.72452637e-01	1.55095961e+00
1.72786201e-01	1.43449873e+00
1.73119765e-01	1.33078446e+00
1.73453330e-01	1.24084781e+00
1.73786894e-01	1.16580942e+00
1.74120458e-01	1.10657272e+00
1.74454022e-01	1.06344947e+00
1.74787586e-01	1.03582911e+00
1.75121150e-01	1.02199073e+00
1.75454714e-01	1.01912144e+00
1.75788278e-01	1.02354961e+00
1.76121842e-01	1.03114152e+00
1.76455406e-01	1.03776713e+00
1.76788970e-01	1.03973700e+00
1.77122535e-01	1.03414098e+00
1.77456099e-01	1.01905835e+00
1.77789663e-01	9.93636931e-01
1.78123227e-01	9.58052546e-01
1.78456791e-01	9.13367151e-01
1.78790355e-01	8.61308748e-01
1.79123919e-01	8.03995183e-01
1.79457483e-01	7.43625110e-01
1.79791047e-01	6.82171399e-01
1.80124611e-01	6.21128392e-01
1.80458176e-01	5.61365112e-01
1.80791740e-01	5.03114435e-01
1.81125304e-01	4.46094289e-01
1.81458868e-01	3.89723528e-01
1.81792432e-01	3.33368971e-01
1.82125996e-01	2.76549383e-01
1.82459560e-01	2.19036487e-01
1.82793124e-01	1.60831843e-01
1.83126688e-01	1.02044707e-01
1.83460252e-01	4.27276352e-02
1.83793816e-01	-1.72663808e-02
1.84127381e-01	-7.83520076e-02
1.84460945e-01	-1.41170928e-01
1.84794509e-01	-2.06437963e-01
1.85128073e-01	-2.74708658e-01
1.85461637e-01	-3.46135927e-01
1.85795201e-01	-4.20290853e-01
1.86128765e-01	-4.96104054e-01
1.86462329e-01	-5.71952645e-01
1.86795893e-01	-6.45883102e-01
1.87129457e-01	-7.15923688e-01
1.87463022e-01	-7.80410258e-01
1.87796586e-01	-8.38243300e-01
1.88130150e-01	-8.89020410e-01
1.88463714e-01	-9.33033164e-01
1.88797278e-01	-9.71155679e-01
1.89130842e-01	-1.00467063e+00
1.89464406e-01	-1.03507963e+00
1.89797970e-01	-1.06393380e+00
1.90131534e-01	-1.09269834e+00
1.90465098e-01	-1.12264164e+00
1.90798662e-01	-1.15472962e+00
1.91132227e-01	-1.18951676e+00
1.91465791e-01	-1.22704362e+00
1.91799355e-01	-1.26676169e+00
1.92132919e-01	-1.30750524e+00
1.92466483e-01	-1.34752565e+00
1.92800047e-01	-1.38459644e+00
1.93133611e-01	-1.41618573e+00
1.93467175e-01	-1.43967937e+00
1.93800739e-01	-1.45263042e+00
1.94134303e-01	-1.45301293e+00
1.94467868e-01	-1.43945935e+00
1.94801432e-01	-1.41145901e+00
1.95134996e-01	-1.36949635e+00
1.95468560e-01	-1.31511851e+00
1.95802124e-01	-1.25093212e+00
1.96135688e-01	-1.18052832e+00
1.96469252e-01	-1.10832458e+00
1.96802816e-01	-1.03930387e+00
1.97136380e-01	-9.78636613e-01
1.97469944e-01	-9.31192718e-01
1.97803508e-01	-9.00991650e-01
1.98137073e-01	-8.90683942e-01
1.98470637e-01	-9.01187931e-01
1.98804201e-01	-9.31597873e-01
1.99137765e-01	-9.79424293e-01
1.99471329e-01	-1.04113612e+00
1.99804893e-01	-1.11288029e+00
2.00138457e-01	-1.19119592e+00
2.00472021e-01	-1.27353914e+00
2.00805585e-01	-1.35849176e+00
2.01139149e-01	-1.44562461e+00
2.01472713e-01	-1.53509187e+00
2.01806278e-01	-1.62710416e+00
2.02139842e-01	-1.72144206e+00
2.02473406e-01	-1.81713470e+00
2.02806970e-01	-1.91236338e+00
2.03140534e-01	-2.00458059e+00
2.03474098e-01	-2.09078124e+00
2.03807662e-01	-2.16784440e+00
2.04141226e-01	-2.23287873e+00
2.04474790e-01	-2.28353407e+00
2.04808354e-01	-2.31826333e+00
2.05141919e-01	-2.33652672e+00
2.05475483e-01	-2.33892629e+00
2.05809047e-01	-2.32724500e+00
2.06142611e-01	-2.30435335e+00
2.06476175e-01	-2.27395290e+00
2.06809739e-01	-2.24015824e+00
2.07143303e-01	-2.20696439e+00
2.07476867e-01	-2.17768742e+00
2.07810431e-01	-2.15448530e+00
2.08143995e-01	-2.13805470e+00
2.08477559e-01	-2.12756085e+00
2.08811124e-01	-2.12080435e+00
2.09144688e-01	-2.11457900e+00
2.09478252e-01	-2.10514307e+00
2.09811816e-01	-2.08872037e+00
2.10145380e-01	-2.06196434e+00
2.10478944e-01	-2.02234682e+00
2.10812508e-01	-1.96845553e+00
2.11146072e-01	-1.90019300e+00
2.11479636e-01	-1.81886510e+00
2.11813200e-01	-1.72713870e+00
2.12146765e-01	-1.62884503e+00
2.12480329e-01	-1.52861635e+00
2.12813893e-01	-1.43137466e+00
2.13147457e-01	-1.34173473e+00
2.13481021e-01	-1.26342049e+00
2.13814585e-01	-1.19880567e+00
2.14148149e-01	-1.14866825e+00
2.14481713e-01	-1.11220040e+00
2.14815277e-01	-1.08725703e+00
2.15148841e-01	-1.07077644e+00
2.15482405e-01	-1.05928224e+00
2.15815970e-01	-1.04938010e+00
2.16149534e-01	-1.03818786e+00
2.16483098e-01	-1.02366836e+00
2.16816662e-01	-1.00485651e+00
2.17150226e-01	-9.81979000e-01
2.17483790e-01	-9.56460568e-01
2.17817354e-01	-9.30805640e-01
2.18150918e-01	-9.08348980e-01
2.18484482e-01	-8.92885474e-01
2.18818046e-01	-8.88215728e-01
2.19151611e-01	-8.97672258e-01
2.19485175e-01	-9.23707370e-01
2.19818739e-01	-9.67616422e-01
2.20152303e-01	-1.02943862e+00
2.20485867e-01	-1.10803394e+00
2.20819431e-01	-1.20129480e+00
2.21152995e-01	-1.30642724e+00
2.21486559e-01	-1.42023647e+00
2.21820123e-01	-1.53937519e+00
2.22153687e-01	-1.66054663e+00
2.22487251e-01	-1.78067896e+00
2.22820816e-01	-1.89709153e+00
2.23154380e-01	-2.00765831e+00
2.23487944e-01	-2.11094903e+00
2.23821508e-01	-2.20630774e+00
2.24155072e-01	-2.29382404e+00
2.24488636e-01	-2.37417313e+00
2.24822200e-01	-2.44834020e+00
2.25155764e-01	-2.51728623e+00
2.25489328e-01	-2.58163607e+00
2.25822892e-01	-2.64146811e+00
2.26156457e-01	-2.69625678e+00
2.26490021e-01	-2.74497305e+00
2.26823585e-01	-2.78629957e+00
2.27157149e-01	-2.81888501e+00
2.27490713e-01	-2.84156116e+00
2.27824277e-01	-2.85347292e+00
2.28157841e-01	-2.85411117e+00
2.28491405e-01	-2.84327641e+00
2.28824969e-01	-2.82102232e+00
2.29158533e-01	-2.78762490e+00
2.29492097e-01	-2.74359628e+00
2.29825662e-01	-2.68972908e+00
2.30159226e-01	-2.62713566e+00
2.30492790e-01	-2.55724524e+00
2.30826354e-01	-2.48173937e+00
2.31159918e-01	-2.40243209e+00
2.31493482e-01	-2.32112593e+00
2.31827046e-01	-2.23948713e+00
2.32160610e-01	-2.15897666e+00
2.32494174e-01	-2.08084920e+00
2.32827738e-01	-2.00620286e+00
2.33161303e-01	-1.93603979e+00
2.33494867e-01	-1.87129138e+00
2.33828431e-01	-1.81277429e+00
2.34161995e-01	-1.76106995e+00
2.34495559e-01	-1.71635356e+00
2.34829123e-01	-1.67822359e+00
2.35162687e-01	-1.64559176e+00
2.35496251e-01	-1.61668343e+00
2.35829815e-01	-1.58917453e+00
2.36163379e-01	-1.56045820e+00
2.36496943e-01	-1.52800056e+00
2.36830508e-01	-1.48971981e+00
2.37164072e-01	-1.44431315e+00
2.37497636e-01	-1.39146103e+00
2.37831200e-01	-1.33185789e+00
2.38164764e-01	-1.26704993e+00
2.38498328e-01	-1.19910158e+00
2.38831892e-01	-1.13015134e+00
2.39165456e-01	-1.06194458e+00
2.39499020e-01	-9.95439287e-01
2.39832584e-01	-9.30569921e-01
2.40166149e-01	-8.66224020e-01
2.40499713e-01	-8.00441155e-01
2.40833277e-01	-7.30794748e-01
2.41166841e-01	-6.54877594e-01
2.41500405e-01	-5.70790376e-01
2.41833969e-01	-4.77532659e-01
2.42167533e-01	-3.75217533e-01
2.42501097e-01	-2.65069713e-01
2.42834661e-01	-1.49213507e-01
2.43168225e-01	-3.03002965e-02
2.43501789e-01	8.89449209e-02
2.43835354e-01	2.06168084e-01
2.44168918e-01	3.19741607e-01
2.44502482e-01	4.28975764e-01
2.44836046e-01	5.34163127e-01
2.45169610e-01	6.36464875e-01
2.45503174e-01	7.37672093e-01
2.45836738e-01	8.39888817e-01
2.46170302e-01	9.45187594e-01
2.46503866e-01	1.05528613e+00
2.46837430e-01	1.17128791e+00
2.47170995e-01	1.29352021e+00
2.47504559e-01	1.42148997e+00
2.47838123e-01	1.55396116e+00
2.48171687e-01	1.68913900e+00
2.48505251e-01	1.82492669e+00
2.48838815e-01	1.95920470e+00
2.49172379e-01	2.09007635e+00
2.49505943e-01	2.21603137e+00
2.49839507e-01	2.33600132e+00
2.50173071e-01	2.44930882e+00
2.50506635e-01	2.55553767e+00
2.50840200e-01	2.65436508e+00
2.51173764e-01	2.74539850e+00
2.51507328e-01	2.82804998e+00
2.51840892e-01	2.90146828e+00
2.52174456e-01	2.96453724e+00
2.52508020e-01	3.01594270e+00
2.52841584e-01	3.05430656e+00
2.53175148e-01	3.07838037e+00
2.53508712e-01	3.08727782e+00
2.53842276e-01	3.08070920e+00
2.54175841e-01	3.05916970e+00
2.54509405e-01	3.02403454e+00
2.54842969e-01	2.97752987e+00
2.55176533e-01	2.92257573e+00
2.55510097e-01	2.86252932e+00
2.55843661e-01	2.80088137e+00
2.56177225e-01	2.74096555e+00
2.56510789e-01	2.68572864e+00
2.56844353e-01	2.63758412e+00
2.57177917e-01	2.59834382e+00
2.57511481e-01	2.56920082e+00
2.57845046e-01	2.55073011e+00
2.58178610e-01	2.54288369e+00
2.58512174e-01	2.54497793e+00
2.58845738e-01	2.55569079e+00
2.59179302e-01	2.57309582e+00
2.59512866e-01	2.59475533e+00
2.59846430e-01	2.61787993e+00
2.60179994e-01	2.63954308e+00
2.60513558e-01	2.65692505e+00
2.60847122e-01	2.66755615e+00
2.61180687e-01	2.66953378e+00
2.61514251e-01	2.66169659e+00
2.61847815e-01	2.64374519e+00
2.62181379e-01	2.61629786e+00
2.62514943e-01	2.58086391e+00
2.62848507e-01	2.53971430e+00
2.63182071e-01	2.49563661e+00
2.63515635e-01	2.45158383e+00
2.63849199e-01	2.41025666e+00
2.64182763e-01	2.37368714e+00
2.64516327e-01	2.34290470e+00
2.64849892e-01	2.31775562e+00
2.65183456e-01	2.29691412e+00
2.65517020e-01	2.27807862e+00
2.65850584e-01	2.25830555e+00
2.66184148e-01	2.23441018e+00
2.66517712e-01	2.20336497e+00
2.66851276e-01	2.16264420e+00
2.67184840e-01	2.11048853e+00
2.67518404e-01	2.04608367e+00
2.67851968e-01	1.96965831e+00
2.68185533e-01	1.88250449e+00
2.68519097e-01	1.78691470e+00
2.68852661e-01	1.68602275e+00
2.69186225e-01	1.58353961e+00
2.69519789e-01	1.48339233e+00
2.69853353e-01	1.38929888e+00
2.70186917e-01	1.30433614e+00
2.70520481e-01	1.23057157e+00
2.70854045e-01	1.16882550e+00
2.71187609e-01	1.11860874e+00
2.71521173e-01	1.07824554e+00
2.71854738e-01	1.04515417e+00
2.72188302e-01	1.01622846e+00
2.72521866e-01	9.88250014e-01
2.72855430e-01	9.58266037e-01
2.73188994e-01	9.23887667e-01
2.73522558e-01	8.83490097e-01
2.73856122e-01	8.36318759e-01
2.74189686e-01	7.82516854e-01
2.74523250e-01	7.23088326e-01
2.74856814e-01	6.59802345e-01
2.75190379e-01	5.95037661e-01
2.75523943e-01	5.31564022e-01
2.75857507e-01	4.72266779e-01
2.76191071e-01	4.19839115e-01
2.76524635e-01	3.76487193e-01
2.76858199e-01	3.43706638e-01
2.77191763e-01	3.22185655e-01
2.77525327e-01	3.11867997e-01
2.77858891e-01	3.12172452e-01
2.78192455e-01	3.22324643e-01
2.78526019e-01	3.41723834e-01
2.78859584e-01	3.70252387e-01
2.79193148e-01	4.08443415e-01
2.79526712e-01	4.57451729e-01
2.79860276e-01	5.18816458e-01
2.80193840e-01	5.94050511e-01
2.80527404e-01	6.84132845e-01
2.80860968e-01	7.89007440e-01
2.81194532e-01	9.07202020e-01
2.81528096e-01	1.03566592e+00
2.81861660e-01	1.16988906e+00
2.82195225e-01	1.30430764e+00
2.82528789e-01	1.43293848e+00
2.82862353e-01	1.55012918e+00
2.83195917e-01	1.65128128e+00
2.83529481e-01	1.73340671e+00
2.83863045e-01	1.79541466e+00
2.84196609e-01	1.83808738e+00
2.84530173e-01	1.86377285e+00
2.84863737e-01	1.87587915e+00
2.85197301e-01	1.87828586e+00
2.85530865e-01	1.87478745e+00
2.85864430e-01	1.86865898e+00
2.86197994e-01	1.86239304e+00
2.86531558e-01	1.85761060e+00
2.86865122e-01	1.85511018e+00
2.87198686e-01	1.85499787e+00
2.87532250e-01	1.85683894e+00
2.87865814e-01	1.85978458e+00
2.88199378e-01	1.86265168e+00
2.88532942e-01	1.86395972e+00
2.88866506e-01	1.86195103e+00
2.89200071e-01	1.85463023e+00
2.89533635e-01	1.83985534e+00
2.89867199e-01	1.81549766e+00
2.90200763e-01	1.77966554e+00
2.90534327e-01	1.73096545e+00
2.90867891e-01	1.66875743e+00
2.91201455e-01	1.59335627e+00
2.91535019e-01	1.50613572e+00
2.91868583e-01	1.40950822e+00
2.92202147e-01	1.30677277e+00
2.92535711e-01	1.20184393e+00
2.92869276e-01	1.09889174e+00
2.93202840e-01	1.00193393e+00
2.93536404e-01	9.14425907e-01
2.93869968e-01	8.38893557e-01
2.94203532e-01	7.76649899e-01
2.94537096e-01	7.27632127e-01
2.94870660e-01	6.90388245e-01
2.95204224e-01	6.62229600e-01
2.95537788e-01	6.39545744e-01
2.95871352e-01	6.18251889e-01
2.96204917e-01	5.94311211e-01
2.96538481e-01	5.64252448e-01
2.96872045e-01	5.25596702e-01
2.97205609e-01	4.77121397e-01
2.97539173e-01	4.18922134e-01
2.97872737e-01	3.52276032e-01
2.98206301e-01	2.79350174e-01
2.98539865e-01	2.02824322e-01
2.98873429e-01	1.25502036e-01
2.99206993e-01	4.99710063e-02
2.99540557e-01	-2.16505264e-02
2.99874122e-01	-8.78694390e-02
3.00207686e-01	-1.47881972e-01
3.00541250e-01	-2.01561290e-01
3.00874814e-01	-2.49383614e-01
3.01208378e-01	-2.92307031e-01
3.01541942e-01	-3.31618910e-01
3.01875506e-01	-3.68772865e-01
3.02209070e-01	-4.05240565e-01
3.02542634e-01	-4.42402828e-01
3.02876198e-01	-4.81496019e-01
3.03209763e-01	-5.23615217e-01
3.03543327e-01	-5.69759085e-01
3.03876891e-01	-6.20888834e-01
3.04210455e-01	-6.77969903e-01
3.04544019e-01	-7.41971716e-01
3.04877583e-01	-8.13815027e-01
3.05211147e-01	-8.94272608e-01
3.05544711e-01	-9.83842395e-01
3.05878275e-01	-1.08262001e+00
3.06211839e-01	-1.19019863e+00
3.06545403e-01	-1.30561951e+00
3.06878968e-01	-1.42738840e+00
3.07212532e-01	-1.55356151e+00
3.07546096e-01	-1.68189200e+00
3.07879660e-01	-1.81001410e+00
3.08213224e-01	-1.93563214e+00
3.08546788e-01	-2.05667875e+00
3.08880352e-01	-2.17141428e+00
3.09213916e-01	-2.27845617e+00
3.09547480e-01	-2.37674907e+00
3.09881044e-01	-2.46550621e+00
3.10214609e-01	-2.54416040e+00
3.10548173e-01	-2.61235558e+00
3.10881737e-01	-2.66998752e+00
3.11215301e-01	-2.71727540e+00
3.11548865e-01	-2.75482511e+00
3.11882429e-01	-2.78364152e+00
3.12215993e-01	-2.80506208e+00
3.12549557e-01	-2.82061208e+00
3.12883121e-01	-2.83181156e+00
3.13216685e-01	-2.83998321e+00
3.13550249e-01	-2.84611124e+00
3.13883814e-01	-2.85078514e+00
3.14217378e-01	-2.85423463e+00
3.14550942e-01	-2.85643575e+00
3.14884506e-01	-2.85725173e+00
3.15218070e-01	-2.85657022e+00
3.15551634e-01	-2.85440626e+00
3.15885198e-01	-2.85095347e+00
3.16218762e-01	-2.84657705e+00
3.16552326e-01	-2.84175141e+00
3.16885890e-01	-2.83695181e+00
3.17219455e-01	-2.83251681e+00
3.17553019e-01	-2.82850646e+00
3.17886583e-01	-2.82458890e+00
3.18220147e-01	-2.81998990e+00
3.18553711e-01	-2.81353229e+00
3.18887275e-01	-2.80377429e+00
3.19220839e-01	-2.78923094e+00
3.19554403e-01	-2.76863914e+00
3.19887967e-01	-2.74121117e+00
3.20221531e-01	-2.70682142e+00
3.20555095e-01	-2.66608530e+00
3.20888660e-01	-2.62031411e+00
3.21222224e-01	-2.57135727e+00
3.21555788e-01	-2.52136617e+00
3.21889352e-01	-2.47252539e+00
3.22222916e-01	-2.42679712e+00
3.22556480e-01	-2.38571325e+00
3.22890044e-01	-2.35023484e+00
3.23223608e-01	-2.32068185e+00
3.23557172e-01	-2.29672491e+00
3.23890736e-01	-2.27742628e+00
3.24224301e-01	-2.26132014e+00
3.24557865e-01	-2.24652793e+00
3.24891429e-01	-2.23091030e+00
3.25224993e-01	-2.21225795e+00
3.25558557e-01	-2.18851882e+00
3.25892121e-01	-2.15804733e+00
3.26225685e-01	-2.11984764e+00
3.26559249e-01	-2.07377159e+00
3.26892813e-01	-2.02062855e+00
3.27226377e-01	-1.96217070e+00
3.27559941e-01	-1.90093388e+00
3.27893506e-01	-1.83993738e+00
3.28227070e-01	-1.78227213e+00
3.28560634e-01	-1.73062964e+00
3.28894198e-01	-1.68684060e+00
3.29227762e-01	-1.65149919e+00
3.29561326e-01	-1.62374484e+00
3.29894890e-01	-1.60125611e+00
3.30228454e-01	-1.58048153e+00
3.30562018e-01	-1.55709297e+00
3.30895582e-01	-1.52660357e+00
3.31229147e-01	-1.48505489e+00
3.31562711e-01	-1.42965480e+00
3.31896275e-01	-1.35924918e+00
3.32229839e-01	-1.27453646e+00
3.32563403e-01	-1.17798215e+00
3.32896967e-01	-1.07345006e+00
3.33230531e-01	-9.65622931e-01
3.33564095e-01	-8.59324630e-01
3.33897659e-01	-8.07206242e-01
