-8.00553828e-03	-0.00000000e+00
-7.67197419e-03	6.14357811e-04
-7.33841009e-03	2.09926506e-03
-7.00484600e-03	5.55655930e-03
-6.67128190e-03	1.33981664e-02
-6.33771781e-03	3.06018441e-02
-6.00415371e-03	6.67993952e-02
-5.67058962e-03	1.40034760e-01
-5.33702552e-03	2.82568804e-01
-5.00346143e-03	5.49241895e-01
-4.66989733e-03	1.02888920e+00
-4.33633324e-03	1.85825350e+00
-4.00276914e-03	3.23670856e+00
-3.66920505e-03	5.43873301e+00
-3.33564095e-03	8.81928518e+00
-3.00207686e-03	1.38061164e+01
-2.66851276e-03	2.08734596e+01
-2.33494867e-03	3.04937652e+01
-2.00138457e-03	4.30685841e+01
-1.66782048e-03	5.88462064e+01
-1.33425638e-03	7.78398908e+01
-1.00069229e-03	9.97649060e+01
-6.67128190e-04	1.24013048e+02
-3.33564095e-04	1.49677698e+02
1.85165269e-18	1.75632780e+02
3.33564095e-04	2.00656179e+02
6.67128190e-04	2.23576700e+02
1.00069229e-03	2.43417314e+02
1.33425638e-03	2.59507377e+02
1.66782048e-03	2.71544220e+02
2.00138457e-03	2.79596159e+02
2.33494867e-03	2.84051720e+02
2.66851276e-03	2.85530101e+02
3.00207686e-03	2.84772592e+02
3.33564095e-03	2.82534635e+02
3.66920505e-03	2.79493707e+02
4.00276914e-03	2.76182109e+02
4.33633324e-03	2.72948076e+02
4.66989733e-03	2.69944163e+02
5.00346143e-03	2.67139705e+02
5.33702552e-03	2.64352966e+02
5.67058962e-03	2.61298172e+02
6.00415371e-03	2.57642267e+02
6.33771781e-03	2.53065312e+02
6.67128190e-03	2.47317916e+02
7.00484600e-03	2.40268616e+02
7.33841009e-03	2.31934744e+02
7.67197419e-03	2.22492019e+02
8.00553828e-03	2.12260665e+02
8.33910238e-03	2.01669294e+02
8.67266648e-03	1.91200949e+02
9.00623057e-03	1.81328556e+02
9.33979467e-03	1.72448699e+02
9.67335876e-03	1.64823035e+02
1.00069229e-02	1.58535886e+02
1.03404870e-02	1.53474388e+02
1.06740510e-02	1.49334807e+02
1.10076151e-02	1.45655058e+02
1.13411792e-02	1.41869839e+02
1.16747433e-02	1.37381454e+02
1.20083074e-02	1.31636735e+02
1.23418715e-02	1.24199272e+02
1.26754356e-02	1.14806405e+02
1.30089997e-02	1.03402693e+02
1.33425638e-02	9.01451841e+01
1.36761279e-02	7.53804440e+01
1.40096920e-02	5.95979257e+01
1.43432561e-02	4.33679015e+01
1.46768202e-02	2.72742511e+01
1.50103843e-02	1.18522983e+01
1.53439484e-02	-2.45997819e+00
1.56775125e-02	-1.53522793e+01
1.60110766e-02	-2.66524532e+01
1.63446407e-02	-3.63190277e+01
1.66782048e-02	-4.44201424e+01
1.70117689e-02	-5.11043737e+01
1.73453330e-02	-5.65689957e+01
1.76788970e-02	-6.10303422e+01
1.80124611e-02	-6.46995780e+01
1.83460252e-02	-6.77656532e+01
1.86795893e-02	-7.03858030e+01
1.90131534e-02	-7.26827985e+01
1.93467175e-02	-7.47474004e+01
1.96802816e-02	-7.66440659e+01
2.00138457e-02	-7.84179475e+01
2.03474098e-02	-8.01015129e+01
2.06809739e-02	-8.17195392e+01
2.10145380e-02	-8.32918156e+01
2.13481021e-02	-8.48333634e+01
2.16816662e-02	-8.63524605e+01
2.20152303e-02	-8.78471563e+01
2.23487944e-02	-8.93012236e+01
2.26823585e-02	-9.06807332e+01
2.30159226e-02	-9.19324274e+01
2.33494867e-02	-9.29848716e+01
2.36830508e-02	-9.37529721e+01
2.40166149e-02	-9.41458127e+01
2.43501789e-02	-9.40770617e+01
2.46837430e-02	-9.34766275e+01
2.50173071e-02	-9.23018003e+01
2.53508712e-02	-9.05460124e+01
2.56844353e-02	-8.82436070e+01
2.60179994e-02	-8.54694914e+01
2.63515635e-02	-8.23333577e+01
2.66851276e-02	-7.89690209e+01
2.70186917e-02	-7.55202220e+01
2.73522558e-02	-7.21249175e+01
2.76858199e-02	-6.89004110e+01
2.80193840e-02	-6.59316008e+01
2.83529481e-02	-6.32641590e+01
2.86865122e-02	-6.09036508e+01
2.90200763e-02	-5.88205357e+01
2.93536404e-02	-5.69599514e+01
2.96872045e-02	-5.52543003e+01
3.00207686e-02	-5.36361649e+01
3.03543327e-02	-5.20491480e+01
3.06878968e-02	-5.04547934e+01
3.10214609e-02	-4.88346955e+01
3.13550249e-02	-4.71880318e+01
3.16885890e-02	-4.55257616e+01
3.20221531e-02	-4.38633449e+01
3.23557172e-02	-4.22139517e+01
3.26892813e-02	-4.05837360e+01
3.30228454e-02	-3.89699791e+01
3.33564095e-02	-3.73620117e+01
3.36899736e-02	-3.57440928e+01
3.40235377e-02	-3.40990460e+01
3.43571018e-02	-3.24114746e+01
3.46906659e-02	-3.06697497e+01
3.50242300e-02	-2.88665114e+01
3.53577941e-02	-2.69979431e+01
3.56913582e-02	-2.50624153e+01
3.60249223e-02	-2.30591683e+01
3.63584864e-02	-2.09875426e+01
3.66920505e-02	-1.88469660e+01
3.70256146e-02	-1.66375813e+01
3.73591787e-02	-1.43611545e+01
3.76927428e-02	-1.20218159e+01
3.80263069e-02	-9.62627250e+00
3.83598709e-02	-7.18333293e+00
3.86934350e-02	-4.70286001e+00
3.90269991e-02	-2.19451293e+00
3.93605632e-02	3.33231730e-01
3.96941273e-02	2.87334233e+00
4.00276914e-02	5.41955113e+00
4.03612555e-02	7.96482080e+00
4.06948196e-02	1.04993699e+01
4.10283837e-02	1.30088763e+01
4.13619478e-02	1.54734780e+01
4.16955119e-02	1.78679922e+01
4.20290760e-02	2.01634297e+01
4.23626401e-02	2.23295242e+01
4.26962042e-02	2.43377257e+01
4.30297683e-02	2.61640175e+01
4.33633324e-02	2.77910162e+01
4.36968965e-02	2.92090419e+01
4.40304606e-02	3.04161243e+01
4.43640247e-02	3.14171402e+01
4.46975888e-02	3.22223931e+01
4.50311529e-02	3.28459591e+01
4.53647169e-02	3.33040490e+01
4.56982810e-02	3.36135301e+01
4.60318451e-02	3.37906624e+01
4.63654092e-02	3.38500679e+01
4.66989733e-02	3.38039829e+01
4.70325374e-02	3.36618810e+01
4.73661015e-02	3.34305744e+01
4.76996656e-02	3.31148537e+01
4.80332297e-02	3.27186243e+01
4.83667938e-02	3.22463446e+01
4.87003579e-02	3.17044433e+01
4.90339220e-02	3.11023347e+01
4.93674861e-02	3.04527113e+01
4.97010502e-02	2.97709495e+01
5.00346143e-02	2.90737021e+01
5.03681784e-02	2.83769804e+01
5.07017425e-02	2.76941648e+01
5.10353066e-02	2.70343982e+01
5.13688707e-02	2.64017205e+01
5.17024348e-02	2.57951084e+01
5.20359989e-02	2.52093743e+01
5.23695629e-02	2.46366971e+01
5.27031270e-02	2.40684584e+01
5.30366911e-02	2.34970184e+01
5.33702552e-02	2.29171081e+01
5.37038193e-02	2.23266229e+01
5.40373834e-02	2.17267361e+01
5.43709475e-02	2.11213868e+01
5.47045116e-02	2.05163150e+01
5.50380757e-02	1.99178960e+01
5.53716398e-02	1.93320344e+01
5.57052039e-02	1.87633248e+01
5.60387680e-02	1.82145870e+01
5.63723321e-02	1.76867748e+01
5.67058962e-02	1.71791561e+01
5.70394603e-02	1.66896203e+01
5.73730244e-02	1.62149771e+01
5.77065885e-02	1.57511760e+01
5.80401526e-02	1.52934540e+01
5.83737167e-02	1.48364860e+01
5.87072808e-02	1.43746312e+01
5.90408449e-02	1.39023277e+01
5.93744089e-02	1.34146064e+01
5.97079730e-02	1.29076165e+01
6.00415371e-02	1.23790025e+01
6.03751012e-02	1.18279884e+01
6.07086653e-02	1.12550989e+01
6.10422294e-02	1.06615661e+01
6.13757935e-02	1.00485853e+01
6.17093576e-02	9.41664904e+00
6.20429217e-02	8.76516053e+00
6.23764858e-02	8.09243918e+00
6.27100499e-02	7.39610969e+00
6.30436140e-02	6.67376439e+00
6.33771781e-02	5.92372815e+00
6.37107422e-02	5.14575787e+00
6.40443063e-02	4.34156365e+00
6.43778704e-02	3.51510393e+00
6.47114345e-02	2.67265312e+00
6.50449986e-02	1.82265808e+00
6.53785627e-02	9.75402625e-01
6.57121268e-02	1.42498373e-01
6.60456908e-02	-6.63772225e-01
6.63792549e-02	-1.43121688e+00
6.67128190e-02	-2.14853881e+00
6.70463831e-02	-2.80612368e+00
6.73799472e-02	-3.39676284e+00
6.77135113e-02	-3.91629237e+00
6.80470754e-02	-4.36414260e+00
6.83806395e-02	-4.74377317e+00
6.87142036e-02	-5.06292230e+00
6.90477677e-02	-5.33354784e+00
6.93813318e-02	-5.57131544e+00
6.97148959e-02	-5.79452057e+00
7.00484600e-02	-6.02242985e+00
7.03820241e-02	-6.27317985e+00
7.07155882e-02	-6.56152724e+00
7.10491523e-02	-6.89684448e+00
7.13827164e-02	-7.28175792e+00
7.17162805e-02	-7.71172310e+00
7.20498446e-02	-8.17563983e+00
7.23834087e-02	-8.65738387e+00
7.27169728e-02	-9.13793568e+00
7.30505368e-02	-9.59768220e+00
7.33841009e-02	-1.00184838e+01
7.37176650e-02	-1.03852318e+01
7.40512291e-02	-1.06868134e+01
7.43847932e-02	-1.09165765e+01
7.47183573e-02	-1.10724665e+01
7.50519214e-02	-1.11569872e+01
7.53854855e-02	-1.11770301e+01
7.57190496e-02	-1.11434747e+01
7.60526137e-02	-1.10703740e+01
7.63861778e-02	-1.09735529e+01
7.67197419e-02	-1.08686007e+01
7.70533060e-02	-1.07684640e+01
7.73868701e-02	-1.06810651e+01
7.77204342e-02	-1.06074854e+01
7.80539983e-02	-1.05412256e+01
7.83875624e-02	-1.04688594e+01
7.87211265e-02	-1.03720722e+01
7.90546906e-02	-1.02307251e+01
7.93882547e-02	-1.00263223e+01
7.97218188e-02	-9.74515017e+00
8.00553828e-02	-9.38043124e+00
8.03889469e-02	-8.93307906e+00
8.07225110e-02	-8.41099992e+00
8.10560751e-02	-7.82725210e+00
8.13896392e-02	-7.19763480e+00
8.17232033e-02	-6.53837257e+00
8.20567674e-02	-5.86447005e+00
8.23903315e-02	-5.18906257e+00
8.27238956e-02	-4.52374259e+00
8.30574597e-02	-3.87952314e+00
8.33910238e-02	-3.26790276e+00
8.37245879e-02	-2.70148859e+00
8.40581520e-02	-2.19380361e+00
8.43917161e-02	-1.75820005e+00
8.47252802e-02	-1.40612689e+00
8.50588443e-02	-1.14523686e+00
8.53924084e-02	-9.77890761e-01
8.57259725e-02	-9.00492378e-01
8.60595366e-02	-9.03827694e-01
8.63931007e-02	-9.74274777e-01
8.67266648e-02	-1.09551630e+00
8.70602288e-02	-1.25030052e+00
8.73937929e-02	-1.42186670e+00
8.77273570e-02	-1.59483978e+00
8.80609211e-02	-1.75561316e+00
8.83944852e-02	-1.89240269e+00
8.87280493e-02	-1.99519518e+00
8.90616134e-02	-2.05574499e+00
8.93951775e-02	-2.06765357e+00
8.97287416e-02	-2.02646496e+00
9.00623057e-02	-1.92968467e+00
9.03958698e-02	-1.77667095e+00
9.07294339e-02	-1.56843896e+00
9.10629980e-02	-1.30748790e+00
9.13965621e-02	-9.97763628e-01
9.17301262e-02	-6.44797644e-01
9.20636903e-02	-2.55947203e-01
9.23972544e-02	1.59424162e-01
9.27308185e-02	5.90005372e-01
9.30643826e-02	1.02294203e+00
9.33979467e-02	1.44455964e+00
9.37315108e-02	1.84125372e+00
9.40650748e-02	2.20033797e+00
9.43986389e-02	2.51069345e+00
9.47322030e-02	2.76317927e+00
9.50657671e-02	2.95088532e+00
9.53993312e-02	3.06936901e+00
9.57328953e-02	3.11697713e+00
9.60664594e-02	3.09522764e+00
9.64000235e-02	3.00907892e+00
9.67335876e-02	2.86683724e+00
9.70671517e-02	2.67951658e+00
9.74007158e-02	2.45963686e+00
9.77342799e-02	2.21967601e+00
9.80678440e-02	1.97057077e+00
9.84014081e-02	1.72068879e+00
9.87349722e-02	1.47555216e+00
9.90685363e-02	1.23831449e+00
9.94021004e-02	1.01072611e+00
9.97356645e-02	7.94160796e-01
1.00069229e-01	5.90293025e-01
1.00402793e-01	4.01215112e-01
1.00736357e-01	2.29053084e-01
1.01069921e-01	7.53714041e-02
1.01403485e-01	-5.92754221e-02
1.01737049e-01	-1.75387061e-01
1.02070613e-01	-2.74111045e-01
1.02404177e-01	-3.56567740e-01
1.02737741e-01	-4.23212138e-01
1.03071305e-01	-4.73519369e-01
1.03404870e-01	-5.06125672e-01
1.03738434e-01	-5.19365655e-01
1.04071998e-01	-5.11998959e-01
1.04405562e-01	-4.83868074e-01
1.04739126e-01	-4.36292240e-01
1.05072690e-01	-3.72114375e-01
1.05406254e-01	-2.95443758e-01
1.05739818e-01	-2.11203110e-01
1.06073382e-01	-1.24593972e-01
1.06406946e-01	-4.05824224e-02
1.06740510e-01	3.65357348e-02
1.07074075e-01	1.03446680e-01
1.07407639e-01	1.57963375e-01
1.07741203e-01	1.98973929e-01
1.08074767e-01	2.26179604e-01
1.08408331e-01	2.39675571e-01
1.08741895e-01	2.39493801e-01
1.09075459e-01	2.25248219e-01
1.09409023e-01	1.96015665e-01
1.09742587e-01	1.50504772e-01
1.10076151e-01	8.74566193e-02
1.10409716e-01	6.13370692e-03
1.10743280e-01	-9.32984204e-02
1.11076844e-01	-2.09644127e-01
1.11410408e-01	-3.40842734e-01
1.11743972e-01	-4.84345834e-01
1.12077536e-01	-6.37535146e-01
1.12411100e-01	-7.98001873e-01
1.12744664e-01	-9.63576732e-01
1.13078228e-01	-1.13211624e+00
1.13411792e-01	-1.30116919e+00
1.13745356e-01	-1.46770801e+00
1.14078921e-01	-1.62809328e+00
1.14412485e-01	-1.77834981e+00
1.14746049e-01	-1.91470954e+00
1.15079613e-01	-2.03426874e+00
1.15413177e-01	-2.13555362e+00
1.15746741e-01	-2.21882190e+00
1.16080305e-01	-2.28601101e+00
1.16413869e-01	-2.34034922e+00
1.16747433e-01	-2.38574784e+00
1.17080997e-01	-2.42614237e+00
1.17414562e-01	-2.46494485e+00
1.17748126e-01	-2.50471901e+00
1.18081690e-01	-2.54710457e+00
1.18415254e-01	-2.59294187e+00
1.18748818e-01	-2.64250472e+00
1.19082382e-01	-2.69573580e+00
1.19415946e-01	-2.75240865e+00
1.19749510e-01	-2.81218652e+00
1.20083074e-01	-2.87458421e+00
1.20416638e-01	-2.93886460e+00
1.20750202e-01	-3.00391108e+00
1.21083767e-01	-3.06810937e+00
1.21417331e-01	-3.12926457e+00
1.21750895e-01	-3.18457844e+00
1.22084459e-01	-3.23071259e+00
1.22418023e-01	-3.26395899e+00
1.22751587e-01	-3.28052407e+00
1.23085151e-01	-3.27690488e+00
1.23418715e-01	-3.25030286e+00
1.23752279e-01	-3.19899682e+00
1.24085843e-01	-3.12259425e+00
1.24419408e-01	-3.02210745e+00
1.24752972e-01	-2.89985120e+00
1.25086536e-01	-2.75920591e+00
1.25420100e-01	-2.60431523e+00
1.25753664e-01	-2.43978821e+00
1.26087228e-01	-2.27044210e+00
1.26420792e-01	-2.10106718e+00
1.26754356e-01	-1.93616331e+00
1.27087920e-01	-1.77960534e+00
1.27421484e-01	-1.63423398e+00
1.27755048e-01	-1.50143308e+00
1.28088613e-01	-1.38081600e+00
1.28422177e-01	-1.27015797e+00
1.28755741e-01	-1.16566153e+00
1.29089305e-01	-1.06254698e+00
1.29422869e-01	-9.55852593e-01
1.29756433e-01	-8.41255040e-01
1.30089997e-01	-7.15717036e-01
1.30423561e-01	-5.77832669e-01
1.30757125e-01	-4.27843343e-01
1.31090689e-01	-2.67402006e-01
1.31424254e-01	-9.92271641e-02
1.31757818e-01	7.32185050e-02
1.32091382e-01	2.45958626e-01
1.32424946e-01	4.14665505e-01
1.32758510e-01	5.74840388e-01
1.33092074e-01	7.22103359e-01
1.33425638e-01	8.52628496e-01
1.33759202e-01	9.63669006e-01
1.34092766e-01	1.05403558e+00
1.34426330e-01	1.12436168e+00
1.34759894e-01	1.17703374e+00
1.35093459e-01	1.21576442e+00
1.35427023e-01	1.24490084e+00
1.35760587e-01	1.26864297e+00
1.36094151e-01	1.29037146e+00
1.36427715e-01	1.31223622e+00
1.36761279e-01	1.33506055e+00
1.37094843e-01	1.35851650e+00
1.37428407e-01	1.38146519e+00
1.37761971e-01	1.40234627e+00
1.38095535e-01	1.41952999e+00
1.38429100e-01	1.43159334e+00
1.38762664e-01	1.43752088e+00
1.39096228e-01	1.43684393e+00
1.39429792e-01	1.42972047e+00
1.39763356e-01	1.41694454e+00
1.40096920e-01	1.39986882e+00
1.40430484e-01	1.38023382e+00
1.40764048e-01	1.35992657e+00
1.41097612e-01	1.34072079e+00
1.41431176e-01	1.32405651e+00
1.41764740e-01	1.31089991e+00
1.42098305e-01	1.30169623e+00
1.42431869e-01	1.29640340e+00
1.42765433e-01	1.29458291e+00
1.43098997e-01	1.29552423e+00
1.43432561e-01	1.29838041e+00
1.43766125e-01	1.30229349e+00
1.44099689e-01	1.30649179e+00
1.44433253e-01	1.31034474e+00
1.44766817e-01	1.31337011e+00
1.45100381e-01	1.31520280e+00
1.45433946e-01	1.31554756e+00
1.45767510e-01	1.31414590e+00
1.46101074e-01	1.31078683e+00
1.46434638e-01	1.30537722e+00
1.46768202e-01	1.29806410e+00
1.47101766e-01	1.28937565e+00
1.47435330e-01	1.28032809e+00
1.47768894e-01	1.27244619e+00
1.48102458e-01	1.26767019e+00
1.48436022e-01	1.26815496e+00
1.48769586e-01	1.27599448e+00
1.49103151e-01	1.29292376e+00
1.49436715e-01	1.32005515e+00
1.49770279e-01	1.35769420e+00
1.50103843e-01	1.40526235e+00
1.50437407e-01	1.46133169e+00
1.50770971e-01	1.52375026e+00
1.51104535e-01	1.58981959e+00
1.51438099e-01	1.65648649e+00
1.51771663e-01	1.72052271e+00
1.52105227e-01	1.77868182e+00
1.52438792e-01	1.82784083e+00
1.52772356e-01	1.86514478e+00
1.53105920e-01	1.88817108e+00
1.53439484e-01	1.89512125e+00
1.53773048e-01	1.88502767e+00
1.54106612e-01	1.85793203e+00
1.54440176e-01	1.81496998e+00
1.54773740e-01	1.75830137e+00
1.55107304e-01	1.69085952e+00
1.55440868e-01	1.61594825e+00
1.55774432e-01	1.53677146e+00
1.56107997e-01	1.45600939e+00
1.56441561e-01	1.37554593e+00
1.56775125e-01	1.29640811e+00
1.57108689e-01	1.21891692e+00
1.57442253e-01	1.14298658e+00
1.57775817e-01	1.06847129e+00
1.58109381e-01	9.95455887e-01
1.58442945e-01	9.24415612e-01
1.58776509e-01	8.56222696e-01
1.59110073e-01	7.92031240e-01
1.59443638e-01	7.33105205e-01
1.59777202e-01	6.80657998e-01
1.60110766e-01	6.35751015e-01
1.60444330e-01	5.99259316e-01
1.60777894e-01	5.71872042e-01
1.61111458e-01	5.54077875e-01
1.61445022e-01	5.46102379e-01
1.61778586e-01	5.47801723e-01
1.62112150e-01	5.58553872e-01
1.62445714e-01	5.77203913e-01
1.62779278e-01	6.02107007e-01
1.63112843e-01	6.31280723e-01
1.63446407e-01	6.62645763e-01
1.63779971e-01	6.94310274e-01
1.64113535e-01	7.24842097e-01
1.64447099e-01	7.53479253e-01
1.64780663e-01	7.80246647e-01
1.65114227e-01	8.05962587e-01
1.65447791e-01	8.32124920e-01
1.65781355e-01	8.60670968e-01
1.66114919e-01	8.93621108e-01
1.66448484e-01	9.32646771e-01
1.66782048e-01	9.78638434e-01
1.67115612e-01	1.03136999e+00
1.67449176e-01	1.08935372e+00
1.67782740e-01	1.14995391e+00
1.68116304e-01	1.20977569e+00
1.68449868e-01	1.26527160e+00
1.68783432e-01	1.31343536e+00
1.69116996e-01	1.35241234e+00
1.69450560e-01	1.38186855e+00
1.69784124e-01	1.40301962e+00
1.70117689e-01	1.41830969e+00
1.70451253e-01	1.43082374e+00
1.70784817e-01	1.44358604e+00
1.71118381e-01	1.45892072e+00
1.71451945e-01	1.47801899e+00
1.71785509e-01	1.50078976e+00
1.72119073e-01	1.52599014e+00
1.72452637e-01	1.55156815e+00
1.72786201e-01	1.57511118e+00
1.73119765e-01	1.59428349e+00
1.73453330e-01	1.60715582e+00
1.73786894e-01	1.61238016e+00
1.74120458e-01	1.60921956e+00
1.74454022e-01	1.59747658e+00
1.74787586e-01	1.57736395e+00
1.75121150e-01	1.54934766e+00
1.75454714e-01	1.51398573e+00
1.75788278e-01	1.47178520e+00
1.76121842e-01	1.42309776e+00
1.76455406e-01	1.36806997e+00
1.76788970e-01	1.30665892e+00
1.77122535e-01	1.23871644e+00
1.77456099e-01	1.16413223e+00
1.77789663e-01	1.08300822e+00
1.78123227e-01	9.95825573e-01
1.78456791e-01	9.03570707e-01
1.78790355e-01	8.07801106e-01
1.79123919e-01	7.10640164e-01
1.79457483e-01	6.14690570e-01
1.79791047e-01	5.22862952e-01
1.80124611e-01	4.38134183e-01
1.80458176e-01	3.63265788e-01
1.80791740e-01	3.00520180e-01
1.81125304e-01	2.51415097e-01
1.81458868e-01	2.16554423e-01
1.81792432e-01	1.95559439e-01
1.82125996e-01	1.87101251e-01
1.82459560e-01	1.89018161e-01
1.82793124e-01	1.98501480e-01
1.83126688e-01	2.12341699e-01
1.83460252e-01	2.27227774e-01
1.83793816e-01	2.40079870e-01
1.84127381e-01	2.48380135e-01
1.84460945e-01	2.50457576e-01
1.84794509e-01	2.45681413e-01
1.85128073e-01	2.34519481e-01
1.85461637e-01	2.18432237e-01
1.85795201e-01	1.99606861e-01
1.86128765e-01	1.80579025e-01
1.86462329e-01	1.63817929e-01
1.86795893e-01	1.51351684e-01
1.87129457e-01	1.44494379e-01
1.87463022e-01	1.43714686e-01
1.87796586e-01	1.48658555e-01
1.88130150e-01	1.58304858e-01
1.88463714e-01	1.71203925e-01
1.88797278e-01	1.85738518e-01
1.89130842e-01	2.00354132e-01
1.89464406e-01	2.13719498e-01
1.89797970e-01	2.24795081e-01
1.90131534e-01	2.32811665e-01
1.90465098e-01	2.37188370e-01
1.90798662e-01	2.37433974e-01
1.91132227e-01	2.33069500e-01
1.91465791e-01	2.23594432e-01
1.91799355e-01	2.08506511e-01
1.92132919e-01	1.87375178e-01
1.92466483e-01	1.59955588e-01
1.92800047e-01	1.26318701e-01
1.93133611e-01	8.69714726e-02
1.93467175e-01	4.29438377e-02
1.93800739e-01	-4.18580271e-03
1.94134303e-01	-5.23617622e-02
1.94467868e-01	-9.92424671e-02
1.94801432e-01	-1.42500269e-01
1.95134996e-01	-1.80178305e-01
1.95468560e-01	-2.11029738e-01
1.95802124e-01	-2.34761401e-01
1.96135688e-01	-2.52118794e-01
1.96469252e-01	-2.64785187e-01
1.96802816e-01	-2.75117579e-01
1.97136380e-01	-2.85784259e-01
1.97469944e-01	-2.99381724e-01
1.97803508e-01	-3.18093668e-01
1.98137073e-01	-3.43429258e-01
1.98470637e-01	-3.76056182e-01
1.98804201e-01	-4.15729468e-01
1.99137765e-01	-4.61310612e-01
1.99471329e-01	-5.10875731e-01
1.99804893e-01	-5.61921135e-01
2.00138457e-01	-6.11672939e-01
2.00472021e-01	-6.57482418e-01
2.00805585e-01	-6.97252462e-01
2.01139149e-01	-7.29816251e-01
2.01472713e-01	-7.55187436e-01
2.01806278e-01	-7.74616253e-01
2.02139842e-01	-7.90416479e-01
2.02473406e-01	-8.05577212e-01
2.02806970e-01	-8.23229970e-01
2.03140534e-01	-8.46079062e-01
2.03474098e-01	-8.75906487e-01
2.03807662e-01	-9.13240363e-01
2.04141226e-01	-9.57241699e-01
2.04474790e-01	-1.00582307e+00
2.04808354e-01	-1.05596937e+00
2.05141919e-01	-1.10419804e+00
2.05475483e-01	-1.14708167e+00
2.05809047e-01	-1.18175528e+00
2.06142611e-01	-1.20633471e+00
2.06476175e-01	-1.22018237e+00
2.06809739e-01	-1.22397718e+00
2.07143303e-01	-1.21957675e+00
2.07476867e-01	-1.20969615e+00
2.07810431e-01	-1.19746117e+00
2.08143995e-01	-1.18592009e+00
2.08477559e-01	-1.17760729e+00
2.08811124e-01	-1.17423917e+00
2.09144688e-01	-1.17658843e+00
2.09478252e-01	-1.18453694e+00
2.09811816e-01	-1.19726453e+00
2.10145380e-01	-1.21350434e+00
2.10478944e-01	-1.23179269e+00
2.10812508e-01	-1.25066242e+00
2.11146072e-01	-1.26876414e+00
2.11479636e-01	-1.28493363e+00
2.11813200e-01	-1.29824022e+00
2.12146765e-01	-1.30804768e+00
2.12480329e-01	-1.31409981e+00
2.12813893e-01	-1.31661957e+00
2.13147457e-01	-1.31639118e+00
2.13481021e-01	-1.31478623e+00
2.13814585e-01	-1.31370126e+00
2.14148149e-01	-1.31539208e+00
2.14481713e-01	-1.32221338e+00
2.14815277e-01	-1.33629346e+00
2.15148841e-01	-1.35919104e+00
2.15482405e-01	-1.39159343e+00
2.15815970e-01	-1.43311957e+00
2.16149534e-01	-1.48228069e+00
2.16483098e-01	-1.53662567e+00
2.16816662e-01	-1.59306099e+00
2.17150226e-01	-1.64829350e+00
2.17483790e-01	-1.69931070e+00
2.17817354e-01	-1.74379870e+00
2.18150918e-01	-1.78041118e+00
2.18484482e-01	-1.80884139e+00
2.18818046e-01	-1.82970363e+00
2.19151611e-01	-1.84428240e+00
2.19485175e-01	-1.85423667e+00
2.19818739e-01	-1.86133986e+00
2.20152303e-01	-1.86730089e+00
2.20485867e-01	-1.87366601e+00
2.20819431e-01	-1.88176494e+00
2.21152995e-01	-1.89265212e+00
2.21486559e-01	-1.90700949e+00
2.21820123e-01	-1.92501526e+00
2.22153687e-01	-1.94622226e+00
2.22487251e-01	-1.96950805e+00
2.22820816e-01	-1.99314444e+00
2.23154380e-01	-2.01499712e+00
2.23487944e-01	-2.03282119e+00
2.23821508e-01	-2.04458622e+00
2.24155072e-01	-2.04875568e+00
2.24488636e-01	-2.04446545e+00
2.24822200e-01	-2.03158272e+00
2.25155764e-01	-2.01066312e+00
2.25489328e-01	-1.98284276e+00
2.25822892e-01	-1.94970114e+00
2.26156457e-01	-1.91311547e+00
2.26490021e-01	-1.87510747e+00
2.26823585e-01	-1.83767196e+00
2.27157149e-01	-1.80258142e+00
2.27490713e-01	-1.77118121e+00
2.27824277e-01	-1.74421275e+00
2.28157841e-01	-1.72171305e+00
2.28491405e-01	-1.70303062e+00
2.28824969e-01	-1.68697215e+00
2.29158533e-01	-1.67205815e+00
2.29492097e-01	-1.65683208e+00
2.29825662e-01	-1.64015068e+00
2.30159226e-01	-1.62139005e+00
2.30492790e-01	-1.60052707e+00
2.30826354e-01	-1.57808560e+00
2.31159918e-01	-1.55496322e+00
2.31493482e-01	-1.53217306e+00
2.31827046e-01	-1.51054795e+00
2.32160610e-01	-1.49046036e+00
2.32494174e-01	-1.47161462e+00
2.32827738e-01	-1.45296569e+00
2.33161303e-01	-1.43280671e+00
2.33494867e-01	-1.40903867e+00
2.33828431e-01	-1.37959128e+00
2.34161995e-01	-1.34291525e+00
2.34495559e-01	-1.29842979e+00
2.34829123e-01	-1.24679929e+00
2.35162687e-01	-1.18994076e+00
2.35496251e-01	-1.13072775e+00
2.35829815e-01	-1.07243911e+00
2.36163379e-01	-1.01807485e+00
2.36496943e-01	-9.69703874e-01
2.36830508e-01	-9.28004461e-01
2.37164072e-01	-8.92110433e-01
2.37497636e-01	-8.59795638e-01
2.37831200e-01	-8.27942855e-01
2.38164764e-01	-7.93177019e-01
2.38498328e-01	-7.52514865e-01
2.38831892e-01	-7.03895517e-01
2.39165456e-01	-6.46498826e-01
2.39499020e-01	-5.80815031e-01
2.39832584e-01	-5.08484671e-01
2.40166149e-01	-4.31967155e-01
2.40499713e-01	-3.54113032e-01
2.40833277e-01	-2.77712620e-01
2.41166841e-01	-2.05082583e-01
2.41500405e-01	-1.37739888e-01
2.41833969e-01	-7.62014297e-02
2.42167533e-01	-1.99362268e-02
2.42501097e-01	3.25173662e-02
2.42834661e-01	8.32779065e-02
2.43168225e-01	1.34727314e-01
2.43501789e-01	1.89064111e-01
2.43835354e-01	2.47890327e-01
2.44168918e-01	3.11919127e-01
2.44502482e-01	3.80866217e-01
2.44836046e-01	4.53545112e-01
2.45169610e-01	5.28136388e-01
2.45503174e-01	6.02559793e-01
2.45836738e-01	6.74858498e-01
2.46170302e-01	7.43512194e-01
2.46503866e-01	8.07624738e-01
2.46837430e-01	8.66969643e-01
2.47170995e-01	9.21909785e-01
2.47504559e-01	9.73228482e-01
2.47838123e-01	1.02191671e+00
2.48171687e-01	1.06895896e+00
2.48505251e-01	1.11515300e+00
2.48838815e-01	1.16098984e+00
2.49172379e-01	1.20660913e+00
2.49505943e-01	1.25183285e+00
2.49839507e-01	1.29626584e+00
2.50173071e-01	1.33943883e+00
2.50506635e-01	1.38095930e+00
2.50840200e-01	1.42063253e+00
2.51173764e-01	1.45852083e+00
2.51507328e-01	1.49492548e+00
2.51840892e-01	1.53029651e+00
2.52174456e-01	1.56509572e+00
2.52508020e-01	1.59965049e+00
2.52841584e-01	1.63403894e+00
2.53175148e-01	1.66803874e+00
2.53508712e-01	1.70115296e+00
2.53842276e-01	1.73270306e+00
2.54175841e-01	1.76196052e+00
2.54509405e-01	1.78827983e+00
2.54842969e-01	1.81119949e+00
2.55176533e-01	1.83049032e+00
2.55510097e-01	1.84615056e+00
2.55843661e-01	1.85836484e+00
2.56177225e-01	1.86745398e+00
2.56510789e-01	1.87383907e+00
2.56844353e-01	1.87803048e+00
2.57177917e-01	1.88063581e+00
2.57511481e-01	1.88236657e+00
2.57845046e-01	1.88401928e+00
2.58178610e-01	1.88641522e+00
2.58512174e-01	1.89030038e+00
2.58845738e-01	1.89622412e+00
2.59179302e-01	1.90442496e+00
2.59512866e-01	1.91475152e+00
2.59846430e-01	1.92663751e+00
2.60179994e-01	1.93913624e+00
2.60513558e-01	1.95100940e+00
2.60847122e-01	1.96085904e+00
2.61180687e-01	1.96729002e+00
2.61514251e-01	1.96908862e+00
2.61847815e-01	1.96539919e+00
2.62181379e-01	1.95587462e+00
2.62514943e-01	1.94077041e+00
2.62848507e-01	1.92095322e+00
2.63182071e-01	1.89780545e+00
2.63515635e-01	1.87302932e+00
2.63849199e-01	1.84838099e+00
2.64182763e-01	1.82538912e+00
2.64516327e-01	1.80512410e+00
2.64849892e-01	1.78807637e+00
2.65183456e-01	1.77417501e+00
2.65517020e-01	1.76293689e+00
2.65850584e-01	1.75369573e+00
2.66184148e-01	1.74583462e+00
2.66517712e-01	1.73894496e+00
2.66851276e-01	1.73286024e+00
2.67184840e-01	1.72755498e+00
2.67518404e-01	1.72294596e+00
2.67851968e-01	1.71866834e+00
2.68185533e-01	1.71391045e+00
2.68519097e-01	1.70737186e+00
2.68852661e-01	1.69736910e+00
2.69186225e-01	1.68206664e+00
2.69519789e-01	1.65977584e+00
2.69853353e-01	1.62925007e+00
2.70186917e-01	1.58991390e+00
2.70520481e-01	1.54199056e+00
2.70854045e-01	1.48652277e+00
2.71187609e-01	1.42530477e+00
2.71521173e-01	1.36075036e+00
2.71854738e-01	1.29571424e+00
2.72188302e-01	1.23326985e+00
2.72521866e-01	1.17643988e+00
2.72855430e-01	1.12788254e+00
2.73188994e-01	1.08955950e+00
2.73522558e-01	1.06244064e+00
2.73856122e-01	1.04631891e+00
2.74189686e-01	1.03980304e+00
2.74523250e-01	1.04052170e+00
2.74856814e-01	1.04551900e+00
2.75190379e-01	1.05176461e+00
2.75523943e-01	1.05666241e+00
2.75857507e-01	1.05843506e+00
2.76191071e-01	1.05629409e+00
2.76524635e-01	1.05036515e+00
2.76858199e-01	1.04140615e+00
2.77191763e-01	1.03040973e+00
2.77525327e-01	1.01820545e+00
2.77858891e-01	1.00516683e+00
2.78192455e-01	9.91088864e-01
2.78526019e-01	9.75248939e-01
2.78859584e-01	9.56613801e-01
2.79193148e-01	9.34122263e-01
2.79526712e-01	9.06965095e-01
2.79860276e-01	8.74797683e-01
2.80193840e-01	8.37849222e-01
2.80527404e-01	7.96923088e-01
2.80860968e-01	7.53307210e-01
2.81194532e-01	7.08625152e-01
2.81528096e-01	6.64657814e-01
2.81861660e-01	6.23156838e-01
2.82195225e-01	5.85661309e-01
2.82528789e-01	5.53326005e-01
2.82862353e-01	5.26774839e-01
2.83195917e-01	5.06003343e-01
2.83529481e-01	4.90360416e-01
2.83863045e-01	4.78634599e-01
2.84196609e-01	4.69251885e-01
2.84530173e-01	4.60564024e-01
2.84863737e-01	4.51176270e-01
2.85197301e-01	4.40242407e-01
2.85530865e-01	4.27653242e-01
2.85864430e-01	4.14066392e-01
2.86197994e-01	4.00763632e-01
2.86531558e-01	3.89364614e-01
2.86865122e-01	3.81460570e-01
2.87198686e-01	3.78250916e-01
2.87532250e-01	3.80264481e-01
2.87865814e-01	3.87225550e-01
2.88199378e-01	3.98089307e-01
2.88532942e-01	4.11231621e-01
2.88866506e-01	4.24744002e-01
2.89200071e-01	4.36762593e-01
2.89533635e-01	4.45755312e-01
2.89867199e-01	4.50705171e-01
2.90200763e-01	4.51156900e-01
2.90534327e-01	4.47130830e-01
2.90867891e-01	4.38942955e-01
2.91201455e-01	4.26993888e-01
2.91535019e-01	4.11594961e-01
2.91868583e-01	3.92884687e-01
2.92202147e-01	3.70857331e-01
2.92535711e-01	3.45487198e-01
2.92869276e-01	3.16900181e-01
2.93202840e-01	2.85528552e-01
2.93536404e-01	2.52190384e-01
2.93869968e-01	2.18059028e-01
2.94203532e-01	1.84522927e-01
2.94537096e-01	1.52969944e-01
2.94870660e-01	1.24551682e-01
2.95204224e-01	9.99858464e-02
2.95537788e-01	7.94400582e-02
2.95871352e-01	6.25156588e-02
2.96204917e-01	4.83236574e-02
2.96538481e-01	3.56254860e-02
2.96872045e-01	2.30036272e-02
2.97205609e-01	9.03074948e-03
2.97539173e-01	-7.58443831e-03
2.97872737e-01	-2.78864853e-02
2.98206301e-01	-5.26028740e-02
2.98539865e-01	-8.21164635e-02
2.98873429e-01	-1.16481400e-01
2.99206993e-01	-1.55478695e-01
2.99540557e-01	-1.98699214e-01
2.99874122e-01	-2.45632830e-01
3.00207686e-01	-2.95738260e-01
3.00541250e-01	-3.48472390e-01
3.00874814e-01	-4.03271399e-01
3.01208378e-01	-4.59495747e-01
3.01541942e-01	-5.16370059e-01
3.01875506e-01	-5.72957928e-01
3.02209070e-01	-6.28204179e-01
3.02542634e-01	-6.81053726e-01
3.02876198e-01	-7.30625377e-01
3.03209763e-01	-7.76393193e-01
3.03543327e-01	-8.18318028e-01
3.03876891e-01	-8.56881913e-01
3.04210455e-01	-8.93004922e-01
3.04544019e-01	-9.27858646e-01
3.04877583e-01	-9.62620132e-01
3.05211147e-01	-9.98225428e-01
3.05544711e-01	-1.03517979e+00
3.05878275e-01	-1.07346542e+00
3.06211839e-01	-1.11256350e+00
3.06545403e-01	-1.15158234e+00
3.06878968e-01	-1.18946210e+00
3.07212532e-01	-1.22521297e+00
3.07546096e-01	-1.25813777e+00
3.07879660e-01	-1.28799317e+00
3.08213224e-01	-1.31505545e+00
3.08546788e-01	-1.34007632e+00
3.08880352e-01	-1.36413798e+00
3.09213916e-01	-1.38843867e+00
3.09547480e-01	-1.41405566e+00
3.09881044e-01	-1.44173661e+00
3.10214609e-01	-1.47176182e+00
3.10548173e-01	-1.50390043e+00
3.10881737e-01	-1.53745940e+00
3.11215301e-01	-1.57140177e+00
3.11548865e-01	-1.60449740e+00
3.11882429e-01	-1.63546858e+00
3.12215993e-01	-1.66310384e+00
3.12549557e-01	-1.68633169e+00
3.12883121e-01	-1.70426453e+00
3.13216685e-01	-1.71623457e+00
3.13550249e-01	-1.72184395e+00
3.13883814e-01	-1.72103829e+00
3.14217378e-01	-1.71419245e+00
3.14550942e-01	-1.70217731e+00
3.14884506e-01	-1.68636826e+00
3.15218070e-01	-1.66856518e+00
3.15551634e-01	-1.65081892e+00
3.15885198e-01	-1.63518961e+00
3.16218762e-01	-1.62348798e+00
3.16552326e-01	-1.61705817e+00
3.16885890e-01	-1.61664749e+00
3.17219455e-01	-1.62237891e+00
3.17553019e-01	-1.63380945e+00
3.17886583e-01	-1.65003668e+00
3.18220147e-01	-1.66981425e+00
3.18553711e-01	-1.69165487e+00
3.18887275e-01	-1.71392418e+00
3.19220839e-01	-1.73494807e+00
3.19554403e-01	-1.75315548e+00
3.19887967e-01	-1.76725949e+00
3.20221531e-01	-1.77644867e+00
3.20555095e-01	-1.78053461e+00
3.20888660e-01	-1.77999445e+00
3.21222224e-01	-1.77586739e+00
3.21555788e-01	-1.76950594e+00
3.21889352e-01	-1.76223181e+00
3.22222916e-01	-1.75498264e+00
3.22556480e-01	-1.74804701e+00
3.22890044e-01	-1.74096353e+00
3.23223608e-01	-1.73261431e+00
3.23557172e-01	-1.72148822e+00
3.23890736e-01	-1.70604527e+00
3.24224301e-01	-1.68509147e+00
3.24557865e-01	-1.65807769e+00
3.24891429e-01	-1.62526086e+00
3.25224993e-01	-1.58770192e+00
3.25558557e-01	-1.54711077e+00
3.25892121e-01	-1.50557599e+00
3.26225685e-01	-1.46523331e+00
3.26559249e-01	-1.42793178e+00
3.26892813e-01	-1.39495238e+00
3.27226377e-01	-1.36682307e+00
3.27559941e-01	-1.34325852e+00
3.27893506e-01	-1.32323333e+00
3.28227070e-01	-1.30517663e+00
3.28560634e-01	-1.28725449e+00
3.28894198e-01	-1.26768989e+00
3.29227762e-01	-1.24506068e+00
3.29561326e-01	-1.21851855e+00
3.29894890e-01	-1.18788618e+00
3.30228454e-01	-1.15361477e+00
3.30562018e-01	-1.11661477e+00
3.30895582e-01	-1.07800160e+00
3.31229147e-01	-1.03881800e+00
3.31562711e-01	-9.99800608e-01
3.31896275e-01	-9.61246169e-01
3.32229839e-01	-9.23006302e-01
3.32563403e-01	-8.84604661e-01
3.32896967e-01	-8.45438387e-01
3.33230531e-01	-8.05006195e-01
3.33564095e-01	-7.63102765e-01
3.33897659e-01	-7.18556736e-01
