-8.00553828e-03	-0.00000000e+00
-7.67197419e-03	1.84484022e-04
-7.33841009e-03	5.92849503e-04
-7.00484600e-03	1.55413436e-03
-6.67128190e-03	3.72830410e-03
-6.33771781e-03	8.47462813e-03
-6.00415371e-03	1.84279886e-02
-5.67058962e-03	3.84818835e-02
-5.33702552e-03	7.73807764e-02
-5.00346143e-03	1.49967393e-01
-4.66989733e-03	2.80234772e-01
-4.33633324e-03	5.05183765e-01
-4.00276914e-03	8.78927862e-01
-3.66920505e-03	1.47638518e+00
-3.33564095e-03	2.39547076e+00
-3.00207686e-03	3.75612126e+00
-2.66851276e-03	5.69489550e+00
-2.33494867e-03	8.35419959e+00
-2.00138457e-03	1.18660628e+01
-1.66782048e-03	1.63321917e+01
-1.33425638e-03	2.18031517e+01
-1.00069229e-03	2.82607533e+01
-6.67128190e-04	3.56080096e+01
-3.33564095e-04	4.36696718e+01
1.85165269e-18	5.22046240e+01
3.33564095e-04	6.09284976e+01
6.67128190e-04	6.95423856e+01
1.00069229e-03	7.77622913e+01
1.33425638e-03	8.53436012e+01
1.66782048e-03	9.20966716e+01
2.00138457e-03	9.78919104e+01
2.33494867e-03	1.02655334e+02
2.66851276e-03	1.06357822e+02
3.00207686e-03	1.09001875e+02
3.33564095e-03	1.10609637e+02
3.66920505e-03	1.11214578e+02
4.00276914e-03	1.10857602e+02
4.33633324e-03	1.09587107e+02
4.66989733e-03	1.07461306e+02
5.00346143e-03	1.04551124e+02
5.33702552e-03	1.00942051e+02
5.67058962e-03	9.67340084e+01
6.00415371e-03	9.20390432e+01
6.33771781e-03	8.69771076e+01
6.67128190e-03	8.16707518e+01
7.00484600e-03	7.62395129e+01
7.33841009e-03	7.07947940e+01
7.67197419e-03	6.54358017e+01
8.00553828e-03	6.02467410e+01
8.33910238e-03	5.52953620e+01
8.67266648e-03	5.06326266e+01
9.00623057e-03	4.62932854e+01
9.33979467e-03	4.22970923e+01
9.67335876e-03	3.86503998e+01
1.00069229e-02	3.53480009e+01
1.03404870e-02	3.23750176e+01
1.06740510e-02	2.97088096e+01
1.10076151e-02	2.73208308e+01
1.13411792e-02	2.51784212e+01
1.16747433e-02	2.32465539e+01
1.20083074e-02	2.14894946e+01
1.23418715e-02	1.98723602e+01
1.26754356e-02	1.83624540e+01
1.30089997e-02	1.69302998e+01
1.33425638e-02	1.55503046e+01
1.36761279e-02	1.42010524e+01
1.40096920e-02	1.28653490e+01
1.43432561e-02	1.15301831e+01
1.46768202e-02	1.01868369e+01
1.50103843e-02	8.83128884e+00
1.53439484e-02	7.46495517e+00
1.56775125e-02	6.09564060e+00
1.60110766e-02	4.73842518e+00
1.63446407e-02	3.41612798e+00
1.66782048e-02	2.15898562e+00
1.70117689e-02	1.00334168e+00
1.73453330e-02	-1.06782626e-02
1.76788970e-02	-8.42272428e-01
1.80124611e-02	-1.45345846e+00
1.83460252e-02	-1.81250983e+00
1.86795893e-02	-1.89697915e+00
1.90131534e-02	-1.69615036e+00
1.93467175e-02	-1.21295408e+00
1.96802816e-02	-4.65502099e-01
2.00138457e-02	5.11681619e-01
2.03474098e-02	1.66685785e+00
2.06809739e-02	2.93113898e+00
2.10145380e-02	4.22007241e+00
2.13481021e-02	5.43741134e+00
2.16816662e-02	6.48146227e+00
2.20152303e-02	7.25384132e+00
2.23487944e-02	7.66978912e+00
2.26823585e-02	7.66853036e+00
2.30159226e-02	7.22182559e+00
2.33494867e-02	6.33889139e+00
2.36830508e-02	5.06637834e+00
2.40166149e-02	3.48298246e+00
2.43501789e-02	1.68934782e+00
2.46837430e-02	-2.05078436e-01
2.50173071e-02	-2.09589896e+00
2.53508712e-02	-3.89578472e+00
2.56844353e-02	-5.54252516e+00
2.60179994e-02	-7.00186019e+00
2.63515635e-02	-8.26506108e+00
2.66851276e-02	-9.34240792e+00
2.70186917e-02	-1.02545845e+01
2.73522558e-02	-1.10243187e+01
2.76858199e-02	-1.16702404e+01
2.80193840e-02	-1.22040531e+01
2.83529481e-02	-1.26309857e+01
2.86865122e-02	-1.29525152e+01
2.90200763e-02	-1.31698245e+01
2.93536404e-02	-1.32865495e+01
2.96872045e-02	-1.33099374e+01
3.00207686e-02	-1.32503528e+01
3.03543327e-02	-1.31197619e+01
3.06878968e-02	-1.29301131e+01
3.10214609e-02	-1.26923928e+01
3.13550249e-02	-1.24166621e+01
3.16885890e-02	-1.21128534e+01
3.20221531e-02	-1.17917455e+01
3.23557172e-02	-1.14655137e+01
3.26892813e-02	-1.11475084e+01
3.30228454e-02	-1.08512942e+01
3.33564095e-02	-1.05893056e+01
3.36899736e-02	-1.03715910e+01
3.40235377e-02	-1.02050253e+01
3.43571018e-02	-1.00931294e+01
3.46906659e-02	-1.00363941e+01
3.50242300e-02	-1.00328553e+01
3.53577941e-02	-1.00786516e+01
3.56913582e-02	-1.01684011e+01
3.60249223e-02	-1.02953755e+01
3.63584864e-02	-1.04515648e+01
3.66920505e-02	-1.06277789e+01
3.70256146e-02	-1.08139148e+01
3.73591787e-02	-1.09994408e+01
3.76927428e-02	-1.11740608e+01
3.80263069e-02	-1.13284509e+01
3.83598709e-02	-1.14549192e+01
3.86934350e-02	-1.15478496e+01
3.90269991e-02	-1.16038512e+01
3.93605632e-02	-1.16216217e+01
3.96941273e-02	-1.16015938e+01
4.00276914e-02	-1.15454777e+01
4.03612555e-02	-1.14557956e+01
4.06948196e-02	-1.13354649e+01
4.10283837e-02	-1.11874239e+01
4.13619478e-02	-1.10142720e+01
4.16955119e-02	-1.08179167e+01
4.20290760e-02	-1.05992646e+01
4.23626401e-02	-1.03580231e+01
4.26962042e-02	-1.00926803e+01
4.30297683e-02	-9.80068756e+00
4.33633324e-02	-9.47880686e+00
4.36968965e-02	-9.12354077e+00
4.40304606e-02	-8.73154788e+00
4.43640247e-02	-8.29998112e+00
4.46975888e-02	-7.82673740e+00
4.50311529e-02	-7.31065296e+00
4.53647169e-02	-6.75168705e+00
4.56982810e-02	-6.15111800e+00
4.60318451e-02	-5.51174395e+00
4.63654092e-02	-4.83804792e+00
4.66989733e-02	-4.13626055e+00
4.70325374e-02	-3.41425243e+00
4.73661015e-02	-2.68121704e+00
4.76996656e-02	-1.94714126e+00
4.80332297e-02	-1.22210746e+00
4.83667938e-02	-5.15526229e-01
4.87003579e-02	1.64561164e-01
4.90339220e-02	8.11983204e-01
4.93674861e-02	1.42265710e+00
4.97010502e-02	1.99450098e+00
5.00346143e-02	2.52708329e+00
5.03681784e-02	3.02111325e+00
5.07017425e-02	3.47789618e+00
5.10353066e-02	3.89885633e+00
5.13688707e-02	4.28519192e+00
5.17024348e-02	4.63768396e+00
5.20359989e-02	4.95664740e+00
5.23695629e-02	5.24199347e+00
5.27031270e-02	5.49336657e+00
5.30366911e-02	5.71031747e+00
5.33702552e-02	5.89248284e+00
5.37038193e-02	6.03975761e+00
5.40373834e-02	6.15245959e+00
5.43709475e-02	6.23148995e+00
5.47045116e-02	6.27849123e+00
5.50380757e-02	6.29599586e+00
5.53716398e-02	6.28753903e+00
5.57052039e-02	6.25769145e+00
5.60387680e-02	6.21196389e+00
5.63723321e-02	6.15655103e+00
5.67058962e-02	6.09791243e+00
5.70394603e-02	6.04222328e+00
5.73730244e-02	5.99475655e+00
5.77065885e-02	5.95927529e+00
5.80401526e-02	5.93752004e+00
5.83737167e-02	5.92887031e+00
5.87072808e-02	5.93024161e+00
5.90408449e-02	5.93625501e+00
5.93744089e-02	5.93969214e+00
5.97079730e-02	5.93221468e+00
6.00415371e-02	5.90528135e+00
6.03751012e-02	5.85114897e+00
6.07086653e-02	5.76381832e+00
6.10422294e-02	5.63979422e+00
6.13757935e-02	5.47856606e+00
6.17093576e-02	5.28276599e+00
6.20429217e-02	5.05800608e+00
6.23764858e-02	4.81243031e+00
6.27100499e-02	4.55603623e+00
6.30436140e-02	4.29982356e+00
6.33771781e-02	4.05482539e+00
6.37107422e-02	3.83109218e+00
6.40443063e-02	3.63672999e+00
6.43778704e-02	3.47711492e+00
6.47114345e-02	3.35440378e+00
6.50449986e-02	3.26743020e+00
6.53785627e-02	3.21202032e+00
6.57121268e-02	3.18168330e+00
6.60456908e-02	3.16855853e+00
6.63792549e-02	3.16445907e+00
6.67128190e-02	3.16184539e+00
6.70463831e-02	3.15458950e+00
6.73799472e-02	3.13843968e+00
6.77135113e-02	3.11115946e+00
6.80470754e-02	3.07237070e+00
6.83806395e-02	3.02317434e+00
6.87142036e-02	2.96564278e+00
6.90477677e-02	2.90227876e+00
6.93813318e-02	2.83551976e+00
6.97148959e-02	2.76734826e+00
7.00484600e-02	2.69904289e+00
7.03820241e-02	2.63107481e+00
7.07155882e-02	2.56312862e+00
7.10491523e-02	2.49421363e+00
7.13827164e-02	2.42282940e+00
7.17162805e-02	2.34714998e+00
7.20498446e-02	2.26520068e+00
7.23834087e-02	2.17501372e+00
7.27169728e-02	2.07476103e+00
7.30505368e-02	1.96287053e+00
7.33841009e-02	1.83813294e+00
7.37176650e-02	1.69979970e+00
7.40512291e-02	1.54766275e+00
7.43847932e-02	1.38210740e+00
7.47183573e-02	1.20413509e+00
7.50519214e-02	1.01535925e+00
7.53854855e-02	8.17975818e-01
7.57190496e-02	6.14707367e-01
7.60526137e-02	4.08717398e-01
7.63861778e-02	2.03482719e-01
7.67197419e-02	2.60167710e-03
7.70533060e-02	-1.90481776e-01
7.73868701e-02	-3.72828694e-01
7.77204342e-02	-5.42386434e-01
7.80539983e-02	-6.98332350e-01
7.83875624e-02	-8.41304987e-01
7.87211265e-02	-9.73451338e-01
7.90546906e-02	-1.09824465e+00
7.93882547e-02	-1.22007792e+00
7.97218188e-02	-1.34368897e+00
8.00553828e-02	-1.47350700e+00
8.03889469e-02	-1.61302283e+00
8.07225110e-02	-1.76428949e+00
8.10560751e-02	-1.92764439e+00
8.13896392e-02	-2.10171040e+00
8.17232033e-02	-2.28368809e+00
8.20567674e-02	-2.46990463e+00
8.23903315e-02	-2.65653901e+00
8.27238956e-02	-2.84039382e+00
8.30574597e-02	-3.01955346e+00
8.33910238e-02	-3.19376882e+00
8.37245879e-02	-3.36445372e+00
8.40581520e-02	-3.53425744e+00
8.43917161e-02	-3.70628067e+00
8.47252802e-02	-3.88310727e+00
8.50588443e-02	-4.06589216e+00
8.53924084e-02	-4.25375484e+00
8.57259725e-02	-4.44366157e+00
8.60595366e-02	-4.63085366e+00
8.63931007e-02	-4.80972418e+00
8.67266648e-02	-4.97491146e+00
8.70602288e-02	-5.12231844e+00
8.73937929e-02	-5.24979247e+00
8.77273570e-02	-5.35730906e+00
8.80609211e-02	-5.44665528e+00
8.83944852e-02	-5.52076145e+00
8.87280493e-02	-5.58292158e+00
8.90616134e-02	-5.63613811e+00
8.93951775e-02	-5.68274908e+00
8.97287416e-02	-5.72437044e+00
9.00623057e-02	-5.76207205e+00
9.03958698e-02	-5.79663186e+00
9.07294339e-02	-5.82871179e+00
9.10629980e-02	-5.85887122e+00
9.13965621e-02	-5.88742579e+00
9.17301262e-02	-5.91424813e+00
9.20636903e-02	-5.93864060e+00
9.23972544e-02	-5.95939076e+00
9.27308185e-02	-5.97504597e+00
9.30643826e-02	-5.98433683e+00
9.33979467e-02	-5.98661092e+00
9.37315108e-02	-5.98211265e+00
9.40650748e-02	-5.97199289e+00
9.43986389e-02	-5.95801925e+00
9.47322030e-02	-5.94206312e+00
9.50657671e-02	-5.92553511e+00
9.53993312e-02	-5.90895403e+00
9.57328953e-02	-5.89179349e+00
9.60664594e-02	-5.87264949e+00
9.64000235e-02	-5.84966609e+00
9.67335876e-02	-5.82107793e+00
9.70671517e-02	-5.78569035e+00
9.74007158e-02	-5.74316362e+00
9.77342799e-02	-5.69404359e+00
9.80678440e-02	-5.63956938e+00
9.84014081e-02	-5.58135209e+00
9.87349722e-02	-5.52103231e+00
9.90685363e-02	-5.46000778e+00
9.94021004e-02	-5.39926448e+00
9.97356645e-02	-5.33929958e+00
1.00069229e-01	-5.28010686e+00
1.00402793e-01	-5.22119904e+00
1.00736357e-01	-5.16166336e+00
1.01069921e-01	-5.10026027e+00
1.01403485e-01	-5.03557814e+00
1.01737049e-01	-4.96623132e+00
1.02070613e-01	-4.89105709e+00
1.02404177e-01	-4.80925392e+00
1.02737741e-01	-4.72042162e+00
1.03071305e-01	-4.62450869e+00
1.03404870e-01	-4.52171047e+00
1.03738434e-01	-4.41239342e+00
1.04071998e-01	-4.29710625e+00
1.04405562e-01	-4.17667829e+00
1.04739126e-01	-4.05234140e+00
1.05072690e-01	-3.92576332e+00
1.05406254e-01	-3.79890601e+00
1.05739818e-01	-3.67369234e+00
1.06073382e-01	-3.55155443e+00
1.06406946e-01	-3.43303250e+00
1.06740510e-01	-3.31759577e+00
1.07074075e-01	-3.20378610e+00
1.07407639e-01	-3.08966224e+00
1.07741203e-01	-2.97338761e+00
1.08074767e-01	-2.85375204e+00
1.08408331e-01	-2.73043348e+00
1.08741895e-01	-2.60390888e+00
1.09075459e-01	-2.47508540e+00
1.09409023e-01	-2.34482389e+00
1.09742587e-01	-2.21355984e+00
1.10076151e-01	-2.08116171e+00
1.10409716e-01	-1.94703612e+00
1.10743280e-01	-1.81038868e+00
1.11076844e-01	-1.67049434e+00
1.11410408e-01	-1.52686264e+00
1.11743972e-01	-1.37927106e+00
1.12077536e-01	-1.22771564e+00
1.12411100e-01	-1.07236823e+00
1.12744664e-01	-9.13599977e-01
1.13078228e-01	-7.52056647e-01
1.13411792e-01	-5.88710836e-01
1.13745356e-01	-4.24805496e-01
1.14078921e-01	-2.61663870e-01
1.14412485e-01	-1.00421987e-01
1.14746049e-01	5.81999914e-02
1.15079613e-01	2.13971269e-01
1.15413177e-01	3.67027790e-01
1.15746741e-01	5.17610522e-01
1.16080305e-01	6.65802715e-01
1.16413869e-01	8.11413975e-01
1.16747433e-01	9.54076010e-01
1.17080997e-01	1.09350396e+00
1.17414562e-01	1.22978609e+00
1.17748126e-01	1.36354295e+00
1.18081690e-01	1.49586810e+00
1.18415254e-01	1.62807068e+00
1.18748818e-01	1.76133809e+00
1.19082382e-01	1.89646866e+00
1.19415946e-01	2.03376563e+00
1.19749510e-01	2.17308604e+00
1.20083074e-01	2.31396364e+00
1.20416638e-01	2.45570788e+00
1.20750202e-01	2.59742982e+00
1.21083767e-01	2.73802426e+00
1.21417331e-01	2.87619355e+00
1.21750895e-01	3.01058420e+00
1.22084459e-01	3.14003263e+00
1.22418023e-01	3.26383338e+00
1.22751587e-01	3.38189928e+00
1.23085151e-01	3.49471534e+00
1.23418715e-01	3.60308265e+00
1.23752279e-01	3.70775031e+00
1.24085843e-01	3.80909080e+00
1.24419408e-01	3.90694953e+00
1.24752972e-01	4.00070826e+00
1.25086536e-01	4.08950641e+00
1.25420100e-01	4.17250529e+00
1.25753664e-01	4.24908314e+00
1.26087228e-01	4.31891634e+00
1.26420792e-01	4.38198172e+00
1.26754356e-01	4.43854957e+00
1.27087920e-01	4.48921278e+00
1.27421484e-01	4.53494191e+00
1.27755048e-01	4.57710885e+00
1.28088613e-01	4.61740952e+00
1.28422177e-01	4.65765667e+00
1.28755741e-01	4.69948973e+00
1.29089305e-01	4.74410184e+00
1.29422869e-01	4.79208614e+00
1.29756433e-01	4.84345299e+00
1.30089997e-01	4.89778604e+00
1.30423561e-01	4.95444578e+00
1.30757125e-01	5.01272913e+00
1.31090689e-01	5.07193478e+00
1.31424254e-01	5.13134232e+00
1.31757818e-01	5.19015982e+00
1.32091382e-01	5.24749962e+00
1.32424946e-01	5.30241002e+00
1.32758510e-01	5.35394512e+00
1.33092074e-01	5.40122712e+00
1.33425638e-01	5.44347070e+00
1.33759202e-01	5.47997897e+00
1.34092766e-01	5.51014898e+00
1.34426330e-01	5.53352746e+00
1.34759894e-01	5.54992886e+00
1.35093459e-01	5.55957857e+00
1.35427023e-01	5.56320704e+00
1.35760587e-01	5.56202002e+00
1.36094151e-01	5.55751509e+00
1.36427715e-01	5.55118513e+00
1.36761279e-01	5.54420287e+00
1.37094843e-01	5.53719034e+00
1.37428407e-01	5.53014638e+00
1.37761971e-01	5.52254406e+00
1.38095535e-01	5.51354606e+00
1.38429100e-01	5.50225380e+00
1.38762664e-01	5.48791266e+00
1.39096228e-01	5.47002515e+00
1.39429792e-01	5.44836629e+00
1.39763356e-01	5.42292800e+00
1.40096920e-01	5.39382959e+00
1.40430484e-01	5.36122662e+00
1.40764048e-01	5.32523775e+00
1.41097612e-01	5.28589485e+00
1.41431176e-01	5.24311320e+00
1.41764740e-01	5.19667648e+00
1.42098305e-01	5.14623577e+00
1.42431869e-01	5.09132882e+00
1.42765433e-01	5.03142817e+00
1.43098997e-01	4.96601812e+00
1.43432561e-01	4.89468773e+00
1.43766125e-01	4.81721387e+00
1.44099689e-01	4.73360238e+00
1.44433253e-01	4.64406757e+00
1.44766817e-01	4.54895709e+00
1.45100381e-01	4.44865674e+00
1.45433946e-01	4.34352264e+00
1.45767510e-01	4.23387753e+00
1.46101074e-01	4.12007500e+00
1.46434638e-01	4.00259931e+00
1.46768202e-01	3.88214660e+00
1.47101766e-01	3.75963413e+00
1.47435330e-01	3.63611304e+00
1.47768894e-01	3.51260939e+00
1.48102458e-01	3.38995939e+00
1.48436022e-01	3.26871318e+00
1.48769586e-01	3.14915209e+00
1.49103151e-01	3.03140993e+00
1.49436715e-01	2.91563688e+00
1.49770279e-01	2.80212350e+00
1.50103843e-01	2.69132497e+00
1.50437407e-01	2.58377481e+00
1.50770971e-01	2.47992589e+00
1.51104535e-01	2.37998344e+00
1.51438099e-01	2.28379289e+00
1.51771663e-01	2.19082109e+00
1.52105227e-01	2.10023327e+00
1.52438792e-01	2.01103645e+00
1.52772356e-01	1.92224462e+00
1.53105920e-01	1.83302514e+00
1.53439484e-01	1.74280479e+00
1.53773048e-01	1.65133462e+00
1.54106612e-01	1.55872220e+00
1.54440176e-01	1.46543495e+00
1.54773740e-01	1.37226883e+00
1.55107304e-01	1.28027161e+00
1.55440868e-01	1.19061496e+00
1.55774432e-01	1.10442271e+00
1.56107997e-01	1.02257889e+00
1.56441561e-01	9.45552744e-01
1.56775125e-01	8.73283371e-01
1.57108689e-01	8.05160308e-01
1.57442253e-01	7.40115093e-01
1.57775817e-01	6.76806673e-01
1.58109381e-01	6.13856479e-01
1.58442945e-01	5.50078115e-01
1.58776509e-01	4.84652384e-01
1.59110073e-01	4.17216112e-01
1.59443638e-01	3.47858754e-01
1.59777202e-01	2.77046281e-01
1.60110766e-01	2.05506182e-01
1.60444330e-01	1.34105130e-01
1.60777894e-01	6.37374855e-02
1.61111458e-01	-4.77078650e-03
1.61445022e-01	-7.07448032e-02
1.61778586e-01	-1.33732425e-01
1.62112150e-01	-1.93565871e-01
1.62445714e-01	-2.50411418e-01
1.62779278e-01	-3.04798356e-01
1.63112843e-01	-3.57609887e-01
1.63446407e-01	-4.10018019e-01
1.63779971e-01	-4.63357762e-01
1.64113535e-01	-5.18957925e-01
1.64447099e-01	-5.77963044e-01
1.64780663e-01	-6.41183910e-01
1.65114227e-01	-7.09004994e-01
1.65447791e-01	-7.81364177e-01
1.65781355e-01	-8.57806321e-01
1.66114919e-01	-9.37595214e-01
1.66448484e-01	-1.01985296e+00
1.66782048e-01	-1.10369301e+00
1.67115612e-01	-1.18832404e+00
1.67449176e-01	-1.27311546e+00
1.67782740e-01	-1.35762323e+00
1.68116304e-01	-1.44157920e+00
1.68449868e-01	-1.52485170e+00
1.68783432e-01	-1.60738941e+00
1.69116996e-01	-1.68916143e+00
1.69450560e-01	-1.77010402e+00
1.69784124e-01	-1.85008103e+00
1.70117689e-01	-1.92886443e+00
1.70451253e-01	-2.00614198e+00
1.70784817e-01	-2.08155471e+00
1.71118381e-01	-2.15475859e+00
1.71451945e-01	-2.22550037e+00
1.71785509e-01	-2.29369667e+00
1.72119073e-01	-2.35950193e+00
1.72452637e-01	-2.42334388e+00
1.72786201e-01	-2.48590542e+00
1.73119765e-01	-2.54804396e+00
1.73453330e-01	-2.61065700e+00
1.73786894e-01	-2.67451466e+00
1.74120458e-01	-2.74008784e+00
1.74454022e-01	-2.80740936e+00
1.74787586e-01	-2.87601302e+00
1.75121150e-01	-2.94498603e+00
1.75454714e-01	-3.01313727e+00
1.75788278e-01	-3.07924123e+00
1.76121842e-01	-3.14229029e+00
1.76455406e-01	-3.20168710e+00
1.76788970e-01	-3.25732919e+00
1.77122535e-01	-3.30956817e+00
1.77456099e-01	-3.35906063e+00
1.77789663e-01	-3.40655970e+00
1.78123227e-01	-3.45271204e+00
1.78456791e-01	-3.49791439e+00
1.78790355e-01	-3.54225616e+00
1.79123919e-01	-3.58554938e+00
1.79457483e-01	-3.62742995e+00
1.79791047e-01	-3.66749911e+00
1.80124611e-01	-3.70546016e+00
1.80458176e-01	-3.74120587e+00
1.80791740e-01	-3.77483018e+00
1.81125304e-01	-3.80656407e+00
1.81458868e-01	-3.83665900e+00
1.81792432e-01	-3.86526008e+00
1.82125996e-01	-3.89232024e+00
1.82459560e-01	-3.91759643e+00
1.82793124e-01	-3.94073534e+00
1.83126688e-01	-3.96141490e+00
1.83460252e-01	-3.97948453e+00
1.83793816e-01	-3.99505200e+00
1.84127381e-01	-4.00848725e+00
1.84460945e-01	-4.02033854e+00
1.84794509e-01	-4.03117910e+00
1.85128073e-01	-4.04142628e+00
1.85461637e-01	-4.05118813e+00
1.85795201e-01	-4.06018190e+00
1.86128765e-01	-4.06774179e+00
1.86462329e-01	-4.07291066e+00
1.86795893e-01	-4.07460197e+00
1.87129457e-01	-4.07180850e+00
1.87463022e-01	-4.06381708e+00
1.87796586e-01	-4.05037819e+00
1.88130150e-01	-4.03178914e+00
1.88463714e-01	-4.00887282e+00
1.88797278e-01	-3.98285250e+00
1.89130842e-01	-3.95514110e+00
1.89464406e-01	-3.92708801e+00
1.89797970e-01	-3.89974768e+00
1.90131534e-01	-3.87372790e+00
1.90465098e-01	-3.84914011e+00
1.90798662e-01	-3.82563903e+00
1.91132227e-01	-3.80252499e+00
1.91465791e-01	-3.77888069e+00
1.91799355e-01	-3.75371091e+00
1.92132919e-01	-3.72605749e+00
1.92466483e-01	-3.69508393e+00
1.92800047e-01	-3.66014463e+00
1.93133611e-01	-3.62084935e+00
1.93467175e-01	-3.57711023e+00
1.93800739e-01	-3.52915206e+00
1.94134303e-01	-3.47748148e+00
1.94467868e-01	-3.42282443e+00
1.94801432e-01	-3.36603830e+00
1.95134996e-01	-3.30800209e+00
1.95468560e-01	-3.24949937e+00
1.95802124e-01	-3.19111999e+00
1.96135688e-01	-3.13319804e+00
1.96469252e-01	-3.07578521e+00
1.96802816e-01	-3.01865448e+00
1.97136380e-01	-2.96133525e+00
1.97469944e-01	-2.90317599e+00
1.97803508e-01	-2.84341558e+00
1.98137073e-01	-2.78124488e+00
1.98470637e-01	-2.71586143e+00
1.98804201e-01	-2.64653184e+00
1.99137765e-01	-2.57266479e+00
1.99471329e-01	-2.49388407e+00
1.99804893e-01	-2.41009580e+00
2.00138457e-01	-2.32155004e+00
2.00472021e-01	-2.22888446e+00
2.00805585e-01	-2.13312544e+00
2.01139149e-01	-2.03563216e+00
2.01472713e-01	-1.93799013e+00
2.01806278e-01	-1.84186324e+00
2.02139842e-01	-1.74880706e+00
2.02473406e-01	-1.66006089e+00
2.02806970e-01	-1.57636511e+00
2.03140534e-01	-1.49785579e+00
2.03474098e-01	-1.42405953e+00
2.03807662e-01	-1.35398258e+00
2.04141226e-01	-1.28627778e+00
2.04474790e-01	-1.21946222e+00
2.04808354e-01	-1.15213875e+00
2.05141919e-01	-1.08317004e+00
2.05475483e-01	-1.01178127e+00
2.05809047e-01	-9.37600352e-01
2.06142611e-01	-8.60651194e-01
2.06476175e-01	-7.81311105e-01
2.06809739e-01	-7.00249333e-01
2.07143303e-01	-6.18369866e-01
2.07476867e-01	-5.36763908e-01
2.07810431e-01	-4.56650645e-01
2.08143995e-01	-3.79283087e-01
2.08477559e-01	-3.05818066e-01
2.08811124e-01	-2.37166038e-01
2.09144688e-01	-1.73840103e-01
2.09478252e-01	-1.15832770e-01
2.09811816e-01	-6.25618313e-02
2.10145380e-01	-1.29178271e-02
2.10478944e-01	3.45874920e-02
2.10812508e-01	8.16000283e-02
2.11146072e-01	1.29666000e-01
2.11479636e-01	1.79980632e-01
2.11813200e-01	2.33195742e-01
2.12146765e-01	2.89332478e-01
2.12480329e-01	3.47810901e-01
2.12813893e-01	4.07571163e-01
2.13147457e-01	4.67246517e-01
2.13481021e-01	5.25348859e-01
2.13814585e-01	5.80429989e-01
2.14148149e-01	6.31196319e-01
2.14481713e-01	6.76587279e-01
2.14815277e-01	7.15852252e-01
2.15148841e-01	7.48650004e-01
2.15482405e-01	7.75160171e-01
2.15815970e-01	7.96171005e-01
2.16149534e-01	8.13100989e-01
2.16483098e-01	8.27915576e-01
2.16816662e-01	8.42918985e-01
2.17150226e-01	8.60444047e-01
2.17483790e-01	8.82509927e-01
2.17817354e-01	9.10532374e-01
2.18150918e-01	9.45148460e-01
2.18484482e-01	9.86182793e-01
2.18818046e-01	1.03274935e+00
2.19151611e-01	1.08344858e+00
2.19485175e-01	1.13659281e+00
2.19818739e-01	1.19039785e+00
2.20152303e-01	1.24311436e+00
2.20485867e-01	1.29310996e+00
2.20819431e-01	1.33893018e+00
2.21152995e-01	1.37936778e+00
2.21486559e-01	1.41356211e+00
2.21820123e-01	1.44112673e+00
2.22153687e-01	1.46226888e+00
2.22487251e-01	1.47784508e+00
2.22820816e-01	1.48931018e+00
2.23154380e-01	1.49854972e+00
2.23487944e-01	1.50761680e+00
2.23821508e-01	1.51842185e+00
2.24155072e-01	1.53244431e+00
2.24488636e-01	1.55053620e+00
2.24822200e-01	1.57285937e+00
2.25155764e-01	1.59895686e+00
2.25489328e-01	1.62792592e+00
2.25822892e-01	1.65864213e+00
2.26156457e-01	1.68997555e+00
2.26490021e-01	1.72094734e+00
2.26823585e-01	1.75080395e+00
2.27157149e-01	1.77902129e+00
2.27490713e-01	1.80527131e+00
2.27824277e-01	1.82938185e+00
2.28157841e-01	1.85130980e+00
2.28491405e-01	1.87113242e+00
2.28824969e-01	1.88904453e+00
2.29158533e-01	1.90533833e+00
2.29492097e-01	1.92035214e+00
2.29825662e-01	1.93439972e+00
2.30159226e-01	1.94771033e+00
2.30492790e-01	1.96041015e+00
2.30826354e-01	1.97256308e+00
2.31159918e-01	1.98426866e+00
2.31493482e-01	1.99578858e+00
2.31827046e-01	2.00764968e+00
2.32160610e-01	2.02067024e+00
2.32494174e-01	2.03588106e+00
2.32827738e-01	2.05434783e+00
2.33161303e-01	2.07693122e+00
2.33494867e-01	2.10404150e+00
2.33828431e-01	2.13545341e+00
2.34161995e-01	2.17023520e+00
2.34495559e-01	2.20681723e+00
2.34829123e-01	2.24319224e+00
2.35162687e-01	2.27721508e+00
2.35496251e-01	2.30695113e+00
2.35829815e-01	2.33100960e+00
2.36163379e-01	2.34879525e+00
2.36496943e-01	2.36062709e+00
2.36830508e-01	2.36769666e+00
2.37164072e-01	2.37186463e+00
2.37497636e-01	2.37532426e+00
2.37831200e-01	2.38019282e+00
2.38164764e-01	2.38811666e+00
2.38498328e-01	2.39997617e+00
2.38831892e-01	2.41575306e+00
2.39165456e-01	2.43458495e+00
2.39499020e-01	2.45498717e+00
2.39832584e-01	2.47517854e+00
2.40166149e-01	2.49342175e+00
2.40499713e-01	2.50829531e+00
2.40833277e-01	2.51884792e+00
2.41166841e-01	2.52462968e+00
2.41500405e-01	2.52563126e+00
2.41833969e-01	2.52218275e+00
2.42167533e-01	2.51486077e+00
2.42501097e-01	2.50442674e+00
2.42834661e-01	2.49178520e+00
2.43168225e-01	2.47793132e+00
2.43501789e-01	2.46385822e+00
2.43835354e-01	2.45041460e+00
2.44168918e-01	2.43813313e+00
2.44502482e-01	2.42707753e+00
2.44836046e-01	2.41676732e+00
2.45169610e-01	2.40622259e+00
2.45503174e-01	2.39413543e+00
2.45836738e-01	2.37913404e+00
2.46170302e-01	2.36007727e+00
2.46503866e-01	2.33630654e+00
2.46837430e-01	2.30779318e+00
2.47170995e-01	2.27515103e+00
2.47504559e-01	2.23952306e+00
2.47838123e-01	2.20238150e+00
2.48171687e-01	2.16529231e+00
2.48505251e-01	2.12969044e+00
2.48838815e-01	2.09669767e+00
2.49172379e-01	2.06699658e+00
2.49505943e-01	2.04075921e+00
2.49839507e-01	2.01762490e+00
2.50173071e-01	1.99672760e+00
2.50506635e-01	1.97677840e+00
2.50840200e-01	1.95620661e+00
2.51173764e-01	1.93335227e+00
2.51507328e-01	1.90669062e+00
2.51840892e-01	1.87505621e+00
2.52174456e-01	1.83782721e+00
2.52508020e-01	1.79503454e+00
2.52841584e-01	1.74737690e+00
2.53175148e-01	1.69614144e+00
2.53508712e-01	1.64304284e+00
2.53842276e-01	1.59000075e+00
2.54175841e-01	1.53888026e+00
2.54509405e-01	1.49122523e+00
2.54842969e-01	1.44801841e+00
2.55176533e-01	1.40950552e+00
2.55510097e-01	1.37512072e+00
2.55843661e-01	1.34354195e+00
2.56177225e-01	1.31288175e+00
2.56510789e-01	1.28098883e+00
2.56844353e-01	1.24580628e+00
2.57177917e-01	1.20571453e+00
2.57511481e-01	1.15978771e+00
2.57845046e-01	1.10791145e+00
2.58178610e-01	1.05074703e+00
2.58512174e-01	9.89565934e-01
2.58845738e-01	9.26007287e-01
2.59179302e-01	8.61820176e-01
2.59512866e-01	7.98643552e-01
2.59846430e-01	7.37853108e-01
2.60179994e-01	6.80476518e-01
2.60513558e-01	6.27157530e-01
2.60847122e-01	5.78143679e-01
2.61180687e-01	5.33281462e-01
2.61514251e-01	4.92018816e-01
2.61847815e-01	4.53428424e-01
2.62181379e-01	4.16270061e-01
2.62514943e-01	3.79104016e-01
2.62848507e-01	3.40453130e-01
2.63182071e-01	2.98994174e-01
2.63515635e-01	2.53746871e-01
2.63849199e-01	2.04225387e-01
2.64182763e-01	1.50523506e-01
2.64516327e-01	9.33184503e-02
2.64849892e-01	3.37952944e-02
2.65183456e-01	-2.64907005e-02
2.65517020e-01	-8.57876987e-02
2.65850584e-01	-1.42330221e-01
2.66184148e-01	-1.94510398e-01
2.66517712e-01	-2.41024466e-01
2.66851276e-01	-2.80988947e-01
2.67184840e-01	-3.14025380e-01
2.67518404e-01	-3.40311782e-01
2.67851968e-01	-3.60594317e-01
2.68185533e-01	-3.76148711e-01
2.68519097e-01	-3.88682238e-01
2.68852661e-01	-4.00174363e-01
2.69186225e-01	-4.12666438e-01
2.69519789e-01	-4.28025604e-01
2.69853353e-01	-4.47720580e-01
2.70186917e-01	-4.72650973e-01
2.70520481e-01	-5.03063816e-01
2.70854045e-01	-5.38572423e-01
2.71187609e-01	-5.78268341e-01
2.71521173e-01	-6.20894071e-01
2.71854738e-01	-6.65030048e-01
2.72188302e-01	-7.09250466e-01
2.72521866e-01	-7.52220003e-01
2.72855430e-01	-7.92730640e-01
2.73188994e-01	-8.29703643e-01
2.73522558e-01	-8.62196372e-01
2.73856122e-01	-8.89451568e-01
2.74189686e-01	-9.11007439e-01
2.74523250e-01	-9.26854518e-01
2.74856814e-01	-9.37591204e-01
2.75190379e-01	-9.44509412e-01
2.75523943e-01	-9.49546900e-01
2.75857507e-01	-9.55074911e-01
2.76191071e-01	-9.63539496e-01
2.76524635e-01	-9.77025988e-01
2.76858199e-01	-9.96850453e-01
2.77191763e-01	-1.02328532e+00
2.77525327e-01	-1.05549512e+00
2.77858891e-01	-1.09170202e+00
2.78192455e-01	-1.12953804e+00
2.78526019e-01	-1.16649276e+00
2.78859584e-01	-1.20034471e+00
2.79193148e-01	-1.22947869e+00
2.79526712e-01	-1.25303142e+00
2.79860276e-01	-1.27086176e+00
2.80193840e-01	-1.28338957e+00
2.80527404e-01	-1.29137568e+00
2.80860968e-01	-1.29571743e+00
2.81194532e-01	-1.29731326e+00
2.81528096e-01	-1.29701495e+00
2.81861660e-01	-1.29565101e+00
2.82195225e-01	-1.29407953e+00
2.82528789e-01	-1.29322175e+00
2.82862353e-01	-1.29403881e+00
2.83195917e-01	-1.29743871e+00
2.83529481e-01	-1.30412967e+00
2.83863045e-01	-1.31446122e+00
2.84196609e-01	-1.32830426e+00
2.84530173e-01	-1.34501454e+00
2.84863737e-01	-1.36350084e+00
2.85197301e-01	-1.38239022e+00
2.85530865e-01	-1.40025463e+00
2.85864430e-01	-1.41584663e+00
2.86197994e-01	-1.42829067e+00
2.86531558e-01	-1.43719174e+00
2.86865122e-01	-1.44264704e+00
2.87198686e-01	-1.44517048e+00
2.87532250e-01	-1.44555681e+00
2.87865814e-01	-1.44472089e+00
2.88199378e-01	-1.44354604e+00
2.88532942e-01	-1.44276663e+00
2.88866506e-01	-1.44289754e+00
2.89200071e-01	-1.44421282e+00
2.89533635e-01	-1.44676849e+00
2.89867199e-01	-1.45045989e+00
2.90200763e-01	-1.45510085e+00
2.90534327e-01	-1.46050923e+00
2.90867891e-01	-1.46658155e+00
2.91201455e-01	-1.47333933e+00
2.91535019e-01	-1.48093371e+00
2.91868583e-01	-1.48960287e+00
2.92202147e-01	-1.49958803e+00
2.92535711e-01	-1.51102602e+00
2.92869276e-01	-1.52384538e+00
2.93202840e-01	-1.53769547e+00
2.93536404e-01	-1.55193159e+00
2.93869968e-01	-1.56566568e+00
2.94203532e-01	-1.57787563e+00
2.94537096e-01	-1.58755091e+00
2.94870660e-01	-1.59384457e+00
2.95204224e-01	-1.59620253e+00
2.95537788e-01	-1.59444931e+00
2.95871352e-01	-1.58881905e+00
2.96204917e-01	-1.57993053e+00
2.96538481e-01	-1.56871176e+00
2.96872045e-01	-1.55628446e+00
2.97205609e-01	-1.54382121e+00
2.97539173e-01	-1.53239230e+00
2.97872737e-01	-1.52282337e+00
2.98206301e-01	-1.51558764e+00
2.98539865e-01	-1.51075315e+00
2.98873429e-01	-1.50799595e+00
2.99206993e-01	-1.50667415e+00
2.99540557e-01	-1.50594107e+00
2.99874122e-01	-1.50486558e+00
3.00207686e-01	-1.50253026e+00
3.00541250e-01	-1.49809140e+00
3.00874814e-01	-1.49080539e+00
3.01208378e-01	-1.48004406e+00
3.01541942e-01	-1.46532841e+00
3.01875506e-01	-1.44640190e+00
3.02209070e-01	-1.42334130e+00
3.02542634e-01	-1.39667549e+00
3.02876198e-01	-1.36746227e+00
3.03209763e-01	-1.33727032e+00
3.03543327e-01	-1.30803193e+00
3.03876891e-01	-1.28176724e+00
3.04210455e-01	-1.26022199e+00
3.04544019e-01	-1.24449448e+00
3.04877583e-01	-1.23474271e+00
3.05211147e-01	-1.23005192e+00
3.05544711e-01	-1.22850986e+00
3.05878275e-01	-1.22748932e+00
3.06211839e-01	-1.22408906e+00
3.06545403e-01	-1.21564614e+00
3.06878968e-01	-1.20021503e+00
3.07212532e-01	-1.17691502e+00
3.07546096e-01	-1.14607532e+00
3.07879660e-01	-1.10915023e+00
3.08213224e-01	-1.06842504e+00
3.08546788e-01	-1.02657652e+00
3.08880352e-01	-9.86179343e-01
3.09213916e-01	-9.49256329e-01
3.09547480e-01	-9.16955746e-01
3.09881044e-01	-8.89407849e-01
3.10214609e-01	-8.65773823e-01
3.10548173e-01	-8.44462764e-01
3.10881737e-01	-8.23464402e-01
3.11215301e-01	-8.00731356e-01
3.11548865e-01	-7.74544317e-01
3.11882429e-01	-7.43803269e-01
3.12215993e-01	-7.08203333e-01
3.12549557e-01	-6.68272310e-01
3.12883121e-01	-6.25266780e-01
3.13216685e-01	-5.80944062e-01
3.13550249e-01	-5.37247393e-01
3.13883814e-01	-4.95958819e-01
3.14217378e-01	-4.58383677e-01
3.14550942e-01	-4.25127747e-01
3.14884506e-01	-3.96011998e-01
3.15218070e-01	-3.70142456e-01
3.15551634e-01	-3.46119138e-01
3.15885198e-01	-3.22336301e-01
3.16218762e-01	-2.97305829e-01
3.16552326e-01	-2.69932589e-01
3.16885890e-01	-2.39685082e-01
3.17219455e-01	-2.06632228e-01
3.17553019e-01	-1.71350092e-01
3.17886583e-01	-1.34732201e-01
3.18220147e-01	-9.77560143e-02
3.18553711e-01	-6.12623162e-02
3.18887275e-01	-2.57946935e-02
3.19220839e-01	8.47288619e-03
3.19554403e-01	4.17147429e-02
3.19887967e-01	7.43520978e-02
3.20221531e-01	1.06898092e-01
3.20555095e-01	1.39781944e-01
3.20888660e-01	1.73186387e-01
3.21222224e-01	2.06930216e-01
3.21555788e-01	2.40422279e-01
3.21889352e-01	2.72704446e-01
3.22222916e-01	3.02587701e-01
3.22556480e-01	3.28867416e-01
3.22890044e-01	3.50583670e-01
3.23223608e-01	3.67275955e-01
3.23557172e-01	3.79174199e-01
3.23890736e-01	3.87273575e-01
3.24224301e-01	3.93260365e-01
3.24557865e-01	3.99287637e-01
3.24891429e-01	4.07635080e-01
3.25224993e-01	4.20316948e-01
3.25558557e-01	4.38717327e-01
3.25892121e-01	4.63328463e-01
3.26225685e-01	4.93645899e-01
3.26559249e-01	5.28239036e-01
3.26892813e-01	5.64977297e-01
3.27226377e-01	6.01361045e-01
3.27559941e-01	6.34890075e-01
3.27893506e-01	6.63403409e-01
3.28227070e-01	6.85340201e-01
3.28560634e-01	6.99896572e-01
3.28894198e-01	7.07077896e-01
3.29227762e-01	7.07662455e-01
3.29561326e-01	7.03097301e-01
3.29894890e-01	6.95342740e-01
3.30228454e-01	6.86673732e-01
3.30562018e-01	6.79441822e-01
3.30895582e-01	6.75805421e-01
3.31229147e-01	6.77449617e-01
3.31562711e-01	6.85333251e-01
3.31896275e-01	6.99512453e-01
3.32229839e-01	7.19088713e-01
3.32563403e-01	7.42312244e-01
3.32896967e-01	7.66839600e-01
3.33230531e-01	7.90107038e-01
3.33564095e-01	8.09750157e-01
3.33897659e-01	8.14070991e-01
