-8.00553828e-03	-1.32887158e-03
-7.67197419e-03	-2.82372213e-03
-7.33841009e-03	-6.64996756e-03
-7.00484600e-03	-1.55256315e-02
-6.67128190e-03	-3.47819415e-02
-6.33771781e-03	-7.49277519e-02
-6.00415371e-03	-1.55073910e-01
-5.67058962e-03	-3.08444336e-01
-5.33702552e-03	-5.89388248e-01
-5.00346143e-03	-1.08187048e+00
-4.66989733e-03	-1.90731477e+00
-4.33633324e-03	-3.22919899e+00
-4.00276914e-03	-5.24954465e+00
-3.66920505e-03	-8.19263219e+00
-3.33564095e-03	-1.22714914e+01
-3.00207686e-03	-1.76366876e+01
-2.66851276e-03	-2.43120785e+01
-2.33494867e-03	-3.21297305e+01
-2.00138457e-03	-4.06822096e+01
-1.66782048e-03	-4.93129815e+01
-1.33425638e-03	-5.71612020e+01
-1.00069229e-03	-6.32659109e+01
-6.67128190e-04	-6.67175975e+01
-3.33564095e-04	-6.68283380e+01
1.85165269e-18	-6.32805780e+01
3.33564095e-04	-5.62151892e+01
6.67128190e-04	-4.62321986e+01
1.00069229e-03	-3.43001307e+01
1.33425638e-03	-2.15942732e+01
1.66782048e-03	-9.30273156e+00
2.00138457e-03	1.55466204e+00
2.33494867e-03	1.02565395e+01
2.66851276e-03	1.64385780e+01
3.00207686e-03	2.00803342e+01
3.33564095e-03	2.14374789e+01
3.66920505e-03	2.09456547e+01
4.00276914e-03	1.91223469e+01
4.33633324e-03	1.64861594e+01
4.66989733e-03	1.35028721e+01
5.00346143e-03	1.05582493e+01
5.33702552e-03	7.95152443e+00
5.67058962e-03	5.90112882e+00
6.00415371e-03	4.55521406e+00
6.33771781e-03	4.00202380e+00
6.67128190e-03	4.27799150e+00
7.00484600e-03	5.37333311e+00
7.33841009e-03	7.23583654e+00
7.67197419e-03	9.77368042e+00
8.00553828e-03	1.28580350e+01
8.33910238e-03	1.63261134e+01
8.67266648e-03	1.99856636e+01
9.00623057e-03	2.36221820e+01
9.33979467e-03	2.70101491e+01
9.67335876e-03	2.99289681e+01
1.00069229e-02	3.21830244e+01
1.03404870e-02	3.36235176e+01
1.06740510e-02	3.41682246e+01
1.10076151e-02	3.38146247e+01
1.13411792e-02	3.26424638e+01
1.16747433e-02	3.08037875e+01
1.20083074e-02	2.85013826e+01
1.23418715e-02	2.59594120e+01
1.26754356e-02	2.33920419e+01
1.30089997e-02	2.09762964e+01
1.33425638e-02	1.88341033e+01
1.36761279e-02	1.70258957e+01
1.40096920e-02	1.55552659e+01
1.43432561e-02	1.43817321e+01
1.46768202e-02	1.34374102e+01
1.50103843e-02	1.26435593e+01
1.53439484e-02	1.19241993e+01
1.56775125e-02	1.12155581e+01
1.60110766e-02	1.04715502e+01
1.63446407e-02	9.66626594e+00
1.66782048e-02	8.79443546e+00
1.70117689e-02	7.87033032e+00
1.73453330e-02	6.92507509e+00
1.76788970e-02	6.00201636e+00
1.80124611e-02	5.14999403e+00
1.83460252e-02	4.41500091e+00
1.86795893e-02	3.83144666e+00
1.90131534e-02	3.41468070e+00
1.93467175e-02	3.15655660e+00
1.96802816e-02	3.02531421e+00
2.00138457e-02	2.97008328e+00
2.03474098e-02	2.92923901e+00
2.06809739e-02	2.84094709e+00
2.10145380e-02	2.65367672e+00
2.13481021e-02	2.33449607e+00
2.16816662e-02	1.87359098e+00
2.20152303e-02	1.28434063e+00
2.23487944e-02	5.99283739e-01
2.26823585e-02	-1.36825061e-01
2.30159226e-02	-8.75196009e-01
2.33494867e-02	-1.57074110e+00
2.36830508e-02	-2.18800074e+00
2.40166149e-02	-2.70447878e+00
2.43501789e-02	-3.11126358e+00
2.46837430e-02	-3.41136746e+00
2.50173071e-02	-3.61655807e+00
2.53508712e-02	-3.74362240e+00
2.56844353e-02	-3.81092353e+00
2.60179994e-02	-3.83588073e+00
2.63515635e-02	-3.83367440e+00
2.66851276e-02	-3.81713724e+00
2.70186917e-02	-3.79744673e+00
2.73522558e-02	-3.78503274e+00
2.76858199e-02	-3.79006774e+00
2.80193840e-02	-3.82207109e+00
2.83529481e-02	-3.88847489e+00
2.86865122e-02	-3.99245592e+00
2.90200763e-02	-4.13070824e+00
2.93536404e-02	-4.29202901e+00
2.96872045e-02	-4.45749453e+00
3.00207686e-02	-4.60264722e+00
3.03543327e-02	-4.70152832e+00
3.06878968e-02	-4.73182521e+00
3.10214609e-02	-4.67997107e+00
3.13550249e-02	-4.54493632e+00
3.16885890e-02	-4.33967935e+00
3.20221531e-02	-4.08976474e+00
3.23557172e-02	-3.82928871e+00
3.26892813e-02	-3.59488613e+00
3.30228454e-02	-3.41901979e+00
3.33564095e-02	-3.32390618e+00
3.36899736e-02	-3.31725602e+00
3.40235377e-02	-3.39065403e+00
3.43571018e-02	-3.52086416e+00
3.46906659e-02	-3.67379497e+00
3.50242300e-02	-3.81036715e+00
3.53577941e-02	-3.89322289e+00
3.56913582e-02	-3.89307977e+00
3.60249223e-02	-3.79365411e+00
3.63584864e-02	-3.59434790e+00
3.66920505e-02	-3.31031423e+00
3.70256146e-02	-2.96996569e+00
3.73591787e-02	-2.61043570e+00
3.76927428e-02	-2.27178819e+00
3.80263069e-02	-1.99094185e+00
3.83598709e-02	-1.79624733e+00
3.86934350e-02	-1.70349974e+00
3.90269991e-02	-1.71388022e+00
3.93605632e-02	-1.81401638e+00
3.96941273e-02	-1.97801297e+00
4.00276914e-02	-2.17107717e+00
4.03612555e-02	-2.35418905e+00
4.06948196e-02	-2.48918036e+00
4.10283837e-02	-2.54356212e+00
4.13619478e-02	-2.49454585e+00
4.16955119e-02	-2.33179863e+00
4.20290760e-02	-2.05863498e+00
4.23626401e-02	-1.69153054e+00
4.26962042e-02	-1.25805601e+00
4.30297683e-02	-7.93499227e-01
4.33633324e-02	-3.36623334e-01
4.36968965e-02	7.49225699e-02
4.40304606e-02	4.08992439e-01
4.43640247e-02	6.42626722e-01
4.46975888e-02	7.64615104e-01
4.50311529e-02	7.76700440e-01
4.53647169e-02	6.93309642e-01
4.56982810e-02	5.39847911e-01
4.60318451e-02	3.49724803e-01
4.63654092e-02	1.60417760e-01
4.66989733e-02	8.97171262e-03
4.70325374e-02	-7.25473759e-02
4.73661015e-02	-6.11015263e-02
4.76996656e-02	5.42988140e-02
4.80332297e-02	2.71028799e-01
4.83667938e-02	5.72994837e-01
4.87003579e-02	9.32489160e-01
4.90339220e-02	1.31353286e+00
4.93674861e-02	1.67627183e+00
4.97010502e-02	1.98186764e+00
5.00346143e-02	2.19726808e+00
5.03681784e-02	2.29928846e+00
5.07017425e-02	2.27750663e+00
5.10353066e-02	2.13564154e+00
5.13688707e-02	1.89125037e+00
5.17024348e-02	1.57376802e+00
5.20359989e-02	1.22108688e+00
5.23695629e-02	8.75071699e-01
5.27031270e-02	5.76520737e-01
5.30366911e-02	3.60185998e-01
5.33702552e-02	2.50476524e-01
5.37038193e-02	2.58404599e-01
5.40373834e-02	3.80171885e-01
5.43709475e-02	5.97613474e-01
5.47045116e-02	8.80449088e-01
5.50380757e-02	1.19005037e+00
5.53716398e-02	1.48423802e+00
5.57052039e-02	1.72251091e+00
5.60387680e-02	1.87103837e+00
5.63723321e-02	1.90680740e+00
5.67058962e-02	1.82041824e+00
5.70394603e-02	1.61719796e+00
5.73730244e-02	1.31650940e+00
5.77065885e-02	9.49371785e-01
5.80401526e-02	5.54692410e-01
5.83737167e-02	1.74598869e-01
5.87072808e-02	-1.50546493e-01
5.90408449e-02	-3.86849412e-01
5.93744089e-02	-5.10764065e-01
5.97079730e-02	-5.11702912e-01
6.00415371e-02	-3.93109703e-01
6.03751012e-02	-1.71897137e-01
6.07086653e-02	1.23663628e-01
6.10422294e-02	4.57344367e-01
6.13757935e-02	7.89232216e-01
6.17093576e-02	1.08037448e+00
6.20429217e-02	1.29724856e+00
6.23764858e-02	1.41554851e+00
6.27100499e-02	1.42285854e+00
6.30436140e-02	1.31992419e+00
6.33771781e-02	1.12038377e+00
6.37107422e-02	8.49018643e-01
6.40443063e-02	5.38734137e-01
6.43778704e-02	2.26632251e-01
6.47114345e-02	-5.03584361e-02
6.50449986e-02	-2.59769783e-01
6.53785627e-02	-3.77316754e-01
6.57121268e-02	-3.89637276e-01
6.60456908e-02	-2.95755360e-01
6.63792549e-02	-1.07118948e-01
6.67128190e-02	1.53771848e-01
6.70463831e-02	4.55998422e-01
6.73799472e-02	7.63815000e-01
6.77135113e-02	1.04078628e+00
6.80470754e-02	1.25397852e+00
6.83806395e-02	1.37770512e+00
6.87142036e-02	1.39637804e+00
6.90477677e-02	1.30614742e+00
6.93813318e-02	1.11515544e+00
6.97148959e-02	8.42420810e-01
7.00484600e-02	5.15529801e-01
7.03820241e-02	1.67433301e-01
7.07155882e-02	-1.67286474e-01
7.10491523e-02	-4.56254504e-01
7.13827164e-02	-6.72826407e-01
7.17162805e-02	-7.98915982e-01
7.20498446e-02	-8.26834553e-01
7.23834087e-02	-7.59946334e-01
7.27169728e-02	-6.12086449e-01
7.30505368e-02	-4.05820181e-01
7.33841009e-02	-1.69761257e-01
7.37176650e-02	6.47450070e-02
7.40512291e-02	2.67199964e-01
7.43847932e-02	4.11391903e-01
7.47183573e-02	4.78300136e-01
7.50519214e-02	4.58146254e-01
7.53854855e-02	3.51368401e-01
7.57190496e-02	1.68420233e-01
7.60526137e-02	-7.15623416e-02
7.63861778e-02	-3.43031101e-01
7.67197419e-02	-6.16954513e-01
7.70533060e-02	-8.64069862e-01
7.73868701e-02	-1.05810708e+00
7.77204342e-02	-1.17863772e+00
7.80539983e-02	-1.21325516e+00
7.83875624e-02	-1.15885487e+00
7.87211265e-02	-1.02188179e+00
7.90546906e-02	-8.17506900e-01
7.93882547e-02	-5.67827741e-01
7.97218188e-02	-2.99314087e-01
8.00553828e-02	-3.98201450e-02
8.03889469e-02	1.84484410e-01
8.07225110e-02	3.51905780e-01
8.10560751e-02	4.47438459e-01
8.13896392e-02	4.64182550e-01
8.17232033e-02	4.03858141e-01
8.20567674e-02	2.76399732e-01
8.23903315e-02	9.87102728e-02
8.27238956e-02	-1.07278634e-01
8.30574597e-02	-3.17024725e-01
8.33910238e-02	-5.06021414e-01
8.37245879e-02	-6.52408796e-01
8.40581520e-02	-7.39296995e-01
8.43917161e-02	-7.56556616e-01
8.47252802e-02	-7.01889432e-01
8.50588443e-02	-5.81060344e-01
8.53924084e-02	-4.07247116e-01
8.57259725e-02	-1.99548221e-01
8.60595366e-02	1.91886963e-02
8.63931007e-02	2.24963967e-01
8.67266648e-02	3.95332895e-01
8.70602288e-02	5.11895937e-01
8.73937929e-02	5.62270416e-01
8.77273570e-02	5.41328865e-01
8.80609211e-02	4.51592543e-01
8.83944852e-02	3.02780782e-01
8.87280493e-02	1.10600684e-01
8.90616134e-02	-1.05059767e-01
8.93951775e-02	-3.22325135e-01
8.97287416e-02	-5.19669382e-01
9.00623057e-02	-6.78151007e-01
9.03958698e-02	-7.83311462e-01
9.07294339e-02	-8.26550532e-01
9.10629980e-02	-8.05851724e-01
9.13965621e-02	-7.25810242e-01
9.17301262e-02	-5.96987250e-01
9.20636903e-02	-4.34680159e-01
9.23972544e-02	-2.57237618e-01
9.27308185e-02	-8.40917449e-02
9.30643826e-02	6.62939087e-02
9.33979467e-02	1.78347898e-01
9.37315108e-02	2.40986735e-01
9.40650748e-02	2.48708660e-01
9.43986389e-02	2.02072540e-01
9.47322030e-02	1.07524640e-01
9.50657671e-02	-2.33810418e-02
9.53993312e-02	-1.75267563e-01
9.57328953e-02	-3.30577482e-01
9.60664594e-02	-4.71407126e-01
9.64000235e-02	-5.81361726e-01
9.67335876e-02	-6.47264180e-01
9.70671517e-02	-6.60546287e-01
9.74007158e-02	-6.18176241e-01
9.77342799e-02	-5.23011305e-01
9.80678440e-02	-3.83518956e-01
9.84014081e-02	-2.12876896e-01
9.87349722e-02	-2.75461613e-02
9.90685363e-02	1.54522177e-01
9.94021004e-02	3.15837378e-01
9.97356645e-02	4.41252957e-01
1.00069229e-01	5.19562399e-01
1.00402793e-01	5.44623156e-01
1.00736357e-01	5.15891962e-01
1.01069921e-01	4.38335884e-01
1.01403485e-01	3.21754030e-01
1.01737049e-01	1.79621067e-01
1.02070613e-01	2.76104641e-02
1.02404177e-01	-1.18035150e-01
1.02737741e-01	-2.42134758e-01
1.03071305e-01	-3.32059696e-01
1.03404870e-01	-3.78964833e-01
1.03738434e-01	-3.78655460e-01
1.04071998e-01	-3.31999367e-01
1.04405562e-01	-2.44816282e-01
1.04739126e-01	-1.27229577e-01
1.05072690e-01	7.46870485e-03
1.05406254e-01	1.44311731e-01
1.05739818e-01	2.68325405e-01
1.06073382e-01	3.66157528e-01
1.06406946e-01	4.27474762e-01
1.06740510e-01	4.45976625e-01
1.07074075e-01	4.19938397e-01
1.07407639e-01	3.52257548e-01
1.07741203e-01	2.50031930e-01
1.08074767e-01	1.23731353e-01
1.08408331e-01	-1.39409508e-02
1.08741895e-01	-1.49375141e-01
1.09075459e-01	-2.69435907e-01
1.09409023e-01	-3.62764893e-01
1.09742587e-01	-4.20876537e-01
1.10076151e-01	-4.38944088e-01
1.10409716e-01	-4.16208962e-01
1.10743280e-01	-3.55985875e-01
1.11076844e-01	-2.65265207e-01
1.11410408e-01	-1.53951419e-01
1.11743972e-01	-3.38162376e-02
1.12077536e-01	8.27255942e-02
1.12411100e-01	1.83893198e-01
1.12744664e-01	2.59729588e-01
1.13078228e-01	3.03076927e-01
1.13411792e-01	3.10244308e-01
1.13745356e-01	2.81315933e-01
1.14078921e-01	2.20081350e-01
1.14412485e-01	1.33605637e-01
1.14746049e-01	3.14864483e-02
1.15079613e-01	-7.51358024e-02
1.15413177e-01	-1.74729819e-01
1.15746741e-01	-2.56576248e-01
1.16080305e-01	-3.11893899e-01
1.16413869e-01	-3.34761189e-01
1.16747433e-01	-3.22722541e-01
1.17080997e-01	-2.77005295e-01
1.17414562e-01	-2.02325551e-01
1.17748126e-01	-1.06315929e-01
1.18081690e-01	1.34830501e-03
1.18415254e-01	1.10018871e-01
1.18748818e-01	2.09214668e-01
1.19082382e-01	2.89704419e-01
1.19415946e-01	3.44414728e-01
1.19749510e-01	3.69070112e-01
1.20083074e-01	3.62508923e-01
1.20416638e-01	3.26664491e-01
1.20750202e-01	2.66244339e-01
1.21083767e-01	1.88172861e-01
1.21417331e-01	1.00875321e-01
1.21750895e-01	1.34756166e-02
1.22084459e-01	-6.50344641e-02
1.22418023e-01	-1.26607577e-01
1.22751587e-01	-1.64885339e-01
1.23085151e-01	-1.75817532e-01
1.23418715e-01	-1.58089027e-01
1.23752279e-01	-1.13285853e-01
1.24085843e-01	-4.57549769e-02
1.24419408e-01	3.78428321e-02
1.24752972e-01	1.29241206e-01
1.25086536e-01	2.19451957e-01
1.25420100e-01	2.99715470e-01
1.25753664e-01	3.62402652e-01
1.26087228e-01	4.01769836e-01
1.26420792e-01	4.14497740e-01
1.26754356e-01	3.99971449e-01
1.27087920e-01	3.60281704e-01
1.27421484e-01	2.99961368e-01
1.27755048e-01	2.25494954e-01
1.28088613e-01	1.44653344e-01
1.28422177e-01	6.57219698e-02
1.28755741e-01	-3.29880015e-03
1.29089305e-01	-5.54524991e-02
1.29422869e-01	-8.54838824e-02
1.29756433e-01	-9.03355561e-02
1.30089997e-01	-6.94340756e-02
1.30423561e-01	-2.47357364e-02
1.30757125e-01	3.94806208e-02
1.31090689e-01	1.17058438e-01
1.31424254e-01	2.00596232e-01
1.31757818e-01	2.82191435e-01
1.32091382e-01	3.54210827e-01
1.32424946e-01	4.10007881e-01
1.32758510e-01	4.44526037e-01
1.33092074e-01	4.54748767e-01
1.33425638e-01	4.39974106e-01
1.33759202e-01	4.01893312e-01
1.34092766e-01	3.44457174e-01
1.34426330e-01	2.73519556e-01
1.34759894e-01	1.96267358e-01
1.35093459e-01	1.20478935e-01
1.35427023e-01	5.36904596e-02
1.35760587e-01	2.37111427e-03
1.36094151e-01	-2.87849514e-02
1.36427715e-01	-3.73585593e-02
1.36761279e-01	-2.34365591e-02
1.37094843e-01	1.04434606e-02
1.37428407e-01	5.96161054e-02
1.37761971e-01	1.17833248e-01
1.38095535e-01	1.77965695e-01
1.38429100e-01	2.32777052e-01
1.38762664e-01	2.75684322e-01
1.39096228e-01	3.01423777e-01
1.39429792e-01	3.06555558e-01
1.39763356e-01	2.89764142e-01
1.40096920e-01	2.51943406e-01
1.40430484e-01	1.96073433e-01
1.40764048e-01	1.26908593e-01
1.41097612e-01	5.05039284e-02
1.41431176e-01	-2.63833116e-02
1.41764740e-01	-9.69748179e-02
1.42098305e-01	-1.55174443e-01
1.42431869e-01	-1.96215891e-01
1.42765433e-01	-2.17168905e-01
1.43098997e-01	-2.17232975e-01
1.43432561e-01	-1.97777205e-01
1.43766125e-01	-1.62126583e-01
1.44099689e-01	-1.15130995e-01
1.44433253e-01	-6.25860227e-02
1.44766817e-01	-1.05843407e-02
1.45100381e-01	3.51269076e-02
1.45433946e-01	6.97193547e-02
1.45767510e-01	8.97313147e-02
1.46101074e-01	9.33525050e-02
1.46434638e-01	8.05259956e-02
1.46768202e-01	5.28677166e-02
1.47101766e-01	1.34212387e-02
1.47435330e-01	-3.37115018e-02
1.47768894e-01	-8.38169138e-02
1.48102458e-01	-1.32045638e-01
1.48436022e-01	-1.73875020e-01
1.48769586e-01	-2.05521493e-01
1.49103151e-01	-2.24273880e-01
1.49436715e-01	-2.28715691e-01
1.49770279e-01	-2.18813178e-01
1.50103843e-01	-1.95859986e-01
1.50437407e-01	-1.62290183e-01
1.50770971e-01	-1.21387684e-01
1.51104535e-01	-7.69396494e-02
1.51438099e-01	-3.28794503e-02
1.51771663e-01	7.04721831e-03
1.52105227e-01	3.95745915e-02
1.52438792e-01	6.21573267e-02
1.52772356e-01	7.31570871e-02
1.53105920e-01	7.19621262e-02
1.53439484e-01	5.90223261e-02
1.53773048e-01	3.57854253e-02
1.54106612e-01	4.53625838e-03
1.54440176e-01	-3.18448409e-02
1.54773740e-01	-7.01689094e-02
1.55107304e-01	-1.07229168e-01
1.55440868e-01	-1.40060597e-01
1.55774432e-01	-1.66154122e-01
1.56107997e-01	-1.83619826e-01
1.56441561e-01	-1.91301212e-01
1.56775125e-01	-1.88840243e-01
1.57108689e-01	-1.76691086e-01
1.57442253e-01	-1.56077321e-01
1.57775817e-01	-1.28893958e-01
1.58109381e-01	-9.75582759e-02
1.58442945e-01	-6.48255089e-02
1.58776509e-01	-3.35855207e-02
1.59110073e-01	-6.65173404e-03
1.59443638e-01	1.34541456e-02
1.59777202e-01	2.47130817e-02
1.60110766e-01	2.58052663e-02
1.60444330e-01	1.62718801e-02
1.60777894e-01	-3.38366336e-03
1.61111458e-01	-3.16817230e-02
1.61445022e-01	-6.62507035e-02
1.61778586e-01	-1.04008411e-01
1.62112150e-01	-1.41423476e-01
1.62445714e-01	-1.74833362e-01
1.62779278e-01	-2.00788381e-01
1.63112843e-01	-2.16394040e-01
1.63446407e-01	-2.19620405e-01
1.63779971e-01	-2.09546859e-01
1.64113535e-01	-1.86508946e-01
1.64447099e-01	-1.52122895e-01
1.64780663e-01	-1.09171428e-01
1.65114227e-01	-6.13595688e-02
1.65447791e-01	-1.29678852e-02
1.65781355e-01	3.15572743e-02
1.66114919e-01	6.80358592e-02
1.66448484e-01	9.29657601e-02
1.66782048e-01	1.03882121e-01
1.67115612e-01	9.96333199e-02
1.67449176e-01	8.05439851e-02
1.67782740e-01	4.84372372e-02
1.68116304e-01	6.50412890e-03
1.68449868e-01	-4.09808588e-02
1.68783432e-01	-8.90759481e-02
1.69116996e-01	-1.32674174e-01
1.69450560e-01	-1.67030862e-01
1.69784124e-01	-1.88261324e-01
1.70117689e-01	-1.93755632e-01
1.70451253e-01	-1.82471685e-01
1.70784817e-01	-1.55078747e-01
1.71118381e-01	-1.13935000e-01
1.71451945e-01	-6.28886012e-02
1.71785509e-01	-6.91118378e-03
1.72119073e-01	4.84076111e-02
1.72452637e-01	9.74514873e-02
1.72786201e-01	1.35187360e-01
1.73119765e-01	1.57714509e-01
1.73453330e-01	1.62686090e-01
1.73786894e-01	1.49554202e-01
1.74120458e-01	1.19616586e-01
1.74454022e-01	7.58660414e-02
1.74787586e-01	2.26674883e-02
1.75121150e-01	-3.47024871e-02
1.75454714e-01	-9.06058648e-02
1.75788278e-01	-1.39628775e-01
1.76121842e-01	-1.77138159e-01
1.76455406e-01	-1.99751680e-01
1.76788970e-01	-2.05670659e-01
1.77122535e-01	-1.94843344e-01
1.77456099e-01	-1.68945605e-01
1.77789663e-01	-1.31190030e-01
1.78123227e-01	-8.59846031e-02
1.78456791e-01	-3.84762407e-02
1.78790355e-01	5.98080101e-03
1.79123919e-01	4.23826948e-02
1.79457483e-01	6.66072791e-02
1.79791047e-01	7.58596884e-02
1.80124611e-01	6.89799871e-02
1.80458176e-01	4.65727465e-02
1.80791740e-01	1.09446535e-02
1.81125304e-01	-3.41430357e-02
1.81458868e-01	-8.38739907e-02
1.81792432e-01	-1.32881729e-01
1.82125996e-01	-1.75806678e-01
1.82459560e-01	-2.07854124e-01
1.82793124e-01	-2.25295915e-01
1.83126688e-01	-2.25863849e-01
1.83460252e-01	-2.08987914e-01
1.83793816e-01	-1.75848474e-01
1.84127381e-01	-1.29231890e-01
1.84460945e-01	-7.32114396e-02
1.84794509e-01	-1.26980754e-02
1.85128073e-01	4.70744138e-02
1.85461637e-01	1.01067161e-01
1.85795201e-01	1.44903754e-01
1.86128765e-01	1.75252009e-01
1.86462329e-01	1.90096402e-01
1.86795893e-01	1.88890638e-01
1.87129457e-01	1.72579801e-01
1.87463022e-01	1.43487878e-01
1.87796586e-01	1.05073713e-01
1.88130150e-01	6.15766294e-02
1.88463714e-01	1.75853197e-02
1.88797278e-01	-2.24215739e-02
1.89130842e-01	-5.45129891e-02
1.89464406e-01	-7.56748159e-02
1.89797970e-01	-8.40784916e-02
1.90131534e-01	-7.92252903e-02
1.90465098e-01	-6.19599822e-02
1.90798662e-01	-3.43560001e-02
1.91132227e-01	5.14414662e-04
1.91465791e-01	3.89032922e-02
1.91799355e-01	7.67658830e-02
1.92132919e-01	1.10153887e-01
1.92466483e-01	1.35581952e-01
1.92800047e-01	1.50336388e-01
1.93133611e-01	1.52702737e-01
1.93467175e-01	1.42103755e-01
1.93800739e-01	1.19142040e-01
1.94134303e-01	8.55458925e-02
1.94467868e-01	4.40166867e-02
1.94801432e-01	-2.01641415e-03
1.95134996e-01	-4.87194766e-02
1.95468560e-01	-9.22223130e-02
1.95802124e-01	-1.28990214e-01
1.96135688e-01	-1.56151016e-01
1.96469252e-01	-1.71742165e-01
1.96802816e-01	-1.74854337e-01
1.97136380e-01	-1.65669015e-01
1.97469944e-01	-1.45400618e-01
1.97803508e-01	-1.16160077e-01
1.98137073e-01	-8.07540047e-02
1.98470637e-01	-4.24361862e-02
1.98804201e-01	-4.62639528e-03
1.99137765e-01	2.93823020e-02
1.99471329e-01	5.67065972e-02
1.99804893e-01	7.51211656e-02
2.00138457e-01	8.32506161e-02
2.00472021e-01	8.06890157e-02
2.00805585e-01	6.80405950e-02
2.01139149e-01	4.68760814e-02
2.01472713e-01	1.96053298e-02
2.01806278e-01	-1.07292596e-02
2.02139842e-01	-4.07248925e-02
2.02473406e-01	-6.69353087e-02
2.02806970e-01	-8.61973851e-02
2.03140534e-01	-9.59313442e-02
2.03474098e-01	-9.43829351e-02
2.03807662e-01	-8.07876054e-02
2.04141226e-01	-5.54470605e-02
2.04474790e-01	-1.97226731e-02
2.04808354e-01	2.40502498e-02
2.05141919e-01	7.27260747e-02
2.05475483e-01	1.22592327e-01
2.05809047e-01	1.69687354e-01
2.06142611e-01	2.10177842e-01
2.06476175e-01	2.40759714e-01
2.06809739e-01	2.59030119e-01
2.07143303e-01	2.63774329e-01
2.07476867e-01	2.55122367e-01
2.07810431e-01	2.34547139e-01
2.08143995e-01	2.04707861e-01
2.08477559e-01	1.69164966e-01
2.08811124e-01	1.32007753e-01
2.09144688e-01	9.74400081e-02
2.09478252e-01	6.93694924e-02
2.09811816e-01	5.10372407e-02
2.10145380e-01	4.47162131e-02
2.10478944e-01	5.15000174e-02
2.10812508e-01	7.11946434e-02
2.11146072e-01	1.02315967e-01
2.11479636e-01	1.42194347e-01
2.11813200e-01	1.87180793e-01
2.12146765e-01	2.32946779e-01
2.12480329e-01	2.74863789e-01
2.12813893e-01	3.08441050e-01
2.13147457e-01	3.29784785e-01
2.13481021e-01	3.36030152e-01
2.13814585e-01	3.25687277e-01
2.14148149e-01	2.98848479e-01
2.14481713e-01	2.57219664e-01
2.14815277e-01	2.03969552e-01
2.15148841e-01	1.43416524e-01
2.15482405e-01	8.05962203e-02
2.15815970e-01	2.07641745e-02
2.16149534e-01	-3.11139602e-02
2.16483098e-01	-7.08426159e-02
2.16816662e-01	-9.54069783e-02
2.17150226e-01	-1.03279979e-01
2.17483790e-01	-9.45953047e-02
2.17817354e-01	-7.11625027e-02
2.18150918e-01	-3.63091268e-02
2.18484482e-01	5.44107205e-03
2.18818046e-01	4.88221946e-02
2.19151611e-01	8.83636154e-02
2.19485175e-01	1.18951425e-01
2.19818739e-01	1.36350647e-01
2.20152303e-01	1.37637643e-01
2.20485867e-01	1.21500678e-01
2.20819431e-01	8.83788965e-02
2.21152995e-01	4.04268530e-02
2.21486559e-01	-1.86901151e-02
2.21820123e-01	-8.41505490e-02
2.22153687e-01	-1.50443028e-01
2.22487251e-01	-2.11893740e-01
2.22820816e-01	-2.63203002e-01
2.23154380e-01	-2.99944959e-01
2.23487944e-01	-3.18990122e-01
2.23821508e-01	-3.18820296e-01
2.24155072e-01	-2.99709676e-01
2.24488636e-01	-2.63747961e-01
2.24822200e-01	-2.14685330e-01
2.25155764e-01	-1.57595238e-01
2.25489328e-01	-9.83727773e-02
2.25822892e-01	-4.31156145e-02
2.26156457e-01	2.53935317e-03
2.26490021e-01	3.40358915e-02
2.26823585e-01	4.83946655e-02
2.27157149e-01	4.45243112e-02
2.27490713e-01	2.33153872e-02
2.27824277e-01	-1.24830638e-02
2.28157841e-01	-5.85776318e-02
2.28491405e-01	-1.09593692e-01
2.28824969e-01	-1.59635036e-01
2.29158533e-01	-2.02883061e-01
2.29492097e-01	-2.34177448e-01
2.29825662e-01	-2.49525372e-01
2.30159226e-01	-2.46494250e-01
2.30492790e-01	-2.24456808e-01
2.30826354e-01	-1.84669540e-01
2.31159918e-01	-1.30178812e-01
2.31493482e-01	-6.55597842e-02
2.31827046e-01	3.49648920e-03
2.32160610e-01	7.07214774e-02
2.32494174e-01	1.29889295e-01
2.32827738e-01	1.75458620e-01
2.33161303e-01	2.03162938e-01
2.33494867e-01	2.10474631e-01
2.33828431e-01	1.96881471e-01
2.34161995e-01	1.63940747e-01
2.34495559e-01	1.15108860e-01
2.34829123e-01	5.53752686e-02
2.35162687e-01	-9.25063548e-03
2.35496251e-01	-7.23417835e-02
2.35829815e-01	-1.27687606e-01
2.36163379e-01	-1.69905498e-01
2.36496943e-01	-1.94977230e-01
2.36830508e-01	-2.00658610e-01
2.37164072e-01	-1.86716037e-01
2.37497636e-01	-1.54956526e-01
2.37831200e-01	-1.09039251e-01
2.38164764e-01	-5.40839786e-02
2.38498328e-01	3.87940096e-03
2.38831892e-01	5.85561407e-02
2.39165456e-01	1.04052334e-01
2.39499020e-01	1.35488436e-01
2.39832584e-01	1.49498130e-01
2.40166149e-01	1.44564767e-01
2.40499713e-01	1.21165080e-01
2.40833277e-01	8.17094656e-02
2.41166841e-01	3.02889024e-02
2.41500405e-01	-2.77411052e-02
2.41833969e-01	-8.62948354e-02
2.42167533e-01	-1.39154351e-01
2.42501097e-01	-1.80574636e-01
2.42834661e-01	-2.05845251e-01
2.43168225e-01	-2.11763666e-01
2.43501789e-01	-1.96978924e-01
2.43835354e-01	-1.62169081e-01
2.44168918e-01	-1.10023908e-01
2.44502482e-01	-4.50178601e-02
2.44836046e-01	2.70190881e-02
2.45169610e-01	9.94934812e-02
2.45503174e-01	1.65735382e-01
2.45836738e-01	2.19696481e-01
2.46170302e-01	2.56572009e-01
2.46503866e-01	2.73273409e-01
2.46837430e-01	2.68706448e-01
2.47170995e-01	2.43836897e-01
2.47504559e-01	2.01548620e-01
2.47838123e-01	1.46318041e-01
2.48171687e-01	8.37417108e-02
2.48505251e-01	1.99633533e-02
2.48838815e-01	-3.89442241e-02
2.49172379e-01	-8.75803183e-02
2.49505943e-01	-1.21740193e-01
2.49839507e-01	-1.38809741e-01
2.50173071e-01	-1.37994172e-01
2.50506635e-01	-1.20363364e-01
2.50840200e-01	-8.87159731e-02
2.51173764e-01	-4.72772132e-02
2.51507328e-01	-1.25690797e-03
2.51840892e-01	4.36936274e-02
2.52174456e-01	8.20756182e-02
2.52508020e-01	1.09128608e-01
2.52841584e-01	1.21342324e-01
2.53175148e-01	1.16833949e-01
2.53508712e-01	9.55467290e-02
2.53842276e-01	5.92507735e-02
2.54175841e-01	1.13521832e-02
2.54509405e-01	-4.34603252e-02
2.54842969e-01	-9.96897648e-02
2.55176533e-01	-1.51579011e-01
2.55510097e-01	-1.93683597e-01
2.55843661e-01	-2.21418349e-01
2.56177225e-01	-2.31527898e-01
2.56510789e-01	-2.22431052e-01
2.56844353e-01	-1.94396885e-01
2.57177917e-01	-1.49527489e-01
2.57511481e-01	-9.15474882e-02
2.57845046e-01	-2.54247069e-02
2.58178610e-01	4.31314411e-02
2.58512174e-01	1.08235307e-01
2.58845738e-01	1.64392814e-01
2.59179302e-01	2.07016438e-01
2.59512866e-01	2.32839722e-01
2.59846430e-01	2.40196311e-01
2.60179994e-01	2.29140175e-01
2.60513558e-01	2.01398320e-01
2.60847122e-01	1.60164021e-01
2.61180687e-01	1.09756946e-01
2.61514251e-01	5.51874419e-02
2.61847815e-01	1.67048752e-03
2.62181379e-01	-4.58648474e-02
2.62514943e-01	-8.32286091e-02
2.62848507e-01	-1.07351975e-01
2.63182071e-01	-1.16566491e-01
2.63515635e-01	-1.10752959e-01
2.63849199e-01	-9.13393278e-02
2.64182763e-01	-6.11405275e-02
2.64516327e-01	-2.40494722e-02
2.64849892e-01	1.53884201e-02
2.65183456e-01	5.24672253e-02
2.65517020e-01	8.28187188e-02
2.65850584e-01	1.02859777e-01
2.66184148e-01	1.10142154e-01
2.66517712e-01	1.03575554e-01
2.66851276e-01	8.35099822e-02
2.67184840e-01	5.16763869e-02
2.67518404e-01	1.09931815e-02
2.67851968e-01	-3.47414443e-02
2.68185533e-01	-8.12434914e-02
2.68519097e-01	-1.24184175e-01
2.68852661e-01	-1.59630805e-01
2.69186225e-01	-1.84438445e-01
2.69519789e-01	-1.96552813e-01
2.69853353e-01	-1.95196206e-01
2.70186917e-01	-1.80924513e-01
2.70520481e-01	-1.55555504e-01
2.70854045e-01	-1.21979739e-01
2.71187609e-01	-8.38702971e-02
2.71521173e-01	-4.53162605e-02
2.71854738e-01	-1.04123665e-02
2.72188302e-01	1.71540644e-02
2.72521866e-01	3.44747186e-02
2.72855430e-01	3.97061647e-02
2.73188994e-01	3.22391218e-02
2.73522558e-01	1.27362088e-02
2.73856122e-01	-1.69582484e-02
2.74189686e-01	-5.40205832e-02
2.74523250e-01	-9.49358459e-02
2.74856814e-01	-1.35843080e-01
2.75190379e-01	-1.72907138e-01
2.75523943e-01	-2.02685601e-01
2.75857507e-01	-2.22455074e-01
2.76191071e-01	-2.30464298e-01
2.76524635e-01	-2.26086002e-01
2.76858199e-01	-2.09852597e-01
2.77191763e-01	-1.83374927e-01
2.77525327e-01	-1.49159396e-01
2.77858891e-01	-1.10346807e-01
2.78192455e-01	-7.04025997e-02
2.78526019e-01	-3.27866795e-02
2.78859584e-01	-6.30963976e-04
2.79193148e-01	2.35493114e-02
2.79526712e-01	3.80824031e-02
2.79860276e-01	4.22821505e-02
2.80193840e-01	3.64889967e-02
2.80527404e-01	2.20071730e-02
2.80860968e-01	9.48365165e-04
2.81194532e-01	-2.39936806e-02
2.81528096e-01	-4.98104738e-02
2.81861660e-01	-7.34604405e-02
2.82195225e-01	-9.21428022e-02
2.82528789e-01	-1.03543946e-01
2.82862353e-01	-1.06041041e-01
2.83195917e-01	-9.88458397e-02
2.83529481e-01	-8.20740652e-02
2.83863045e-01	-5.67293188e-02
2.84196609e-01	-2.46020233e-02
2.84530173e-01	1.19063749e-02
2.84863737e-01	5.00115854e-02
2.85197301e-01	8.68018541e-02
2.85530865e-01	1.19494574e-01
2.85864430e-01	1.45673487e-01
2.86197994e-01	1.63487988e-01
2.86531558e-01	1.71801511e-01
2.86865122e-01	1.70276036e-01
2.87198686e-01	1.59384625e-01
2.87532250e-01	1.40349379e-01
2.87865814e-01	1.15013737e-01
2.88199378e-01	8.56634838e-02
2.88532942e-01	5.48174106e-02
2.88866506e-01	2.50079137e-02
2.89200071e-01	-1.42975500e-03
2.89533635e-01	-2.25474614e-02
2.89867199e-01	-3.69410254e-02
2.90200763e-01	-4.38628855e-02
2.90534327e-01	-4.32769828e-02
2.90867891e-01	-3.58465221e-02
2.91201455e-01	-2.28511354e-02
2.91535019e-01	-6.04382842e-03
2.91868583e-01	1.25336332e-02
2.92202147e-01	3.07515886e-02
2.92535711e-01	4.65868641e-02
2.92869276e-01	5.82922734e-02
2.93202840e-01	6.45340827e-02
2.93536404e-01	6.44936867e-02
2.93869968e-01	5.79318971e-02
2.94203532e-01	4.52109957e-02
2.94537096e-01	2.72711109e-02
2.94870660e-01	5.55724655e-03
2.95204224e-01	-1.80997727e-02
2.95537788e-01	-4.16400501e-02
2.95871352e-01	-6.29534452e-02
2.96204917e-01	-8.00656041e-02
2.96538481e-01	-9.13150190e-02
2.96872045e-01	-9.55085494e-02
2.97205609e-01	-9.20418292e-02
2.97539173e-01	-8.09716222e-02
2.97872737e-01	-6.30264794e-02
2.98206301e-01	-3.95502318e-02
2.98539865e-01	-1.23796664e-02
2.98873429e-01	1.63298025e-02
2.99206993e-01	4.43087623e-02
2.99540557e-01	6.93811666e-02
2.99874122e-01	8.96531949e-02
3.00207686e-01	1.03669066e-01
3.00541250e-01	1.10528111e-01
3.00874814e-01	1.09960003e-01
3.01208378e-01	1.02357510e-01
3.01541942e-01	8.87604273e-02
3.01875506e-01	7.07848752e-02
3.02209070e-01	5.04943378e-02
3.02542634e-01	3.02184038e-02
3.02876198e-01	1.23334254e-02
3.03209763e-01	-9.70523923e-04
3.03543327e-01	-7.91114503e-03
3.03876891e-01	-7.29918293e-03
3.04210455e-01	1.32987563e-03
3.04544019e-01	1.76506716e-02
3.04877583e-01	4.05547854e-02
3.05211147e-01	6.82315622e-02
3.05544711e-01	9.83180504e-02
3.05878275e-01	1.28108282e-01
3.06211839e-01	1.54802845e-01
3.06545403e-01	1.75775424e-01
3.06878968e-01	1.88828785e-01
3.07212532e-01	1.92416288e-01
3.07546096e-01	1.85808004e-01
3.07879660e-01	1.69188079e-01
3.08213224e-01	1.43672523e-01
3.08546788e-01	1.11241301e-01
3.08880352e-01	7.45820968e-02
3.09213916e-01	3.68532163e-02
3.09547480e-01	1.38274872e-03
3.09881044e-01	-2.86643619e-02
3.10214609e-01	-5.06117259e-02
3.10548173e-01	-6.25467514e-02
3.10881737e-01	-6.35126798e-02
3.11215301e-01	-5.35975523e-02
3.11548865e-01	-3.39187485e-02
3.11882429e-01	-6.51351596e-03
3.12215993e-01	2.58465236e-02
3.12549557e-01	5.98999397e-02
3.12883121e-01	9.21818769e-02
3.13216685e-01	1.19336553e-01
3.13550249e-01	1.38434709e-01
3.13883814e-01	1.47270184e-01
3.14217378e-01	1.44604165e-01
3.14550942e-01	1.30326797e-01
3.14884506e-01	1.05510125e-01
3.15218070e-01	7.23396565e-02
3.15551634e-01	3.39248501e-02
3.15885198e-01	-5.99635613e-03
3.16218762e-01	-4.34323423e-02
3.16552326e-01	-7.45523938e-02
3.16885890e-01	-9.60966260e-02
3.17219455e-01	-1.05733878e-01
3.17553019e-01	-1.02324085e-01
3.17886583e-01	-8.60517479e-02
3.18220147e-01	-5.84171639e-02
3.18553711e-01	-2.20898913e-02
3.18887275e-01	1.93536464e-02
3.19220839e-01	6.17760379e-02
3.19554403e-01	1.00871329e-01
3.19887967e-01	1.32571626e-01
3.20221531e-01	1.53436815e-01
3.20555095e-01	1.60997420e-01
3.20888660e-01	1.54020297e-01
3.21222224e-01	1.32668407e-01
3.21555788e-01	9.85283375e-02
3.21889352e-01	5.44931569e-02
3.22222916e-01	4.50603675e-03
3.22556480e-01	-4.68113552e-02
3.22890044e-01	-9.46075733e-02
3.23223608e-01	-1.34278551e-01
3.23557172e-01	-1.61925129e-01
3.23890736e-01	-1.74748147e-01
3.24224301e-01	-1.71344928e-01
3.24557865e-01	-1.51877089e-01
3.24891429e-01	-1.18091119e-01
3.25224993e-01	-7.31834041e-02
3.25558557e-01	-2.15156012e-02
3.25892121e-01	3.17960335e-02
3.26225685e-01	8.13772055e-02
3.26559249e-01	1.22129435e-01
3.26892813e-01	1.49746908e-01
3.27226377e-01	1.61163264e-01
3.27559941e-01	1.54882468e-01
3.27893506e-01	1.31158822e-01
3.28227070e-01	9.20018296e-02
3.28560634e-01	4.09982981e-02
3.28894198e-01	-1.70356958e-02
3.29227762e-01	-7.65394499e-02
3.29561326e-01	-1.31776277e-01
3.29894890e-01	-1.77419781e-01
3.30228454e-01	-2.09091090e-01
3.30562018e-01	-2.23790373e-01
3.30895582e-01	-2.20183017e-01
3.31229147e-01	-1.98720465e-01
3.31562711e-01	-1.61593267e-01
3.31896275e-01	-1.12525187e-01
3.32229839e-01	-5.64261097e-02
3.32563403e-01	1.06951809e-03
3.32896967e-01	5.41428918e-02
3.33230531e-01	9.73638052e-02
3.33564095e-01	1.26240413e-01
3.33897659e-01	1.40347657e-01
