-8.00553828e-03	-1.12424515e-03
-7.67197419e-03	-2.36905430e-03
-7.33841009e-03	-5.65415666e-03
-7.00484600e-03	-1.31909681e-02
-6.67128190e-03	-2.95645022e-02
-6.33771781e-03	-6.37773012e-02
-6.00415371e-03	-1.32240168e-01
-5.67058962e-03	-2.63546263e-01
-5.33702552e-03	-5.04708908e-01
-5.00346143e-03	-9.28746952e-01
-4.66989733e-03	-1.64202552e+00
-4.33633324e-03	-2.78899903e+00
-4.00276914e-03	-4.55041022e+00
-3.66920505e-03	-7.13059350e+00
-3.33564095e-03	-1.07299591e+01
-3.00207686e-03	-1.55015187e+01
-2.66851276e-03	-2.14949830e+01
-2.33494867e-03	-2.85981529e+01
-2.00138457e-03	-3.64909769e+01
-1.66782048e-03	-4.46302486e+01
-1.33425638e-03	-5.22800493e+01
-1.00069229e-03	-5.85938534e+01
-6.67128190e-04	-6.27401600e+01
-3.33564095e-04	-6.40486984e+01
1.85165269e-18	-6.21440295e+01
3.33564095e-04	-5.70323316e+01
6.67128190e-04	-4.91169625e+01
1.00069229e-03	-3.91365368e+01
1.33425638e-03	-2.80399813e+01
1.66782048e-03	-1.68292168e+01
2.00138457e-03	-6.40658404e+00
2.33494867e-03	2.54075156e+00
2.66851276e-03	9.60060756e+00
3.00207686e-03	1.46377313e+01
3.33564095e-03	1.77499441e+01
3.66920505e-03	1.91984578e+01
4.00276914e-03	1.93329110e+01
4.33633324e-03	1.85268377e+01
4.66989733e-03	1.71318565e+01
5.00346143e-03	1.54519457e+01
5.33702552e-03	1.37343745e+01
5.67058962e-03	1.21717679e+01
6.00415371e-03	1.09097006e+01
6.33771781e-03	1.00553618e+01
6.67128190e-03	9.68429026e+00
7.00484600e-03	9.84367028e+00
7.33841009e-03	1.05519005e+01
7.67197419e-03	1.17953035e+01
8.00553828e-03	1.35237024e+01
8.33910238e-03	1.56472541e+01
8.67266648e-03	1.80369879e+01
9.00623057e-03	2.05310022e+01
9.33979467e-03	2.29470721e+01
9.67335876e-03	2.51009246e+01
1.00069229e-02	2.68278456e+01
1.03404870e-02	2.80041254e+01
1.06740510e-02	2.85642806e+01
1.10076151e-02	2.85103633e+01
1.13411792e-02	2.79108526e+01
1.16747433e-02	2.68885834e+01
1.20083074e-02	2.55993835e+01
1.23418715e-02	2.42051922e+01
1.26754356e-02	2.28467889e+01
1.30089997e-02	2.16215729e+01
1.33425638e-02	2.05708031e+01
1.36761279e-02	1.96786216e+01
1.40096920e-02	1.88824686e+01
1.43432561e-02	1.80919959e+01
1.46768202e-02	1.72118682e+01
1.50103843e-02	1.61634330e+01
1.53439484e-02	1.49010216e+01
1.56775125e-02	1.34203757e+01
1.60110766e-02	1.17586749e+01
1.63446407e-02	9.98737864e+00
1.66782048e-02	8.20014055e+00
1.70117689e-02	6.49842888e+00
1.73453330e-02	4.97726287e+00
1.76788970e-02	3.71299920e+00
1.80124611e-02	2.75450824e+00
1.83460252e-02	2.11856093e+00
1.86795893e-02	1.78972009e+00
1.90131534e-02	1.72451236e+00
1.93467175e-02	1.85906878e+00
1.96802816e-02	2.11889191e+00
2.00138457e-02	2.42901757e+00
2.03474098e-02	2.72279244e+00
2.06809739e-02	2.94781766e+00
2.10145380e-02	3.06833803e+00
2.13481021e-02	3.06424489e+00
2.16816662e-02	2.92771791e+00
2.20152303e-02	2.65903372e+00
2.23487944e-02	2.26310722e+00
2.26823585e-02	1.74784238e+00
2.30159226e-02	1.12456148e+00
2.33494867e-02	4.09897462e-01
2.36830508e-02	-3.72085504e-01
2.40166149e-02	-1.18894820e+00
2.43501789e-02	-2.00113688e+00
2.46837430e-02	-2.76571805e+00
2.50173071e-02	-3.44196186e+00
2.53508712e-02	-3.99745782e+00
2.56844353e-02	-4.41317361e+00
2.60179994e-02	-4.68612957e+00
2.63515635e-02	-4.82903438e+00
2.66851276e-02	-4.86708921e+00
2.70186917e-02	-4.83289554e+00
2.73522558e-02	-4.76078661e+00
2.76858199e-02	-4.68184187e+00
2.80193840e-02	-4.62042697e+00
2.83529481e-02	-4.59250642e+00
2.86865122e-02	-4.60544889e+00
2.90200763e-02	-4.65875769e+00
2.93536404e-02	-4.74517691e+00
2.96872045e-02	-4.85186921e+00
3.00207686e-02	-4.96167314e+00
3.03543327e-02	-5.05465337e+00
3.06878968e-02	-5.11015296e+00
3.10214609e-02	-5.10934812e+00
3.13550249e-02	-5.03799502e+00
3.16885890e-02	-4.88881113e+00
3.20221531e-02	-4.66287923e+00
3.23557172e-02	-4.36965101e+00
3.26892813e-02	-4.02549186e+00
3.30228454e-02	-3.65112065e+00
3.33564095e-02	-3.26858974e+00
3.36899736e-02	-2.89853403e+00
3.40235377e-02	-2.55826869e+00
3.43571018e-02	-2.26101488e+00
3.46906659e-02	-2.01616851e+00
3.50242300e-02	-1.83023390e+00
3.53577941e-02	-1.70788969e+00
3.56913582e-02	-1.65268457e+00
3.60249223e-02	-1.66703317e+00
3.63584864e-02	-1.75146641e+00
3.66920505e-02	-1.90338553e+00
3.70256146e-02	-2.11580138e+00
3.73591787e-02	-2.37660295e+00
3.76927428e-02	-2.66877990e+00
3.80263069e-02	-2.97172935e+00
3.83598709e-02	-3.26343102e+00
3.86934350e-02	-3.52297815e+00
3.90269991e-02	-3.73284142e+00
3.93605632e-02	-3.88033734e+00
3.96941273e-02	-3.95805915e+00
4.00276914e-02	-3.96335378e+00
4.03612555e-02	-3.89718720e+00
4.06948196e-02	-3.76282837e+00
4.10283837e-02	-3.56472856e+00
4.13619478e-02	-3.30780452e+00
4.16955119e-02	-2.99717441e+00
4.20290760e-02	-2.63827629e+00
4.23626401e-02	-2.23725887e+00
4.26962042e-02	-1.80150661e+00
4.30297683e-02	-1.34014858e+00
4.33633324e-02	-8.64361488e-01
4.36968965e-02	-3.87272096e-01
4.40304606e-02	7.66904994e-02
4.43640247e-02	5.12992115e-01
4.46975888e-02	9.08554510e-01
4.50311529e-02	1.25331307e+00
4.53647169e-02	1.54133856e+00
4.56982810e-02	1.77115735e+00
4.60318451e-02	1.94513282e+00
4.63654092e-02	2.06804988e+00
4.66989733e-02	2.14530461e+00
4.70325374e-02	2.18121741e+00
4.73661015e-02	2.17795902e+00
4.76996656e-02	2.13538764e+00
4.80332297e-02	2.05183818e+00
4.83667938e-02	1.92562560e+00
4.87003579e-02	1.75683620e+00
4.90339220e-02	1.54889209e+00
4.93674861e-02	1.30943205e+00
4.97010502e-02	1.05020543e+00
5.00346143e-02	7.85929627e-01
5.03681784e-02	5.32324447e-01
5.07017425e-02	3.03780689e-01
5.10353066e-02	1.11245465e-01
5.13688707e-02	-3.91042998e-02
5.17024348e-02	-1.46028303e-01
5.20359989e-02	-2.12168956e-01
5.23695629e-02	-2.42085264e-01
5.27031270e-02	-2.39965944e-01
5.30366911e-02	-2.07740865e-01
5.33702552e-02	-1.44193258e-01
5.37038193e-02	-4.53771734e-02
5.40373834e-02	9.37653900e-02
5.43709475e-02	2.77056753e-01
5.47045116e-02	5.04706479e-01
5.50380757e-02	7.71607281e-01
5.53716398e-02	1.06681359e+00
5.57052039e-02	1.37437030e+00
5.60387680e-02	1.67530333e+00
5.63723321e-02	1.95028792e+00
5.67058962e-02	2.18237628e+00
5.70394603e-02	2.35918497e+00
5.73730244e-02	2.47411496e+00
5.77065885e-02	2.52641880e+00
5.80401526e-02	2.52020061e+00
5.83737167e-02	2.46264973e+00
5.87072808e-02	2.36195621e+00
5.90408449e-02	2.22539653e+00
5.93744089e-02	2.05803060e+00
5.97079730e-02	1.86229752e+00
6.00415371e-02	1.63858401e+00
6.03751012e-02	1.38658536e+00
6.07086653e-02	1.10706751e+00
6.10422294e-02	8.03510614e-01
6.13757935e-02	4.83140450e-01
6.17093576e-02	1.57013538e-01
6.20429217e-02	-1.60909493e-01
6.23764858e-02	-4.55491979e-01
6.27100499e-02	-7.12526563e-01
6.30436140e-02	-9.20720150e-01
6.33771781e-02	-1.07311664e+00
6.37107422e-02	-1.16768098e+00
6.40443063e-02	-1.20697019e+00
6.43778704e-02	-1.19701746e+00
6.47114345e-02	-1.14569878e+00
6.50449986e-02	-1.06093806e+00
6.53785627e-02	-9.49123855e-01
6.57121268e-02	-8.14073095e-01
6.60456908e-02	-6.56773655e-01
6.63792549e-02	-4.75987256e-01
6.67128190e-02	-2.69604058e-01
6.70463831e-02	-3.64519707e-02
6.73799472e-02	2.21883248e-01
6.77135113e-02	4.99716132e-01
6.80470754e-02	7.86810287e-01
6.83806395e-02	1.06902497e+00
6.87142036e-02	1.32998397e+00
6.90477677e-02	1.55340781e+00
6.93813318e-02	1.72556420e+00
6.97148959e-02	1.83725544e+00
7.00484600e-02	1.88489370e+00
7.03820241e-02	1.87046820e+00
7.07155882e-02	1.80049851e+00
7.10491523e-02	1.68429985e+00
7.13827164e-02	1.53200474e+00
7.17162805e-02	1.35277892e+00
7.20498446e-02	1.15356675e+00
7.23834087e-02	9.38553143e-01
7.27169728e-02	7.09379685e-01
7.30505368e-02	4.66021679e-01
7.33841009e-02	2.08123369e-01
7.37176650e-02	-6.34949780e-02
7.40512291e-02	-3.45497672e-01
7.43847932e-02	-6.31203682e-01
7.47183573e-02	-9.10536371e-01
7.50519214e-02	-1.17086487e+00
7.53854855e-02	-1.39863352e+00
7.57190496e-02	-1.58145163e+00
7.60526137e-02	-1.71015634e+00
7.63861778e-02	-1.78032664e+00
7.67197419e-02	-1.79284886e+00
7.70533060e-02	-1.75338017e+00
7.73868701e-02	-1.67085934e+00
7.77204342e-02	-1.55547011e+00
7.80539983e-02	-1.41659659e+00
7.83875624e-02	-1.26127558e+00
7.87211265e-02	-1.09348115e+00
7.90546906e-02	-9.14328413e-01
7.93882547e-02	-7.23047469e-01
7.97218188e-02	-5.18414442e-01
8.00553828e-02	-3.00271592e-01
8.03889469e-02	-7.07959697e-02
8.07225110e-02	1.64737198e-01
8.10560751e-02	3.97848558e-01
8.13896392e-02	6.17448771e-01
8.17232033e-02	8.11072151e-01
8.20567674e-02	9.66572628e-01
8.23903315e-02	1.07399799e+00
8.27238956e-02	1.12727312e+00
8.30574597e-02	1.12531007e+00
8.33910238e-02	1.07223948e+00
8.37245879e-02	9.76644196e-01
8.40581520e-02	8.49914789e-01
8.43917161e-02	7.04084803e-01
8.47252802e-02	5.49648844e-01
8.50588443e-02	3.93884156e-01
8.53924084e-02	2.40059615e-01
8.57259725e-02	8.76858017e-02
8.60595366e-02	-6.63089244e-02
8.63931007e-02	-2.25804973e-01
8.67266648e-02	-3.93571502e-01
8.70602288e-02	-5.69646861e-01
8.73937929e-02	-7.50375215e-01
8.77273570e-02	-9.28293425e-01
8.80609211e-02	-1.09288906e+00
8.83944852e-02	-1.23208001e+00
8.87280493e-02	-1.33413911e+00
8.90616134e-02	-1.38969573e+00
8.93951775e-02	-1.39342299e+00
8.97287416e-02	-1.34505455e+00
9.00623057e-02	-1.24949398e+00
9.03958698e-02	-1.11595260e+00
9.07294339e-02	-9.56271487e-01
9.10629980e-02	-7.82775846e-01
9.13965621e-02	-6.06143364e-01
9.17301262e-02	-4.33775738e-01
9.20636903e-02	-2.69051314e-01
9.23972544e-02	-1.11610247e-01
9.27308185e-02	4.14343624e-02
9.30643826e-02	1.93701562e-01
9.33979467e-02	3.47635383e-01
9.37315108e-02	5.02966574e-01
9.40650748e-02	6.55903037e-01
9.43986389e-02	7.99220308e-01
9.47322030e-02	9.23204522e-01
9.50657671e-02	1.01722498e+00
9.53993312e-02	1.07159693e+00
9.57328953e-02	1.07936563e+00
9.60664594e-02	1.03767003e+00
9.64000235e-02	9.48433070e-01
9.67335876e-02	8.18239255e-01
9.70671517e-02	6.57403734e-01
9.74007158e-02	4.78379533e-01
9.77342799e-02	2.93791121e-01
9.80678440e-02	1.14474867e-01
9.84014081e-02	-5.20609489e-02
9.87349722e-02	-2.02413056e-01
9.90685363e-02	-3.37107945e-01
9.94021004e-02	-4.59512208e-01
9.97356645e-02	-5.74091101e-01
1.00069229e-01	-6.84454303e-01
1.00402793e-01	-7.91685401e-01
1.00736357e-01	-8.93383743e-01
1.01069921e-01	-9.83658074e-01
1.01403485e-01	-1.05407088e+00
1.01737049e-01	-1.09529250e+00
1.02070613e-01	-1.09906390e+00
1.02404177e-01	-1.06001011e+00
1.02737741e-01	-9.76909625e-01
1.03071305e-01	-8.53165862e-01
1.03404870e-01	-6.96415581e-01
1.03738434e-01	-5.17385090e-01
1.04071998e-01	-3.28244353e-01
1.04405562e-01	-1.40783146e-01
1.04739126e-01	3.52495209e-02
1.05072690e-01	1.93346509e-01
1.05406254e-01	3.30773075e-01
1.05739818e-01	4.48339029e-01
1.06073382e-01	5.49463128e-01
1.06406946e-01	6.38722316e-01
1.06740510e-01	7.20190335e-01
1.07074075e-01	7.95933847e-01
1.07407639e-01	8.65019017e-01
1.07741203e-01	9.23286063e-01
1.08074767e-01	9.63981720e-01
1.08408331e-01	9.79139388e-01
1.08741895e-01	9.61406736e-01
1.09075459e-01	9.05897302e-01
1.09409023e-01	8.11621295e-01
1.09742587e-01	6.82143715e-01
1.10076151e-01	5.25301483e-01
1.10409716e-01	3.52038486e-01
1.10743280e-01	1.74625081e-01
1.11076844e-01	4.66276046e-03
1.11410408e-01	-1.48693831e-01
1.11743972e-01	-2.79937795e-01
1.12077536e-01	-3.87620344e-01
1.12411100e-01	-4.73935627e-01
1.12744664e-01	-5.43609988e-01
1.13078228e-01	-6.02351466e-01
1.13411792e-01	-6.55181733e-01
1.13745356e-01	-7.04983471e-01
1.14078921e-01	-7.51550999e-01
1.14412485e-01	-7.91344343e-01
1.14746049e-01	-8.18018593e-01
1.15079613e-01	-8.23653851e-01
1.15413177e-01	-8.00459093e-01
1.15746741e-01	-7.42606299e-01
1.16080305e-01	-6.47793543e-01
1.16413869e-01	-5.18172835e-01
1.16747433e-01	-3.60401957e-01
1.17080997e-01	-1.84779118e-01
1.17414562e-01	-3.63324227e-03
1.17748126e-01	1.70674642e-01
1.18081690e-01	3.27696685e-01
1.18415254e-01	4.60366742e-01
1.18748818e-01	5.65700910e-01
1.19082382e-01	6.44627886e-01
1.19415946e-01	7.01054504e-01
1.19749510e-01	7.40427851e-01
1.20083074e-01	7.68143950e-01
1.20416638e-01	7.88145587e-01
1.20750202e-01	8.01984008e-01
1.21083767e-01	8.08498661e-01
1.21417331e-01	8.04146255e-01
1.21750895e-01	7.83886760e-01
1.22084459e-01	7.42445143e-01
1.22418023e-01	6.75697821e-01
1.22751587e-01	5.81911227e-01
1.23085151e-01	4.62569585e-01
1.23418715e-01	3.22598769e-01
1.23752279e-01	1.69898165e-01
1.24085843e-01	1.42430347e-02
1.24419408e-01	-1.34238981e-01
1.24752972e-01	-2.66695486e-01
1.25086536e-01	-3.76924112e-01
1.25420100e-01	-4.62179309e-01
1.25753664e-01	-5.23232850e-01
1.26087228e-01	-5.63683875e-01
1.26420792e-01	-5.88701844e-01
1.26754356e-01	-6.03512690e-01
1.27087920e-01	-6.11993717e-01
1.27421484e-01	-6.15693876e-01
1.27755048e-01	-6.13484494e-01
1.28088613e-01	-6.01885254e-01
1.28422177e-01	-5.75964720e-01
1.28755741e-01	-5.30597134e-01
1.29089305e-01	-4.61805570e-01
1.29422869e-01	-3.67918824e-01
1.29756433e-01	-2.50321519e-01
1.30089997e-01	-1.13652879e-01
1.30423561e-01	3.45913747e-02
1.30757125e-01	1.84999104e-01
1.31090689e-01	3.27570291e-01
1.31424254e-01	4.53201418e-01
1.31757818e-01	5.55048337e-01
1.32091382e-01	6.29493508e-01
1.32424946e-01	6.76510340e-01
1.32758510e-01	6.99331466e-01
1.33092074e-01	7.03483113e-01
1.33425638e-01	6.95388724e-01
1.33759202e-01	6.80857078e-01
1.34092766e-01	6.63793551e-01
1.34426330e-01	6.45428490e-01
1.34759894e-01	6.24221672e-01
1.35093459e-01	5.96447045e-01
1.35427023e-01	5.57295283e-01
1.35760587e-01	5.02227300e-01
1.36094151e-01	4.28264392e-01
1.36427715e-01	3.34939162e-01
1.36761279e-01	2.24720193e-01
1.37094843e-01	1.02846543e-01
1.37428407e-01	-2.33694074e-02
1.37761971e-01	-1.45617743e-01
1.38095535e-01	-2.55831202e-01
1.38429100e-01	-3.47362755e-01
1.38762664e-01	-4.15891486e-01
1.39096228e-01	-4.59902499e-01
1.39429792e-01	-4.80659779e-01
1.39763356e-01	-4.81680124e-01
1.40096920e-01	-4.67809852e-01
1.40430484e-01	-4.44084990e-01
1.40764048e-01	-4.14611772e-01
1.41097612e-01	-3.81710824e-01
1.41431176e-01	-3.45524542e-01
1.41764740e-01	-3.04188647e-01
1.42098305e-01	-2.54537761e-01
1.42431869e-01	-1.93183712e-01
1.42765433e-01	-1.17706474e-01
1.43098997e-01	-2.76669912e-02
1.43432561e-01	7.48068457e-02
1.43766125e-01	1.85002894e-01
1.44099689e-01	2.96176861e-01
1.44433253e-01	4.00542900e-01
1.44766817e-01	4.90478643e-01
1.45100381e-01	5.59691400e-01
1.45433946e-01	6.04120942e-01
1.45767510e-01	6.22426356e-01
1.46101074e-01	6.15996194e-01
1.46434638e-01	5.88508527e-01
1.46768202e-01	5.45140582e-01
1.47101766e-01	4.91577395e-01
1.47435330e-01	4.32994305e-01
1.47768894e-01	3.73191876e-01
1.48102458e-01	3.14037673e-01
1.48436022e-01	2.55321947e-01
1.48769586e-01	1.95062714e-01
1.49103151e-01	1.30209909e-01
1.49436715e-01	5.76143770e-02
1.49770279e-01	-2.49366999e-02
1.50103843e-01	-1.17843153e-01
1.50437407e-01	-2.19176477e-01
1.50770971e-01	-3.24659188e-01
1.51104535e-01	-4.28164469e-01
1.51438099e-01	-5.22642743e-01
1.51771663e-01	-6.01278996e-01
1.52105227e-01	-6.58626839e-01
1.52438792e-01	-6.91471653e-01
1.52772356e-01	-6.99243455e-01
1.53105920e-01	-6.83911438e-01
1.53439484e-01	-6.49416812e-01
1.53773048e-01	-6.00800001e-01
1.54106612e-01	-5.43230627e-01
1.54440176e-01	-4.81145254e-01
1.54773740e-01	-4.17647282e-01
1.55107304e-01	-3.54250906e-01
1.55440868e-01	-2.90976647e-01
1.55774432e-01	-2.26746403e-01
1.56107997e-01	-1.59985763e-01
1.56441561e-01	-8.93163329e-02
1.56775125e-01	-1.42088494e-02
1.57108689e-01	6.45306833e-02
1.57442253e-01	1.44550570e-01
1.57775817e-01	2.22083700e-01
1.58109381e-01	2.92417957e-01
1.58442945e-01	3.50629963e-01
1.58776509e-01	3.92436122e-01
1.59110073e-01	4.14977197e-01
1.59443638e-01	4.17358818e-01
1.59777202e-01	4.00820737e-01
1.60110766e-01	3.68491579e-01
1.60444330e-01	3.24778460e-01
1.60777894e-01	2.74520352e-01
1.61111458e-01	2.22084467e-01
1.61445022e-01	1.70595221e-01
1.61778586e-01	1.21456280e-01
1.62112150e-01	7.42652025e-02
1.62445714e-01	2.71374437e-02
1.62779278e-01	-2.26301302e-02
1.63112843e-01	-7.76988429e-02
1.63446407e-01	-1.39817440e-01
1.63779971e-01	-2.09129817e-01
1.64113535e-01	-2.83810520e-01
1.64447099e-01	-3.60106405e-01
1.64780663e-01	-4.32777574e-01
1.65114227e-01	-4.95852195e-01
1.65447791e-01	-5.43553412e-01
1.65781355e-01	-5.71229092e-01
1.66114919e-01	-5.76117449e-01
1.66448484e-01	-5.57809654e-01
1.66782048e-01	-5.18320123e-01
1.67115612e-01	-4.61742493e-01
1.67449176e-01	-3.93546683e-01
1.67782740e-01	-3.19647059e-01
1.68116304e-01	-2.45426110e-01
1.68449868e-01	-1.74914384e-01
1.68783432e-01	-1.10295798e-01
1.69116996e-01	-5.18321823e-02
1.69450560e-01	1.79860184e-03
1.69784124e-01	5.28517411e-02
1.70117689e-01	1.03716118e-01
1.70451253e-01	1.56149011e-01
1.70784817e-01	2.10701772e-01
1.71118381e-01	2.66437971e-01
1.71451945e-01	3.20979294e-01
1.71785509e-01	3.70852464e-01
1.72119073e-01	4.12060681e-01
1.72452637e-01	4.40769354e-01
1.72786201e-01	4.53978912e-01
1.73119765e-01	4.50059211e-01
1.73453330e-01	4.29043158e-01
1.73786894e-01	3.92621198e-01
1.74120458e-01	3.43836960e-01
1.74454022e-01	2.86545694e-01
1.74787586e-01	2.24746617e-01
1.75121150e-01	1.61925770e-01
1.75454714e-01	1.00542740e-01
1.75788278e-01	4.17647095e-02
1.76121842e-01	-1.44988892e-02
1.76455406e-01	-6.92687209e-02
1.76788970e-01	-1.23943714e-01
1.77122535e-01	-1.79645101e-01
1.77456099e-01	-2.36606240e-01
1.77789663e-01	-2.93756594e-01
1.78123227e-01	-3.48611409e-01
1.78456791e-01	-3.97511098e-01
1.78790355e-01	-4.36171208e-01
1.79123919e-01	-4.60427987e-01
1.79457483e-01	-4.67017062e-01
1.79791047e-01	-4.54217054e-01
1.80124611e-01	-4.22225700e-01
1.80458176e-01	-3.73199523e-01
1.80791740e-01	-3.10958963e-01
1.81125304e-01	-2.40422079e-01
1.81458868e-01	-1.66871812e-01
1.81792432e-01	-9.51829681e-02
1.82125996e-01	-2.91380221e-02
1.82459560e-01	2.90518841e-02
1.82793124e-01	7.89324933e-02
1.83126688e-01	1.21655102e-01
1.83460252e-01	1.59505051e-01
1.83793816e-01	1.95193892e-01
1.84127381e-01	2.31057878e-01
1.84460945e-01	2.68337696e-01
1.84794509e-01	3.06706374e-01
1.85128073e-01	3.44161379e-01
1.85461637e-01	3.77313856e-01
1.85795201e-01	4.02013823e-01
1.86128765e-01	4.14170175e-01
1.86462329e-01	4.10579994e-01
1.86795893e-01	3.89583813e-01
1.87129457e-01	3.51410012e-01
1.87463022e-01	2.98148788e-01
1.87796586e-01	2.33382746e-01
1.88130150e-01	1.61574697e-01
1.88463714e-01	8.73570002e-02
1.88797278e-01	1.48729145e-02
1.89130842e-01	-5.27083020e-02
1.89464406e-01	-1.13432628e-01
1.89797970e-01	-1.66547387e-01
1.90131534e-01	-2.12270861e-01
1.90465098e-01	-2.51416168e-01
1.90798662e-01	-2.84952234e-01
1.91132227e-01	-3.13581883e-01
1.91465791e-01	-3.37406975e-01
1.91799355e-01	-3.55737536e-01
1.92132919e-01	-3.67085756e-01
1.92466483e-01	-3.69363066e-01
1.92800047e-01	-3.60265511e-01
1.93133611e-01	-3.37790760e-01
1.93467175e-01	-3.00788504e-01
1.93800739e-01	-2.49419232e-01
1.94134303e-01	-1.85398722e-01
1.94467868e-01	-1.11944149e-01
1.94801432e-01	-3.34065691e-02
1.95134996e-01	4.53453842e-02
1.95468560e-01	1.19658477e-01
1.95802124e-01	1.85779602e-01
1.96135688e-01	2.41339511e-01
1.96469252e-01	2.85535626e-01
1.96802816e-01	3.18990075e-01
1.97136380e-01	3.43335980e-01
1.97469944e-01	3.60642017e-01
1.97803508e-01	3.72810270e-01
1.98137073e-01	3.81073927e-01
1.98470637e-01	3.85687566e-01
1.98804201e-01	3.85855742e-01
1.99137765e-01	3.79897480e-01
1.99471329e-01	3.65603777e-01
1.99804893e-01	3.40717342e-01
2.00138457e-01	3.03449576e-01
2.00472021e-01	2.52947787e-01
2.00805585e-01	1.89633951e-01
2.01139149e-01	1.15353610e-01
2.01472713e-01	3.32989745e-02
2.01806278e-01	-5.22964163e-02
2.02139842e-01	-1.36654894e-01
2.02473406e-01	-2.15067450e-01
2.02806970e-01	-2.83514660e-01
2.03140534e-01	-3.39175457e-01
2.03474098e-01	-3.80717081e-01
2.03807662e-01	-4.08301873e-01
2.04141226e-01	-4.23310101e-01
2.04474790e-01	-4.27846604e-01
2.04808354e-01	-4.24152778e-01
2.05141919e-01	-4.14066823e-01
2.05475483e-01	-3.98657118e-01
2.05809047e-01	-3.78102213e-01
2.06142611e-01	-3.51823363e-01
2.06476175e-01	-3.18812688e-01
2.06809739e-01	-2.78059618e-01
2.07143303e-01	-2.28968725e-01
2.07476867e-01	-1.71679862e-01
2.07810431e-01	-1.07235512e-01
2.08143995e-01	-3.75773470e-02
2.08477559e-01	3.46153301e-02
2.08811124e-01	1.06211582e-01
2.09144688e-01	1.73992747e-01
2.09478252e-01	2.35039565e-01
2.09811816e-01	2.87083074e-01
2.10145380e-01	3.28760500e-01
2.10478944e-01	3.59726853e-01
2.10812508e-01	3.80593471e-01
2.11146072e-01	3.92695390e-01
2.11479636e-01	3.97725213e-01
2.11813200e-01	3.97303676e-01
2.12146765e-01	3.92577195e-01
2.12480329e-01	3.83933754e-01
2.12813893e-01	3.70908592e-01
2.13147457e-01	3.52312638e-01
2.13481021e-01	3.26567239e-01
2.13814585e-01	2.92179367e-01
2.14148149e-01	2.48254429e-01
2.14481713e-01	1.94929315e-01
2.14815277e-01	1.33621747e-01
2.15148841e-01	6.70315446e-02
2.15482405e-01	-1.11490420e-03
2.15815970e-01	-6.65286188e-02
2.16149534e-01	-1.24938217e-01
2.16483098e-01	-1.72673261e-01
2.16816662e-01	-2.07142885e-01
2.17150226e-01	-2.27128632e-01
2.17483790e-01	-2.32849549e-01
2.17817354e-01	-2.25799386e-01
2.18150918e-01	-2.08393242e-01
2.18484482e-01	-1.83490600e-01
2.18818046e-01	-1.53881040e-01
2.19151611e-01	-1.21826227e-01
2.19485175e-01	-8.87441146e-02
2.19818739e-01	-5.50967930e-02
2.20152303e-01	-2.05034127e-02
2.20485867e-01	1.59491487e-02
2.20819431e-01	5.52707461e-02
2.21152995e-01	9.81098717e-02
2.21486559e-01	1.44379609e-01
2.21820123e-01	1.93051891e-01
2.22153687e-01	2.42162284e-01
2.22487251e-01	2.89018600e-01
2.22820816e-01	3.30564174e-01
2.23154380e-01	3.63819741e-01
2.23487944e-01	3.86319252e-01
2.23821508e-01	3.96462244e-01
2.24155072e-01	3.93723857e-01
2.24488636e-01	3.78689143e-01
2.24822200e-01	3.52908191e-01
2.25155764e-01	3.18599593e-01
2.25489328e-01	2.78257993e-01
2.25822892e-01	2.34241120e-01
2.26156457e-01	1.88417648e-01
2.26490021e-01	1.41946059e-01
2.26823585e-01	9.52277652e-02
2.27157149e-01	4.80406140e-02
2.27490713e-01	-1.79496880e-04
2.27824277e-01	-4.99723688e-02
2.28157841e-01	-1.01483807e-01
2.28491405e-01	-1.54175356e-01
2.28824969e-01	-2.06681911e-01
2.29158533e-01	-2.56857391e-01
2.29492097e-01	-3.02010813e-01
2.29825662e-01	-3.39294070e-01
2.30159226e-01	-3.66166671e-01
2.30492790e-01	-3.80840763e-01
2.30826354e-01	-3.82609363e-01
2.31159918e-01	-3.71984245e-01
2.31493482e-01	-3.50612800e-01
2.31827046e-01	-3.20993987e-01
2.32160610e-01	-2.86058288e-01
2.32494174e-01	-2.48702990e-01
2.32827738e-01	-2.11376331e-01
2.33161303e-01	-1.75784315e-01
2.33494867e-01	-1.42761179e-01
2.33828431e-01	-1.12309416e-01
2.34161995e-01	-8.37862771e-02
2.34495559e-01	-5.61940685e-02
2.34829123e-01	-2.85207708e-02
2.35162687e-01	-7.31367353e-05
2.35496251e-01	2.92547368e-02
2.35829815e-01	5.88275566e-02
2.36163379e-01	8.72649361e-02
2.36496943e-01	1.12598390e-01
2.36830508e-01	1.32568793e-01
2.37164072e-01	1.45011890e-01
2.37497636e-01	1.48255687e-01
2.37831200e-01	1.41445818e-01
2.38164764e-01	1.24727195e-01
2.38498328e-01	9.92406144e-02
2.38831892e-01	6.69345077e-02
2.39165456e-01	3.02340648e-02
2.39499020e-01	-8.35814907e-03
2.39832584e-01	-4.66422801e-02
2.40166149e-01	-8.30018595e-02
2.40499713e-01	-1.16531732e-01
2.40833277e-01	-1.46998554e-01
2.41166841e-01	-1.74659310e-01
2.41500405e-01	-1.99994149e-01
2.41833969e-01	-2.23423764e-01
2.42167533e-01	-2.45076173e-01
2.42501097e-01	-2.64647166e-01
2.42834661e-01	-2.81371304e-01
2.43168225e-01	-2.94095778e-01
2.43501789e-01	-3.01434406e-01
2.43835354e-01	-3.01974274e-01
2.44168918e-01	-2.94508542e-01
2.44502482e-01	-2.78269333e-01
2.44836046e-01	-2.53130752e-01
2.45169610e-01	-2.19745503e-01
2.45503174e-01	-1.79575980e-01
2.45836738e-01	-1.34789709e-01
2.46170302e-01	-8.80132151e-02
2.46503866e-01	-4.19740236e-02
2.46837430e-01	9.03425451e-04
2.47170995e-01	3.88597199e-02
2.47504559e-01	7.10336411e-02
2.47838123e-01	9.75075669e-02
2.48171687e-01	1.19152223e-01
2.48505251e-01	1.37308521e-01
2.48838815e-01	1.53384287e-01
2.49172379e-01	1.68462155e-01
2.49505943e-01	1.83008058e-01
2.49839507e-01	1.96741316e-01
2.50173071e-01	2.08686377e-01
2.50506635e-01	2.17384030e-01
2.50840200e-01	2.21206656e-01
2.51173764e-01	2.18704503e-01
2.51507328e-01	2.08910522e-01
2.51840892e-01	1.91547797e-01
2.52174456e-01	1.67109820e-01
2.52508020e-01	1.36811702e-01
2.52841584e-01	1.02432680e-01
2.53175148e-01	6.60831051e-02
2.53508712e-01	2.99330432e-02
2.53842276e-01	-4.06146569e-03
2.54175841e-01	-3.44001377e-02
2.54509405e-01	-6.02141541e-02
2.54842969e-01	-8.13432597e-02
2.55176533e-01	-9.82893480e-02
2.55510097e-01	-1.12039901e-01
2.55843661e-01	-1.23783129e-01
2.56177225e-01	-1.34568613e-01
2.56510789e-01	-1.44991154e-01
2.56844353e-01	-1.54980014e-01
2.57177917e-01	-1.63754950e-01
2.57511481e-01	-1.69968458e-01
2.57845046e-01	-1.72002970e-01
2.58178610e-01	-1.68349168e-01
2.58512174e-01	-1.57970681e-01
2.58845738e-01	-1.40567117e-01
2.59179302e-01	-1.16677819e-01
2.59512866e-01	-8.76116622e-02
2.59846430e-01	-5.52299660e-02
2.60179994e-01	-2.16390284e-02
2.60513558e-01	1.11391032e-02
2.60847122e-01	4.14534242e-02
2.61180687e-01	6.82202537e-02
2.61514251e-01	9.10027473e-02
2.61847815e-01	1.09969791e-01
2.62181379e-01	1.25750038e-01
2.62514943e-01	1.39211962e-01
2.62848507e-01	1.51210708e-01
2.63182071e-01	1.62346854e-01
2.63515635e-01	1.72780571e-01
2.63849199e-01	1.82137030e-01
2.64182763e-01	1.89525497e-01
2.64516327e-01	1.93676302e-01
2.64849892e-01	1.93178401e-01
2.65183456e-01	1.86778760e-01
2.65517020e-01	1.73687414e-01
2.65850584e-01	1.53823732e-01
2.66184148e-01	1.27944262e-01
2.66517712e-01	9.76124514e-02
2.66851276e-01	6.50031455e-02
2.67184840e-01	3.25733094e-02
2.67518404e-01	2.66463517e-03
2.67851968e-01	-2.28766580e-02
2.68185533e-01	-4.29791806e-02
2.68519097e-01	-5.74646423e-02
2.68852661e-01	-6.69835892e-02
2.69186225e-01	-7.27901916e-02
2.69519789e-01	-7.64128832e-02
2.69853353e-01	-7.92963535e-02
2.70186917e-01	-8.24897760e-02
2.70520481e-01	-8.64394513e-02
2.70854045e-01	-9.09181793e-02
2.71187609e-01	-9.50958979e-02
2.71521173e-01	-9.77315804e-02
2.71854738e-01	-9.74475935e-02
2.72188302e-01	-9.30355259e-02
2.72521866e-01	-8.37374285e-02
2.72855430e-01	-6.94494129e-02
2.73188994e-01	-5.08066574e-02
2.73522558e-01	-2.91298190e-02
2.73856122e-01	-6.23971748e-03
2.74189686e-01	1.58257179e-02
2.74523250e-01	3.51375738e-02
2.74856814e-01	5.01814672e-02
2.75190379e-01	6.00833197e-02
2.75523943e-01	6.47128121e-02
2.75857507e-01	6.46464705e-02
2.76191071e-01	6.09997439e-02
2.76524635e-01	5.51627950e-02
2.76858199e-01	4.84938084e-02
2.77191763e-01	4.20328759e-02
2.77525327e-01	3.62963877e-02
2.77858891e-01	3.11957493e-02
2.78192455e-01	2.60975833e-02
2.78526019e-01	2.00109992e-02
2.78859584e-01	1.18587065e-02
2.79193148e-01	7.70192957e-04
2.79526712e-01	-1.36684846e-02
2.79860276e-01	-3.12623219e-02
2.80193840e-01	-5.11838020e-02
2.80527404e-01	-7.20818732e-02
2.80860968e-01	-9.23006401e-02
2.81194532e-01	-1.10164100e-01
2.81528096e-01	-1.24270944e-01
2.81861660e-01	-1.33741163e-01
2.82195225e-01	-1.38364512e-01
2.82528789e-01	-1.38619186e-01
2.82862353e-01	-1.35554871e-01
2.83195917e-01	-1.30562907e-01
2.83529481e-01	-1.25081321e-01
2.83863045e-01	-1.20297534e-01
2.84196609e-01	-1.16912254e-01
2.84530173e-01	-1.15013641e-01
2.84863737e-01	-1.14085191e-01
2.85197301e-01	-1.13140746e-01
2.85530865e-01	-1.10953359e-01
2.85864430e-01	-1.06327264e-01
2.86197994e-01	-9.83568118e-02
2.86531558e-01	-8.66225767e-02
2.86865122e-01	-7.12899517e-02
2.87198686e-01	-5.30952459e-02
2.87532250e-01	-3.32247942e-02
2.87865814e-01	-1.31109747e-02
2.88199378e-01	5.81673069e-03
2.88532942e-01	2.23791579e-02
2.88866506e-01	3.58459679e-02
2.89200071e-01	4.60453743e-02
2.89533635e-01	5.33611059e-02
2.89867199e-01	5.86148428e-02
2.90200763e-01	6.28567177e-02
2.90534327e-01	6.71073596e-02
2.90867891e-01	7.21069639e-02
2.91201455e-01	7.81265461e-02
2.91535019e-01	8.48835208e-02
2.91868583e-01	9.15809953e-02
2.92202147e-01	9.70631287e-02
2.92535711e-01	1.00053875e-01
2.92869276e-01	9.94288490e-02
2.93202840e-01	9.44632561e-02
2.93536404e-01	8.50040277e-02
2.93869968e-01	7.15304018e-02
2.94203532e-01	5.50912203e-02
2.94537096e-01	3.71339458e-02
2.94870660e-01	1.92634974e-02
2.95204224e-01	2.98256178e-03
2.95537788e-01	-1.05343302e-02
2.95871352e-01	-2.05924732e-02
2.96204917e-01	-2.70338832e-02
2.96538481e-01	-3.02003765e-02
2.96872045e-01	-3.08205339e-02
2.97205609e-01	-2.98470620e-02
2.97539173e-01	-2.82727764e-02
2.97872737e-01	-2.69515170e-02
2.98206301e-01	-2.64481080e-02
2.98539865e-01	-2.69398746e-02
2.98873429e-01	-2.81891786e-02
2.99206993e-01	-2.95985787e-02
2.99540557e-01	-3.03458415e-02
2.99874122e-01	-2.95770908e-02
3.00207686e-01	-2.66185691e-02
3.00541250e-01	-2.11577854e-02
3.00874814e-01	-1.33482012e-02
3.01208378e-01	-3.80859810e-03
3.01541942e-01	6.48555237e-03
3.01875506e-01	1.63938328e-02
3.02209070e-01	2.48400867e-02
3.02542634e-01	3.10251133e-02
3.02876198e-01	3.45745013e-02
3.03209763e-01	3.55904367e-02
3.03543327e-01	3.46000265e-02
3.03876891e-01	3.24168041e-02
3.04210455e-01	2.99509175e-02
3.04544019e-01	2.80128252e-02
3.04877583e-01	2.71533340e-02
3.05211147e-01	2.75707012e-02
3.05544711e-01	2.90973395e-02
3.05878275e-01	3.12599272e-02
3.06211839e-01	3.33925605e-02
3.06545403e-01	3.47760156e-02
3.06878968e-01	3.47771958e-02
3.07212532e-01	3.29686269e-02
3.07546096e-01	2.92144114e-02
3.07879660e-01	2.37134845e-02
3.08213224e-01	1.69932723e-02
3.08546788e-01	9.84943428e-03
3.08880352e-01	3.23330607e-03
3.09213916e-01	-1.90091369e-03
3.09547480e-01	-4.76440446e-03
3.09881044e-01	-4.88233284e-03
3.10214609e-01	-2.18567909e-03
3.10548173e-01	2.98145629e-03
3.10881737e-01	9.94690883e-03
3.11215301e-01	1.78708849e-02
3.11548865e-01	2.59431251e-02
3.11882429e-01	3.35671328e-02
3.12215993e-01	4.04853684e-02
3.12549557e-01	4.68162292e-02
3.12883121e-01	5.29981164e-02
3.13216685e-01	5.96598801e-02
3.13550249e-01	6.74532858e-02
3.13883814e-01	7.68880379e-02
3.14217378e-01	8.82037245e-02
3.14550942e-01	1.01299563e-01
3.14884506e-01	1.15727415e-01
3.15218070e-01	1.30740963e-01
3.15551634e-01	1.45386775e-01
3.15885198e-01	1.58620789e-01
3.16218762e-01	1.69434501e-01
3.16552326e-01	1.76976356e-01
3.16885890e-01	1.80654634e-01
3.17219455e-01	1.80208501e-01
3.17553019e-01	1.75735275e-01
3.17886583e-01	1.67665649e-01
3.18220147e-01	1.56685729e-01
3.18553711e-01	1.43614740e-01
3.18887275e-01	1.29258259e-01
3.19220839e-01	1.14265552e-01
3.19554403e-01	9.90228805e-02
3.19887967e-01	8.36099182e-02
3.20221531e-01	6.78334214e-02
3.20555095e-01	5.13332528e-02
3.20888660e-01	3.37359819e-02
3.21222224e-01	1.48169166e-02
3.21555788e-01	-5.37201559e-03
3.21889352e-01	-2.64417549e-02
3.22222916e-01	-4.76868387e-02
3.22556480e-01	-6.81786721e-02
3.22890044e-01	-8.69046999e-02
3.23223608e-01	-1.02919060e-01
3.23557172e-01	-1.15473591e-01
3.23890736e-01	-1.24108766e-01
3.24224301e-01	-1.28696492e-01
3.24557865e-01	-1.29435810e-01
3.24891429e-01	-1.26806927e-01
3.25224993e-01	-1.21490172e-01
3.25558557e-01	-1.14257854e-01
3.25892121e-01	-1.05850804e-01
3.26225685e-01	-9.68571360e-02
3.26559249e-01	-8.76154972e-02
3.26892813e-01	-7.81650194e-02
3.27226377e-01	-6.82575300e-02
3.27559941e-01	-5.74352981e-02
3.27893506e-01	-4.51628390e-02
3.28227070e-01	-3.09881046e-02
3.28560634e-01	-1.47001345e-02
3.28894198e-01	3.55102182e-03
3.29227762e-01	2.32001608e-02
3.29561326e-01	4.32940984e-02
3.29894890e-01	6.25990494e-02
3.30228454e-01	7.97695323e-02
3.30562018e-01	9.35457356e-02
3.30895582e-01	1.02939195e-01
3.31229147e-01	1.07369406e-01
3.31562711e-01	1.06726251e-01
3.31896275e-01	1.01351135e-01
3.32229839e-01	9.19479738e-02
3.32563403e-01	7.94482212e-02
3.32896967e-01	6.48592468e-02
3.33230531e-01	4.91230084e-02
3.33564095e-01	3.30051696e-02
3.33897659e-01	1.71735605e-02
