-8.00553828e-03	-4.61663796e-04
-7.67197419e-03	-8.05625007e-04
-7.33841009e-03	-1.94544604e-03
-7.00484600e-03	-4.51627094e-03
-6.67128190e-03	-1.00862956e-02
-6.33771781e-03	-2.16602339e-02
-6.00415371e-03	-4.47219352e-02
-5.67058962e-03	-8.87734660e-02
-5.33702552e-03	-1.69399605e-01
-5.00346143e-03	-3.10725220e-01
-4.66989733e-03	-5.47837629e-01
-4.33633324e-03	-9.28344002e-01
-4.00276914e-03	-1.51185589e+00
-3.66920505e-03	-2.36597405e+00
-3.33564095e-03	-3.55751993e+00
-3.00207686e-03	-5.13858210e+00
-2.66851276e-03	-7.12842275e+00
-2.33494867e-03	-9.49419916e+00
-2.00138457e-03	-1.21352777e+01
-1.66782048e-03	-1.48768158e+01
-1.33425638e-03	-1.74775579e+01
-1.00069229e-03	-1.96541241e+01
-6.67128190e-04	-2.11198380e+01
-3.33564095e-04	-2.16315335e+01
1.85165269e-18	-2.10343813e+01
3.33564095e-04	-1.92939832e+01
6.67128190e-04	-1.65074441e+01
1.00069229e-03	-1.28902401e+01
1.33425638e-03	-8.74190453e+00
1.66782048e-03	-4.39880274e+00
2.00138457e-03	-1.84902690e-01
2.33494867e-03	3.62915995e+00
2.66851276e-03	6.85178306e+00
3.00207686e-03	9.37862618e+00
3.33564095e-03	1.11855460e+01
3.66920505e-03	1.23113392e+01
4.00276914e-03	1.28362937e+01
4.33633324e-03	1.28617129e+01
4.66989733e-03	1.24937142e+01
5.00346143e-03	1.18325301e+01
5.33702552e-03	1.09669064e+01
5.67058962e-03	9.97224943e+00
6.00415371e-03	8.91095315e+00
6.33771781e-03	7.83359429e+00
6.67128190e-03	6.78017561e+00
7.00484600e-03	5.78109635e+00
7.33841009e-03	4.85788087e+00
7.67197419e-03	4.02387445e+00
8.00553828e-03	3.28511696e+00
8.33910238e-03	2.64150724e+00
8.67266648e-03	2.08823619e+00
9.00623057e-03	1.61735233e+00
9.33979467e-03	1.21927162e+00
9.67335876e-03	8.84047635e-01
1.00069229e-02	6.02277945e-01
1.03404870e-02	3.65596371e-01
1.06740510e-02	1.66774751e-01
1.10076151e-02	-4.90166809e-04
1.13411792e-02	-1.42007580e-01
1.16747433e-02	-2.63636539e-01
1.20083074e-02	-3.71850152e-01
1.23418715e-02	-4.74233299e-01
1.26754356e-02	-5.79829600e-01
1.30089997e-02	-6.99248759e-01
1.33425638e-02	-8.44433289e-01
1.36761279e-02	-1.02797932e+00
1.40096920e-02	-1.26191432e+00
1.43432561e-02	-1.55587296e+00
1.46768202e-02	-1.91468789e+00
1.50103843e-02	-2.33553481e+00
1.53439484e-02	-2.80493428e+00
1.56775125e-02	-3.29609982e+00
1.60110766e-02	-3.76729686e+00
1.63446407e-02	-4.16198132e+00
1.66782048e-02	-4.41145861e+00
1.70117689e-02	-4.44057130e+00
1.73453330e-02	-4.17645903e+00
1.76788970e-02	-3.55975270e+00
1.80124611e-02	-2.55677180e+00
1.83460252e-02	-1.17057582e+00
1.86795893e-02	5.51683599e-01
1.90131534e-02	2.51751863e+00
1.93467175e-02	4.59555149e+00
1.96802816e-02	6.62976863e+00
2.00138457e-02	8.45986861e+00
2.03474098e-02	9.94425148e+00
2.06809739e-02	1.09811001e+01
2.10145380e-02	1.15229883e+01
2.13481021e-02	1.15816846e+01
2.16816662e-02	1.12220680e+01
2.20152303e-02	1.05467317e+01
2.23487944e-02	9.67512519e+00
2.26823585e-02	8.72225146e+00
2.30159226e-02	7.78164626e+00
2.33494867e-02	6.91575607e+00
2.36830508e-02	6.15450145e+00
2.40166149e-02	5.50057155e+00
2.43501789e-02	4.93854974e+00
2.46837430e-02	4.44466868e+00
2.50173071e-02	3.99471807e+00
2.53508712e-02	3.56891475e+00
2.56844353e-02	3.15380831e+00
2.60179994e-02	2.74209839e+00
2.63515635e-02	2.33144046e+00
2.66851276e-02	1.92305784e+00
2.70186917e-02	1.52054934e+00
2.73522558e-02	1.12893421e+00
2.76858199e-02	7.53832282e-01
2.80193840e-02	4.00704163e-01
2.83529481e-02	7.41761314e-02
2.86865122e-02	-2.22456133e-01
2.90200763e-02	-4.87457622e-01
2.93536404e-02	-7.20597650e-01
2.96872045e-02	-9.22867604e-01
3.00207686e-02	-1.09607698e+00
3.03543327e-02	-1.24243159e+00
3.06878968e-02	-1.36416894e+00
3.10214609e-02	-1.46329269e+00
3.13550249e-02	-1.54142191e+00
3.16885890e-02	-1.59974821e+00
3.20221531e-02	-1.63907757e+00
3.23557172e-02	-1.65992703e+00
3.26892813e-02	-1.66265065e+00
3.30228454e-02	-1.64757692e+00
3.33564095e-02	-1.61514827e+00
3.36899736e-02	-1.56606158e+00
3.40235377e-02	-1.50141537e+00
3.43571018e-02	-1.42286472e+00
3.46906659e-02	-1.33276570e+00
3.50242300e-02	-1.23427133e+00
3.53577941e-02	-1.13133439e+00
3.56913582e-02	-1.02858621e+00
3.60249223e-02	-9.31082570e-01
3.63584864e-02	-8.43933325e-01
3.66920505e-02	-7.71859097e-01
3.70256146e-02	-7.18738171e-01
3.73591787e-02	-6.87212070e-01
3.76927428e-02	-6.78405651e-01
3.80263069e-02	-6.91800173e-01
3.83598709e-02	-7.25281910e-01
3.86934350e-02	-7.75369129e-01
3.90269991e-02	-8.37594059e-01
3.93605632e-02	-9.06990654e-01
3.96941273e-02	-9.78622738e-01
4.00276914e-02	-1.04808006e+00
4.03612555e-02	-1.11186895e+00
4.06948196e-02	-1.16763846e+00
4.10283837e-02	-1.21421565e+00
4.13619478e-02	-1.25146476e+00
4.16955119e-02	-1.28001903e+00
4.20290760e-02	-1.30095347e+00
4.23626401e-02	-1.31547466e+00
4.26962042e-02	-1.32469318e+00
4.30297683e-02	-1.32951197e+00
4.33633324e-02	-1.33062397e+00
4.36968965e-02	-1.32858168e+00
4.40304606e-02	-1.32388873e+00
4.43640247e-02	-1.31706428e+00
4.46975888e-02	-1.30864682e+00
4.50311529e-02	-1.29913428e+00
4.53647169e-02	-1.28888907e+00
4.56982810e-02	-1.27805027e+00
4.60318451e-02	-1.26649004e+00
4.63654092e-02	-1.25383469e+00
4.66989733e-02	-1.23955060e+00
4.70325374e-02	-1.22307020e+00
4.73661015e-02	-1.20391763e+00
4.76996656e-02	-1.18179823e+00
4.80332297e-02	-1.15663366e+00
4.83667938e-02	-1.12854244e+00
4.87003579e-02	-1.09777933e+00
4.90339220e-02	-1.06465773e+00
4.93674861e-02	-1.02948223e+00
4.97010502e-02	-9.92507835e-01
5.00346143e-02	-9.53928888e-01
5.03681784e-02	-9.13893060e-01
5.07017425e-02	-8.72533003e-01
5.10353066e-02	-8.30003768e-01
5.13688707e-02	-7.86513093e-01
5.17024348e-02	-7.42338261e-01
5.20359989e-02	-6.97829548e-01
5.23695629e-02	-6.53400630e-01
5.27031270e-02	-6.09508113e-01
5.30366911e-02	-5.66626863e-01
5.33702552e-02	-5.25228596e-01
5.37038193e-02	-4.85765271e-01
5.40373834e-02	-4.48654112e-01
5.43709475e-02	-4.14261914e-01
5.47045116e-02	-3.82884814e-01
5.50380757e-02	-3.54717930e-01
5.53716398e-02	-3.29814204e-01
5.57052039e-02	-3.08040161e-01
5.60387680e-02	-2.89039657e-01
5.63723321e-02	-2.72214637e-01
5.67058962e-02	-2.56731394e-01
5.70394603e-02	-2.41558989e-01
5.73730244e-02	-2.25538061e-01
5.77065885e-02	-2.07471095e-01
5.80401526e-02	-1.86224723e-01
5.83737167e-02	-1.60835085e-01
5.87072808e-02	-1.30604960e-01
5.90408449e-02	-9.51806398e-02
5.93744089e-02	-5.46005885e-02
5.97079730e-02	-9.30962573e-03
6.00415371e-02	3.98685109e-02
6.03751012e-02	9.18022306e-02
6.07086653e-02	1.45160071e-01
6.10422294e-02	1.98543071e-01
6.13757935e-02	2.50626031e-01
6.17093576e-02	3.00288116e-01
6.20429217e-02	3.46711688e-01
6.23764858e-02	3.89434726e-01
6.27100499e-02	4.28350597e-01
6.30436140e-02	4.63654672e-01
6.33771781e-02	4.95745397e-01
6.37107422e-02	5.25097485e-01
6.40443063e-02	5.52130611e-01
6.43778704e-02	5.77097013e-01
6.47114345e-02	6.00009017e-01
6.50449986e-02	6.20622490e-01
6.53785627e-02	6.38479520e-01
6.57121268e-02	6.52999225e-01
6.60456908e-02	6.63596906e-01
6.63792549e-02	6.69806750e-01
6.67128190e-02	6.71382041e-01
6.70463831e-02	6.68352770e-01
6.73799472e-02	6.61032934e-01
6.77135113e-02	6.49981468e-01
6.80470754e-02	6.35928232e-01
6.83806395e-02	6.19682834e-01
6.87142036e-02	6.02046551e-01
6.90477677e-02	5.83742434e-01
6.93813318e-02	5.65371674e-01
6.97148959e-02	5.47399429e-01
7.00484600e-02	5.30168582e-01
7.03820241e-02	5.13935100e-01
7.07155882e-02	4.98916905e-01
7.10491523e-02	4.85349487e-01
7.13827164e-02	4.73540505e-01
7.17162805e-02	4.63913241e-01
7.20498446e-02	4.57029668e-01
7.23834087e-02	4.53585037e-01
7.27169728e-02	4.54366251e-01
7.30505368e-02	4.60169844e-01
7.33841009e-02	4.71682815e-01
7.37176650e-02	4.89336977e-01
7.40512291e-02	5.13153575e-01
7.43847932e-02	5.42601519e-01
7.47183573e-02	5.76497355e-01
7.50519214e-02	6.12973110e-01
7.53854855e-02	6.49531630e-01
7.57190496e-02	6.83200305e-01
7.60526137e-02	7.10779976e-01
7.63861778e-02	7.29168849e-01
7.67197419e-02	7.35726390e-01
7.70533060e-02	7.28631306e-01
7.73868701e-02	7.07181071e-01
7.77204342e-02	6.71981059e-01
7.80539983e-02	6.24982687e-01
7.83875624e-02	5.69348738e-01
7.87211265e-02	5.09147388e-01
7.90546906e-02	4.48904223e-01
7.93882547e-02	3.93068441e-01
7.97218188e-02	3.45467646e-01
8.00553828e-02	3.08832788e-01
8.03889469e-02	2.84469662e-01
8.07225110e-02	2.72133359e-01
8.10560751e-02	2.70129457e-01
8.13896392e-02	2.75627542e-01
8.17232033e-02	2.85136505e-01
8.20567674e-02	2.95061391e-01
8.23903315e-02	3.02245747e-01
8.27238956e-02	3.04407386e-01
8.30574597e-02	3.00396358e-01
8.33910238e-02	2.90237650e-01
8.37245879e-02	2.74963345e-01
8.40581520e-02	2.56280576e-01
8.43917161e-02	2.36151595e-01
8.47252802e-02	2.16375661e-01
8.50588443e-02	1.98257532e-01
8.53924084e-02	1.82423662e-01
8.57259725e-02	1.68809642e-01
8.60595366e-02	1.56802036e-01
8.63931007e-02	1.45484562e-01
8.67266648e-02	1.33918081e-01
8.70602288e-02	1.21382034e-01
8.73937929e-02	1.07523395e-01
8.77273570e-02	9.23893581e-02
8.80609211e-02	7.63525851e-02
8.83944852e-02	5.99657070e-02
8.87280493e-02	4.37966513e-02
8.90616134e-02	2.82934233e-02
8.93951775e-02	1.37097332e-02
8.97287416e-02	9.99223360e-05
9.00623057e-02	-1.26307719e-02
9.03958698e-02	-2.46495858e-02
9.07294339e-02	-3.61239514e-02
9.10629980e-02	-4.71744399e-02
9.13965621e-02	-5.78593523e-02
9.17301262e-02	-6.81840305e-02
9.20636903e-02	-7.81192031e-02
9.23972544e-02	-8.76133005e-02
9.27308185e-02	-9.65924808e-02
9.30643826e-02	-1.04951673e-01
9.33979467e-02	-1.12546730e-01
9.37315108e-02	-1.19199477e-01
9.40650748e-02	-1.24722273e-01
9.43986389e-02	-1.28958875e-01
9.47322030e-02	-1.31829657e-01
9.50657671e-02	-1.33366345e-01
9.53993312e-02	-1.33723689e-01
9.57328953e-02	-1.33163009e-01
9.60664594e-02	-1.32013255e-01
9.64000235e-02	-1.30622643e-01
9.67335876e-02	-1.29315588e-01
9.70671517e-02	-1.28365949e-01
9.74007158e-02	-1.27990861e-01
9.77342799e-02	-1.28361270e-01
9.80678440e-02	-1.29619401e-01
9.84014081e-02	-1.31893582e-01
9.87349722e-02	-1.35303968e-01
9.90685363e-02	-1.39957036e-01
9.94021004e-02	-1.45931963e-01
9.97356645e-02	-1.53264793e-01
1.00069229e-01	-1.61935987e-01
1.00402793e-01	-1.71864709e-01
1.00736357e-01	-1.82911281e-01
1.01069921e-01	-1.94887125e-01
1.01403485e-01	-2.07569580e-01
1.01737049e-01	-2.20718877e-01
1.02070613e-01	-2.34094776e-01
1.02404177e-01	-2.47470047e-01
1.02737741e-01	-2.60638503e-01
1.03071305e-01	-2.73416944e-01
1.03404870e-01	-2.85641855e-01
1.03738434e-01	-2.97162874e-01
1.04071998e-01	-3.07836550e-01
1.04405562e-01	-3.17523655e-01
1.04739126e-01	-3.26091408e-01
1.05072690e-01	-3.33419659e-01
1.05406254e-01	-3.39408360e-01
1.05739818e-01	-3.43982960e-01
1.06073382e-01	-3.47094797e-01
1.06406946e-01	-3.48716313e-01
1.06740510e-01	-3.48833462e-01
1.07074075e-01	-3.47438389e-01
1.07407639e-01	-3.44526103e-01
1.07741203e-01	-3.40097496e-01
1.08074767e-01	-3.34168248e-01
1.08408331e-01	-3.26781392e-01
1.08741895e-01	-3.18020104e-01
1.09075459e-01	-3.08017046e-01
1.09409023e-01	-2.96957021e-01
1.09742587e-01	-2.85071284e-01
1.10076151e-01	-2.72623784e-01
1.10409716e-01	-2.59890801e-01
1.10743280e-01	-2.47136964e-01
1.11076844e-01	-2.34592060e-01
1.11410408e-01	-2.22432797e-01
1.11743972e-01	-2.10772890e-01
1.12077536e-01	-1.99663407e-01
1.12411100e-01	-1.89102847e-01
1.12744664e-01	-1.79054024e-01
1.13078228e-01	-1.69463558e-01
1.13411792e-01	-1.60279682e-01
1.13745356e-01	-1.51464643e-01
1.14078921e-01	-1.42999958e-01
1.14412485e-01	-1.34885116e-01
1.14746049e-01	-1.27131643e-01
1.15079613e-01	-1.19755201e-01
1.15413177e-01	-1.12768499e-01
1.15746741e-01	-1.06176901e-01
1.16080305e-01	-9.99772897e-02
1.16413869e-01	-9.41596828e-02
1.16747433e-01	-8.87105847e-02
1.17080997e-01	-8.36167043e-02
1.17414562e-01	-7.88676245e-02
1.17748126e-01	-7.44567205e-02
1.18081690e-01	-7.03799918e-02
1.18415254e-01	-6.66325187e-02
1.18748818e-01	-6.32029919e-02
1.19082382e-01	-6.00672743e-02
1.19415946e-01	-5.71820665e-02
1.19749510e-01	-5.44803212e-02
1.20083074e-01	-5.18703644e-02
1.20416638e-01	-4.92400340e-02
1.20750202e-01	-4.64660451e-02
1.21083767e-01	-4.34276928e-02
1.21417331e-01	-4.00226120e-02
1.21750895e-01	-3.61810903e-02
1.22084459e-01	-3.18756153e-02
1.22418023e-01	-2.71234995e-02
1.22751587e-01	-2.19817679e-02
1.23085151e-01	-1.65355170e-02
1.23418715e-01	-1.08828467e-02
1.23752279e-01	-5.11995096e-03
1.24085843e-01	6.70496221e-04
1.24419408e-01	6.42554918e-03
1.24752972e-01	1.21024004e-02
1.25086536e-01	1.76743047e-02
1.25420100e-01	2.31241718e-02
1.25753664e-01	2.84379370e-02
1.26087228e-01	3.35993495e-02
1.26420792e-01	3.85869899e-02
1.26754356e-01	4.33733243e-02
1.27087920e-01	4.79251774e-02
1.27421484e-01	5.22050499e-02
1.27755048e-01	5.61726446e-02
1.28088613e-01	5.97861557e-02
1.28422177e-01	6.30033048e-02
1.28755741e-01	6.57821525e-02
1.29089305e-01	6.80817520e-02
1.29422869e-01	6.98630238e-02
1.29756433e-01	7.10903069e-02
1.30089997e-01	7.17338419e-02
1.30423561e-01	7.17733152e-02
1.30757125e-01	7.12023330e-02
1.31090689e-01	7.00332760e-02
1.31424254e-01	6.83017150e-02
1.31757818e-01	6.60695498e-02
1.32091382e-01	6.34260555e-02
1.32424946e-01	6.04861107e-02
1.32758510e-01	5.73852093e-02
1.33092074e-01	5.42712992e-02
1.33425638e-01	5.12939121e-02
1.33759202e-01	4.85917037e-02
1.34092766e-01	4.62802624e-02
1.34426330e-01	4.44422643e-02
1.34759894e-01	4.31217693e-02
1.35093459e-01	4.23238243e-02
1.35427023e-01	4.20192811e-02
1.35760587e-01	4.21532431e-02
1.36094151e-01	4.26546858e-02
1.36427715e-01	4.34446789e-02
1.36761279e-01	4.44412899e-02
1.37094843e-01	4.55607295e-02
1.37428407e-01	4.67159458e-02
1.37761971e-01	4.78148267e-02
1.38095535e-01	4.87603360e-02
1.38429100e-01	4.94542729e-02
1.38762664e-01	4.98049461e-02
1.39096228e-01	4.97375618e-02
1.39429792e-01	4.92051886e-02
1.39763356e-01	4.81978214e-02
1.40096920e-01	4.67473431e-02
1.40430484e-01	4.49271290e-02
1.40764048e-01	4.28462330e-02
1.41097612e-01	4.06390625e-02
1.41431176e-01	3.84521257e-02
1.41764740e-01	3.64297704e-02
1.42098305e-01	3.47006993e-02
1.42431869e-01	3.33667160e-02
1.42765433e-01	3.24948545e-02
1.43098997e-01	3.21136117e-02
1.43432561e-01	3.22134569e-02
1.43766125e-01	3.27513298e-02
1.44099689e-01	3.36583880e-02
1.44433253e-01	3.48497599e-02
1.44766817e-01	3.62347976e-02
1.45100381e-01	3.77263702e-02
1.45433946e-01	3.92479632e-02
1.45767510e-01	4.07378899e-02
1.46101074e-01	4.21507438e-02
1.46434638e-01	4.34568597e-02
1.46768202e-01	4.46408191e-02
1.47101766e-01	4.56999691e-02
1.47435330e-01	4.66433698e-02
1.47768894e-01	4.74907525e-02
1.48102458e-01	4.82706270e-02
1.48436022e-01	4.90167986e-02
1.48769586e-01	4.97630030e-02
1.49103151e-01	5.05361708e-02
1.49436715e-01	5.13498218e-02
1.49770279e-01	5.21995359e-02
1.50103843e-01	5.30620607e-02
1.50437407e-01	5.38987039e-02
1.50770971e-01	5.46624343e-02
1.51104535e-01	5.53068796e-02
1.51438099e-01	5.57948335e-02
1.51771663e-01	5.61042187e-02
1.52105227e-01	5.62303495e-02
1.52438792e-01	5.61845230e-02
1.52772356e-01	5.59901262e-02
1.53105920e-01	5.56780192e-02
1.53439484e-01	5.52827502e-02
1.53773048e-01	5.48404187e-02
1.54106612e-01	5.43880592e-02
1.54440176e-01	5.39636532e-02
1.54773740e-01	5.36056925e-02
1.55107304e-01	5.33515629e-02
1.55440868e-01	5.32346325e-02
1.55774432e-01	5.32806802e-02
1.56107997e-01	5.35048482e-02
1.56441561e-01	5.39102661e-02
1.56775125e-01	5.44889313e-02
1.57108689e-01	5.52246440e-02
1.57442253e-01	5.60970103e-02
1.57775817e-01	5.70850344e-02
1.58109381e-01	5.81689224e-02
1.58442945e-01	5.93292593e-02
1.58776509e-01	6.05434388e-02
1.59110073e-01	6.17800753e-02
1.59443638e-01	6.29928874e-02
1.59777202e-01	6.41158710e-02
1.60110766e-01	6.50613956e-02
1.60444330e-01	6.57223014e-02
1.60777894e-01	6.59782216e-02
1.61111458e-01	6.57054487e-02
1.61445022e-01	6.47889736e-02
1.61778586e-01	6.31348736e-02
1.62112150e-01	6.06810627e-02
1.62445714e-01	5.74046963e-02
1.62779278e-01	5.33251853e-02
1.63112843e-01	4.85025166e-02
1.63446407e-01	4.30312791e-02
1.63779971e-01	3.70314504e-02
1.64113535e-01	3.06374673e-02
1.64447099e-01	2.39872734e-02
1.64780663e-01	1.72129027e-02
1.65114227e-01	1.04336943e-02
1.65447791e-01	3.75256910e-03
1.65781355e-01	-2.74480202e-03
1.66114919e-01	-8.98854916e-03
1.66448484e-01	-1.49217692e-02
1.66782048e-01	-2.04972500e-02
1.67115612e-01	-2.56744686e-02
1.67449176e-01	-3.04172645e-02
1.67782740e-01	-3.46923737e-02
1.68116304e-01	-3.84689252e-02
1.68449868e-01	-4.17189816e-02
1.68783432e-01	-4.44191723e-02
1.69116996e-01	-4.65533585e-02
1.69450560e-01	-4.81160510e-02
1.69784124e-01	-4.91160542e-02
1.70117689e-01	-4.95796102e-02
1.70451253e-01	-4.95522511e-02
1.70784817e-01	-4.90986984e-02
1.71118381e-01	-4.83004813e-02
1.71451945e-01	-4.72514222e-02
1.71785509e-01	-4.60515648e-02
1.72119073e-01	-4.48003556e-02
1.72452637e-01	-4.35899363e-02
1.72786201e-01	-4.24993923e-02
1.73119765e-01	-4.15907271e-02
1.73453330e-01	-4.09070794e-02
1.73786894e-01	-4.04733000e-02
1.74120458e-01	-4.02985788e-02
1.74454022e-01	-4.03803895e-02
1.74787586e-01	-4.07086213e-02
1.75121150e-01	-4.12685914e-02
1.75454714e-01	-4.20418325e-02
1.75788278e-01	-4.30041463e-02
1.76121842e-01	-4.41212788e-02
1.76455406e-01	-4.53434581e-02
1.76788970e-01	-4.66006289e-02
1.77122535e-01	-4.78003436e-02
1.77456099e-01	-4.88298938e-02
1.77789663e-01	-4.95633750e-02
1.78123227e-01	-4.98731676e-02
1.78456791e-01	-4.96442011e-02
1.78790355e-01	-4.87886907e-02
1.79123919e-01	-4.72589055e-02
1.79457483e-01	-4.50558977e-02
1.79791047e-01	-4.22329167e-02
1.80124611e-01	-3.88932356e-02
1.80458176e-01	-3.51830654e-02
1.80791740e-01	-3.12808945e-02
1.81125304e-01	-2.73848133e-02
1.81458868e-01	-2.36992005e-02
1.81792432e-01	-2.04217490e-02
1.82125996e-01	-1.77313885e-02
1.82459560e-01	-1.57773034e-02
1.82793124e-01	-1.46690766e-02
1.83126688e-01	-1.44681086e-02
1.83460252e-01	-1.51808202e-02
1.83793816e-01	-1.67545371e-02
1.84127381e-01	-1.90772147e-02
1.84460945e-01	-2.19821488e-02
1.84794509e-01	-2.52584597e-02
1.85128073e-01	-2.86673900e-02
1.85461637e-01	-3.19633894e-02
1.85795201e-01	-3.49178137e-02
1.86128765e-01	-3.73421903e-02
1.86462329e-01	-3.91076876e-02
1.86795893e-01	-4.01577376e-02
1.87129457e-01	-4.05116452e-02
1.87463022e-01	-4.02583682e-02
1.87796586e-01	-3.95412612e-02
1.88130150e-01	-3.85360596e-02
1.88463714e-01	-3.74253633e-02
1.88797278e-01	-3.63732774e-02
1.89130842e-01	-3.55037521e-02
1.89464406e-01	-3.48855871e-02
1.89797970e-01	-3.45260266e-02
1.90131534e-01	-3.43735381e-02
1.90465098e-01	-3.43290391e-02
1.90798662e-01	-3.42637097e-02
1.91132227e-01	-3.40406379e-02
1.91465791e-01	-3.35369366e-02
1.91799355e-01	-3.26628385e-02
1.92132919e-01	-3.13747845e-02
1.92466483e-01	-2.96805975e-02
1.92800047e-01	-2.76362532e-02
1.93133611e-01	-2.53352429e-02
1.93467175e-01	-2.28928507e-02
1.93800739e-01	-2.04285475e-02
1.94134303e-01	-1.80498235e-02
1.94467868e-01	-1.58400913e-02
1.94801432e-01	-1.38520857e-02
1.95134996e-01	-1.21069117e-02
1.95468560e-01	-1.05978536e-02
1.95802124e-01	-9.29739681e-03
1.96135688e-01	-8.16572173e-03
1.96469252e-01	-7.15918751e-03
1.96802816e-01	-6.23778552e-03
1.97136380e-01	-5.37086707e-03
1.97469944e-01	-4.54054596e-03
1.97803508e-01	-3.74228180e-03
1.98137073e-01	-2.98246708e-03
1.98470637e-01	-2.27333323e-03
1.98804201e-01	-1.62605701e-03
1.99137765e-01	-1.04353107e-03
1.99471329e-01	-5.14661007e-04
1.99804893e-01	-1.19062633e-05
2.00138457e-01	5.07053367e-04
2.00472021e-01	1.09386620e-03
2.00805585e-01	1.80171019e-03
2.01139149e-01	2.67721000e-03
2.01472713e-01	3.75416803e-03
2.01806278e-01	5.05063348e-03
2.02139842e-01	6.56973840e-03
2.02473406e-01	8.30348097e-03
2.02806970e-01	1.02377649e-02
2.03140534e-01	1.23568051e-02
2.03474098e-01	1.46454107e-02
2.03807662e-01	1.70884701e-02
2.04141226e-01	1.96679829e-02
2.04474790e-01	2.23588802e-02
2.04808354e-01	2.51252769e-02
2.05141919e-01	2.79186263e-02
2.05475483e-01	3.06786858e-02
2.05809047e-01	3.33375006e-02
2.06142611e-01	3.58258960e-02
2.06476175e-01	3.80813587e-02
2.06809739e-01	4.00558145e-02
2.07143303e-01	4.17217957e-02
2.07476867e-01	4.30757629e-02
2.07810431e-01	4.41377789e-02
2.08143995e-01	4.49472884e-02
2.08477559e-01	4.55555305e-02
2.08811124e-01	4.60159347e-02
2.09144688e-01	4.63743928e-02
2.09478252e-01	4.66613825e-02
2.09811816e-01	4.68876044e-02
2.10145380e-01	4.70441041e-02
2.10478944e-01	4.71068174e-02
2.10812508e-01	4.70443653e-02
2.11146072e-01	4.68271484e-02
2.11479636e-01	4.64356067e-02
2.11813200e-01	4.58658831e-02
2.12146765e-01	4.51318763e-02
2.12480329e-01	4.42635931e-02
2.12813893e-01	4.33025970e-02
2.13147457e-01	4.22959069e-02
2.13481021e-01	4.12897260e-02
2.13814585e-01	4.03240364e-02
2.14148149e-01	3.94286694e-02
2.14481713e-01	3.86210906e-02
2.14815277e-01	3.79058306e-02
2.15148841e-01	3.72753226e-02
2.15482405e-01	3.67119506e-02
2.15815970e-01	3.61912099e-02
2.16149534e-01	3.56858097e-02
2.16483098e-01	3.51703126e-02
2.16816662e-01	3.46256602e-02
2.17150226e-01	3.40427843e-02
2.17483790e-01	3.34244791e-02
2.17817354e-01	3.27848936e-02
2.18150918e-01	3.21465120e-02
2.18484482e-01	3.15351967e-02
2.18818046e-01	3.09744861e-02
2.19151611e-01	3.04806335e-02
2.19485175e-01	3.00597788e-02
2.19818739e-01	2.97081726e-02
2.20152303e-01	2.94155538e-02
2.20485867e-01	2.91708185e-02
2.20819431e-01	2.89683349e-02
2.21152995e-01	2.88129804e-02
2.21486559e-01	2.87222570e-02
2.21820123e-01	2.87245951e-02
2.22153687e-01	2.88540039e-02
2.22487251e-01	2.91422871e-02
2.22820816e-01	2.96107627e-02
2.23154380e-01	3.02635697e-02
2.23487944e-01	3.10842566e-02
2.23821508e-01	3.20365850e-02
2.24155072e-01	3.30695209e-02
2.24488636e-01	3.41253996e-02
2.24822200e-01	3.51494901e-02
2.25155764e-01	3.60988550e-02
2.25489328e-01	3.69485376e-02
2.25822892e-01	3.76936944e-02
2.26156457e-01	3.83472204e-02
2.26490021e-01	3.89335545e-02
2.26823585e-01	3.94803789e-02
2.27157149e-01	4.00104571e-02
2.27490713e-01	4.05356963e-02
2.27824277e-01	4.10547696e-02
2.28157841e-01	4.15545307e-02
2.28491405e-01	4.20142896e-02
2.28824969e-01	4.24112014e-02
2.29158533e-01	4.27248833e-02
2.29492097e-01	4.29399293e-02
2.29825662e-01	4.30459226e-02
2.30159226e-01	4.30355137e-02
2.30492790e-01	4.29018189e-02
2.30826354e-01	4.26365383e-02
2.31159918e-01	4.22297534e-02
2.31493482e-01	4.16715713e-02
2.31827046e-01	4.09550022e-02
2.32160610e-01	4.00789931e-02
2.32494174e-01	3.90504965e-02
2.32827738e-01	3.78847994e-02
2.33161303e-01	3.66039405e-02
2.33494867e-01	3.52337161e-02
2.33828431e-01	3.38002383e-02
2.34161995e-01	3.23270700e-02
2.34495559e-01	3.08336743e-02
2.34829123e-01	2.93354463e-02
2.35162687e-01	2.78450736e-02
2.35496251e-01	2.63745367e-02
2.35829815e-01	2.49368960e-02
2.36163379e-01	2.35471760e-02
2.36496943e-01	2.22220201e-02
2.36830508e-01	2.09781909e-02
2.37164072e-01	1.98303242e-02
2.37497636e-01	1.87885444e-02
2.37831200e-01	1.78565335e-02
2.38164764e-01	1.70304576e-02
2.38498328e-01	1.62989027e-02
2.38831892e-01	1.56437667e-02
2.39165456e-01	1.50418903e-02
2.39499020e-01	1.44671219e-02
2.39832584e-01	1.38925059e-02
2.40166149e-01	1.32923608e-02
2.40499713e-01	1.26441053e-02
2.40833277e-01	1.19297539e-02
2.41166841e-01	1.11370118e-02
2.41500405e-01	1.02598971e-02
2.41833969e-01	9.29879404e-03
2.42167533e-01	8.25983318e-03
2.42501097e-01	7.15352125e-03
2.42834661e-01	5.99266064e-03
2.43168225e-01	4.78978522e-03
2.43501789e-01	3.55453328e-03
2.43835354e-01	2.29150913e-03
2.44168918e-01	9.99209668e-04
2.44502482e-01	-3.29539564e-04
2.44836046e-01	-1.70550220e-03
2.45169610e-01	-3.13957409e-03
2.45503174e-01	-4.63859815e-03
2.45836738e-01	-6.20134416e-03
2.46170302e-01	-7.81561461e-03
2.46503866e-01	-9.45728868e-03
2.46837430e-01	-1.10917570e-02
2.47170995e-01	-1.26777141e-02
2.47504559e-01	-1.41727920e-02
2.47838123e-01	-1.55401324e-02
2.48171687e-01	-1.67547614e-02
2.48505251e-01	-1.78085824e-02
2.48838815e-01	-1.87129689e-02
2.49172379e-01	-1.94983134e-02
2.49505943e-01	-2.02103864e-02
2.49839507e-01	-2.09039233e-02
2.50173071e-01	-2.16344018e-02
2.50506635e-01	-2.24494396e-02
2.50840200e-01	-2.33814631e-02
2.51173764e-01	-2.44431777e-02
2.51507328e-01	-2.56268850e-02
2.51840892e-01	-2.69078920e-02
2.52174456e-01	-2.82512766e-02
2.52508020e-01	-2.96203789e-02
2.52841584e-01	-3.09848707e-02
2.53175148e-01	-3.23263342e-02
2.53508712e-01	-3.36399620e-02
2.53842276e-01	-3.49320992e-02
2.54175841e-01	-3.62145790e-02
2.54509405e-01	-3.74977332e-02
2.54842969e-01	-3.87842979e-02
2.55176533e-01	-4.00660722e-02
2.55510097e-01	-4.13242854e-02
2.55843661e-01	-4.25334926e-02
2.56177225e-01	-4.36677998e-02
2.56510789e-01	-4.47075928e-02
2.56844353e-01	-4.56448587e-02
2.57177917e-01	-4.64856297e-02
2.57511481e-01	-4.72489148e-02
2.57845046e-01	-4.79624580e-02
2.58178610e-01	-4.86565105e-02
2.58512174e-01	-4.93572987e-02
2.58845738e-01	-5.00819225e-02
2.59179302e-01	-5.08359723e-02
2.59512866e-01	-5.16143560e-02
2.59846430e-01	-5.24048788e-02
2.60179994e-01	-5.31933200e-02
2.60513558e-01	-5.39683353e-02
2.60847122e-01	-5.47246159e-02
2.61180687e-01	-5.54633427e-02
2.61514251e-01	-5.61898977e-02
2.61847815e-01	-5.69097152e-02
2.62181379e-01	-5.76237749e-02
2.62514943e-01	-5.83253632e-02
2.62848507e-01	-5.89993320e-02
2.63182071e-01	-5.96242692e-02
2.63515635e-01	-6.01770333e-02
2.63849199e-01	-6.06383206e-02
2.64182763e-01	-6.09975747e-02
2.64516327e-01	-6.12556987e-02
2.64849892e-01	-6.14246381e-02
2.65183456e-01	-6.15238186e-02
2.65517020e-01	-6.15743560e-02
2.65850584e-01	-6.15926260e-02
2.66184148e-01	-6.15850003e-02
2.66517712e-01	-6.15452789e-02
2.66851276e-01	-6.14556703e-02
2.67184840e-01	-6.12912451e-02
2.67518404e-01	-6.10268717e-02
2.67851968e-01	-6.06449672e-02
2.68185533e-01	-6.01421163e-02
2.68519097e-01	-5.95328011e-02
2.68852661e-01	-5.88491004e-02
2.69186225e-01	-5.81361300e-02
2.69519789e-01	-5.74440248e-02
2.69853353e-01	-5.68181733e-02
2.70186917e-01	-5.62899635e-02
2.70520481e-01	-5.58703091e-02
2.70854045e-01	-5.55476507e-02
2.71187609e-01	-5.52910668e-02
2.71521173e-01	-5.50578401e-02
2.71854738e-01	-5.48036586e-02
2.72188302e-01	-5.44929432e-02
2.72521866e-01	-5.41067813e-02
2.72855430e-01	-5.36466247e-02
2.73188994e-01	-5.31330598e-02
2.73522558e-01	-5.26002418e-02
2.73856122e-01	-5.20876157e-02
2.74189686e-01	-5.16310729e-02
2.74523250e-01	-5.12556029e-02
2.74856814e-01	-5.09708921e-02
2.75190379e-01	-5.07704288e-02
2.75523943e-01	-5.06337792e-02
2.75857507e-01	-5.05310435e-02
2.76191071e-01	-5.04282200e-02
2.76524635e-01	-5.02922875e-02
2.76858199e-01	-5.00951557e-02
2.77191763e-01	-4.98160563e-02
2.77525327e-01	-4.94423222e-02
2.77858891e-01	-4.89687477e-02
2.78192455e-01	-4.83958489e-02
2.78526019e-01	-4.77273971e-02
2.78859584e-01	-4.69676514e-02
2.79193148e-01	-4.61187847e-02
2.79526712e-01	-4.51790532e-02
2.79860276e-01	-4.41422087e-02
2.80193840e-01	-4.29984510e-02
2.80527404e-01	-4.17368633e-02
2.80860968e-01	-4.03488601e-02
2.81194532e-01	-3.88318114e-02
2.81528096e-01	-3.71918477e-02
2.81861660e-01	-3.54449873e-02
2.82195225e-01	-3.36161274e-02
2.82528789e-01	-3.17359880e-02
2.82862353e-01	-2.98366342e-02
2.83195917e-01	-2.79465722e-02
2.83529481e-01	-2.60865110e-02
2.83863045e-01	-2.42666950e-02
2.84196609e-01	-2.24863291e-02
2.84530173e-01	-2.07351432e-02
2.84863737e-01	-1.89967235e-02
2.85197301e-01	-1.72529388e-02
2.85530865e-01	-1.54886661e-02
2.85864430e-01	-1.36960140e-02
2.86197994e-01	-1.18773425e-02
2.86531558e-01	-1.00465459e-02
2.86865122e-01	-8.22829909e-03
2.87198686e-01	-6.45527594e-03
2.87532250e-01	-4.76372672e-03
2.87865814e-01	-3.18819446e-03
2.88199378e-01	-1.75644252e-03
2.88532942e-01	-4.85724065e-04
2.88866506e-01	6.18729549e-04
2.89200071e-01	1.56267925e-03
2.89533635e-01	2.35969259e-03
2.89867199e-01	3.02680357e-03
2.90200763e-01	3.58031827e-03
2.90534327e-01	4.03293657e-03
2.90867891e-01	4.39284295e-03
2.91201455e-01	4.66469806e-03
2.91535019e-01	4.85180912e-03
2.91868583e-01	4.95842375e-03
2.92202147e-01	4.99118142e-03
2.92535711e-01	4.95919662e-03
2.92869276e-01	4.87284362e-03
2.93202840e-01	4.74183768e-03
2.93536404e-01	4.57347332e-03
2.93869968e-01	4.37180451e-03
2.94203532e-01	4.13817707e-03
2.94537096e-01	3.87299980e-03
2.94870660e-01	3.57816278e-03
2.95204224e-01	3.25924619e-03
2.95537788e-01	2.92670472e-03
2.95871352e-01	2.59554968e-03
2.96204917e-01	2.28357471e-03
2.96538481e-01	2.00870261e-03
2.96872045e-01	1.78637591e-03
2.97205609e-01	1.62793110e-03
2.97539173e-01	1.54056308e-03
2.97872737e-01	1.52891482e-03
2.98206301e-01	1.59771731e-03
2.98539865e-01	1.75448057e-03
2.98873429e-01	2.01116279e-03
2.99206993e-01	2.38405652e-03
2.99540557e-01	2.89171897e-03
2.99874122e-01	3.55143111e-03
3.00207686e-01	4.37516884e-03
3.00541250e-01	5.36623425e-03
3.00874814e-01	6.51747622e-03
3.01208378e-01	7.81151787e-03
3.01541942e-01	9.22278653e-03
3.01875506e-01	1.07206225e-02
3.02209070e-01	1.22724980e-02
3.02542634e-01	1.38464855e-02
3.02876198e-01	1.54125292e-02
3.03209763e-01	1.69426266e-02
3.03543327e-01	1.84104957e-02
3.03876891e-01	1.97914983e-02
3.04210455e-01	2.10634424e-02
3.04544019e-01	2.22084423e-02
3.04877583e-01	2.32154457e-02
3.05211147e-01	2.40825772e-02
3.05544711e-01	2.48182958e-02
3.05878275e-01	2.54406099e-02
3.06211839e-01	2.59741474e-02
3.06545403e-01	2.64455627e-02
3.06878968e-01	2.68783355e-02
3.07212532e-01	2.72882734e-02
3.07546096e-01	2.76808927e-02
3.07879660e-01	2.80513545e-02
3.08213224e-01	2.83869621e-02
3.08546788e-01	2.86715581e-02
3.08880352e-01	2.88907080e-02
3.09213916e-01	2.90364240e-02
3.09547480e-01	2.91103773e-02
3.09881044e-01	2.91249753e-02
3.10214609e-01	2.91022103e-02
3.10548173e-01	2.90706828e-02
3.10881737e-01	2.90615483e-02
3.11215301e-01	2.91042889e-02
3.11548865e-01	2.92231603e-02
3.11882429e-01	2.94349548e-02
3.12215993e-01	2.97483979e-02
3.12549557e-01	3.01651377e-02
3.12883121e-01	3.06819579e-02
3.13216685e-01	3.12935837e-02
3.13550249e-01	3.19953153e-02
3.13883814e-01	3.27847486e-02
3.14217378e-01	3.36620660e-02
3.14550942e-01	3.46287552e-02
3.14884506e-01	3.56850681e-02
3.15218070e-01	3.68269432e-02
3.15551634e-01	3.80433503e-02
3.15885198e-01	3.93149677e-02
3.16218762e-01	4.06147628e-02
3.16552326e-01	4.19105063e-02
3.16885890e-01	4.31686765e-02
3.17219455e-01	4.43587965e-02
3.17553019e-01	4.54571249e-02
3.17886583e-01	4.64488266e-02
3.18220147e-01	4.73281923e-02
3.18553711e-01	4.80970030e-02
3.18887275e-01	4.87615934e-02
3.19220839e-01	4.93294356e-02
3.19554403e-01	4.98060979e-02
3.19887967e-01	5.01932637e-02
3.20221531e-01	5.04881908e-02
3.20555095e-01	5.06846537e-02
3.20888660e-01	5.07751075e-02
3.21222224e-01	5.07535885e-02
3.21555788e-01	5.06187377e-02
3.21889352e-01	5.03763069e-02
3.22222916e-01	5.00405735e-02
3.22556480e-01	4.96342458e-02
3.22890044e-01	4.91866769e-02
3.23223608e-01	4.87305046e-02
3.23557172e-01	4.82971464e-02
3.23890736e-01	4.79118547e-02
3.24224301e-01	4.75892193e-02
3.24557865e-01	4.73300100e-02
3.24891429e-01	4.71200724e-02
3.25224993e-01	4.69316338e-02
3.25558557e-01	4.67269307e-02
3.25892121e-01	4.64636219e-02
3.26225685e-01	4.61011320e-02
3.26559249e-01	4.56069288e-02
3.26892813e-01	4.49617964e-02
3.27226377e-01	4.41633626e-02
3.27559941e-01	4.32274211e-02
3.27893506e-01	4.21869003e-02
3.28227070e-01	4.10886050e-02
3.28560634e-01	3.99881132e-02
3.28894198e-01	3.89434460e-02
3.29227762e-01	3.80083507e-02
3.29561326e-01	3.72261743e-02
3.29894890e-01	3.66253044e-02
3.30228454e-01	3.62169424e-02
3.30562018e-01	3.59955561e-02
3.30895582e-01	3.59417785e-02
3.31229147e-01	3.60269571e-02
3.31562711e-01	3.62181978e-02
3.31896275e-01	3.64827175e-02
3.32229839e-01	3.67906470e-02
3.32563403e-01	3.71160064e-02
3.32896967e-01	3.74362045e-02
3.33230531e-01	3.77308605e-02
3.33564095e-01	3.79808548e-02
3.33897659e-01	3.93410451e-02
