-8.00553828e-03	-8.25580777e-04
-7.67197419e-03	-1.58740005e-03
-7.33841009e-03	-3.82605196e-03
-7.00484600e-03	-8.90204959e-03
-6.67128190e-03	-1.99471846e-02
-6.33771781e-03	-4.29594570e-02
-6.00415371e-03	-8.89660456e-02
-5.67058962e-03	-1.77120275e-01
-5.33702552e-03	-3.38996787e-01
-5.00346143e-03	-6.23703415e-01
-4.66989733e-03	-1.10307610e+00
-4.33633324e-03	-1.87524679e+00
-4.00276914e-03	-3.06419579e+00
-3.66920505e-03	-4.81231147e+00
-3.33564095e-03	-7.26336597e+00
-3.00207686e-03	-1.05348514e+01
-2.66851276e-03	-1.46816087e+01
-2.33494867e-03	-1.96565713e+01
-2.00138457e-03	-2.52781778e+01
-1.66782048e-03	-3.12159847e+01
-1.33425638e-03	-3.70046095e+01
-1.00069229e-03	-4.20908611e+01
-6.67128190e-04	-4.59103018e+01
-3.33564095e-04	-4.79801612e+01
1.85165269e-18	-4.79884950e+01
3.33564095e-04	-4.58578932e+01
6.67128190e-04	-4.17669870e+01
1.00069229e-03	-3.61234590e+01
1.33425638e-03	-2.94948259e+01
1.66782048e-03	-2.25138704e+01
2.00138457e-03	-1.57807673e+01
2.33494867e-03	-9.78249775e+00
2.66851276e-03	-4.84317623e+00
3.00207686e-03	-1.10940514e+00
3.33564095e-03	1.43397375e+00
3.66920505e-03	2.92789101e+00
4.00276914e-03	3.59446331e+00
4.33633324e-03	3.69358045e+00
4.66989733e-03	3.48681267e+00
5.00346143e-03	3.21106396e+00
5.33702552e-03	3.06170010e+00
5.67058962e-03	3.18356346e+00
6.00415371e-03	3.66807774e+00
6.33771781e-03	4.55501836e+00
6.67128190e-03	5.83792435e+00
7.00484600e-03	7.47234368e+00
7.33841009e-03	9.38603807e+00
7.67197419e-03	1.14901593e+01
8.00553828e-03	1.36903124e+01
8.33910238e-03	1.58965217e+01
8.67266648e-03	1.80313029e+01
9.00623057e-03	2.00353180e+01
9.33979467e-03	2.18703029e+01
9.67335876e-03	2.35191581e+01
1.00069229e-02	2.49832685e+01
1.03404870e-02	2.62773759e+01
1.06740510e-02	2.74226369e+01
1.10076151e-02	2.84388561e+01
1.13411792e-02	2.93371344e+01
1.16747433e-02	3.01142353e+01
1.20083074e-02	3.07497548e+01
1.23418715e-02	3.12067387e+01
1.26754356e-02	3.14357860e+01
1.30089997e-02	3.13820604e+01
1.33425638e-02	3.09941007e+01
1.36761279e-02	3.02329602e+01
1.40096920e-02	2.90800836e+01
1.43432561e-02	2.75424821e+01
1.46768202e-02	2.56542242e+01
1.50103843e-02	2.34739533e+01
1.53439484e-02	2.10789671e+01
1.56775125e-02	1.85571163e+01
1.60110766e-02	1.59982136e+01
1.63446407e-02	1.34865957e+01
1.66782048e-02	1.10959594e+01
1.70117689e-02	8.88672367e+00
1.73453330e-02	6.90527926e+00
1.76788970e-02	5.18388304e+00
1.80124611e-02	3.73994245e+00
1.83460252e-02	2.57402024e+00
1.86795893e-02	1.66690510e+00
1.90131534e-02	9.77091008e-01
1.93467175e-02	4.40570269e-01
1.96802816e-02	-2.53751249e-02
2.00138457e-02	-5.13679237e-01
2.03474098e-02	-1.11506304e+00
2.06809739e-02	-1.90385246e+00
2.10145380e-02	-2.92507455e+00
2.13481021e-02	-4.18579470e+00
2.16816662e-02	-5.65269592e+00
2.20152303e-02	-7.25636311e+00
2.23487944e-02	-8.90115650e+00
2.26823585e-02	-1.04784167e+01
2.30159226e-02	-1.18803365e+01
2.33494867e-02	-1.30121429e+01
2.36830508e-02	-1.38010322e+01
2.40166149e-02	-1.42012407e+01
2.43501789e-02	-1.41954254e+01
2.46837430e-02	-1.37930231e+01
2.50173071e-02	-1.30264391e+01
2.53508712e-02	-1.19459023e+01
2.56844353e-02	-1.06137251e+01
2.60179994e-02	-9.09861181e+00
2.63515635e-02	-7.47056565e+00
2.66851276e-02	-5.79683112e+00
2.70186917e-02	-4.13911290e+00
2.73522558e-02	-2.55206558e+00
2.76858199e-02	-1.08277704e+00
2.80193840e-02	2.29225165e-01
2.83529481e-02	1.35197769e+00
2.86865122e-02	2.26150851e+00
2.90200763e-02	2.94284187e+00
2.93536404e-02	3.39140118e+00
2.96872045e-02	3.61435066e+00
3.00207686e-02	3.63127211e+00
3.03543327e-02	3.47363366e+00
3.06878968e-02	3.18273736e+00
3.10214609e-02	2.80618306e+00
3.13550249e-02	2.39323780e+00
3.16885890e-02	1.98978100e+00
3.20221531e-02	1.63362226e+00
3.23557172e-02	1.35095187e+00
3.26892813e-02	1.15447394e+00
3.30228454e-02	1.04345300e+00
3.33564095e-02	1.00553082e+00
3.36899736e-02	1.01984420e+00
3.40235377e-02	1.06075539e+00
3.43571018e-02	1.10145936e+00
3.46906659e-02	1.11685024e+00
3.50242300e-02	1.08529074e+00
3.53577941e-02	9.89252396e-01
3.56913582e-02	8.15104240e-01
3.60249223e-02	5.52537297e-01
3.63584864e-02	1.94173109e-01
3.66920505e-02	-2.64206809e-01
3.70256146e-02	-8.22630171e-01
3.73591787e-02	-1.47525602e+00
3.76927428e-02	-2.20852084e+00
3.80263069e-02	-2.99978201e+00
3.83598709e-02	-3.81715051e+00
3.86934350e-02	-4.62101049e+00
3.90269991e-02	-5.36735146e+00
3.93605632e-02	-6.01257563e+00
3.96941273e-02	-6.51901838e+00
4.00276914e-02	-6.86014514e+00
4.03612555e-02	-7.02435416e+00
4.06948196e-02	-7.01653707e+00
4.10283837e-02	-6.85699867e+00
4.13619478e-02	-6.57789611e+00
4.16955119e-02	-6.21789515e+00
4.20290760e-02	-5.81611183e+00
4.23626401e-02	-5.40653711e+00
4.26962042e-02	-5.01398911e+00
4.30297683e-02	-4.65225618e+00
4.33633324e-02	-4.32457236e+00
4.36968965e-02	-4.02605264e+00
4.40304606e-02	-3.74731768e+00
4.43640247e-02	-3.47835682e+00
4.46975888e-02	-3.21173174e+00
4.50311529e-02	-2.94449281e+00
4.53647169e-02	-2.67856488e+00
4.56982810e-02	-2.41975550e+00
4.60318451e-02	-2.17583671e+00
4.63654092e-02	-1.95429851e+00
4.66989733e-02	-1.76034199e+00
4.70325374e-02	-1.59551403e+00
4.73661015e-02	-1.45714816e+00
4.76996656e-02	-1.33855535e+00
4.80332297e-02	-1.22975912e+00
4.83667938e-02	-1.11852228e+00
4.87003579e-02	-9.91455780e-01
4.90339220e-02	-8.35098700e-01
4.93674861e-02	-6.36957035e-01
4.97010502e-02	-3.86545858e-01
5.00346143e-02	-7.64725384e-02
5.03681784e-02	2.96468029e-01
5.07017425e-02	7.30311243e-01
5.10353066e-02	1.21726051e+00
5.13688707e-02	1.74357130e+00
5.17024348e-02	2.29014966e+00
5.20359989e-02	2.83390162e+00
5.23695629e-02	3.34970937e+00
5.27031270e-02	3.81276407e+00
5.30366911e-02	4.20091085e+00
5.33702552e-02	4.49667252e+00
5.37038193e-02	4.68871641e+00
5.40373834e-02	4.77266311e+00
5.43709475e-02	4.75126667e+00
5.47045116e-02	4.63406691e+00
5.50380757e-02	4.43662151e+00
5.53716398e-02	4.17937202e+00
5.57052039e-02	3.88614047e+00
5.60387680e-02	3.58222751e+00
5.63723321e-02	3.29213648e+00
5.67058962e-02	3.03706678e+00
5.70394603e-02	2.83248105e+00
5.73730244e-02	2.68617723e+00
5.77065885e-02	2.59733107e+00
5.80401526e-02	2.55686015e+00
5.83737167e-02	2.54920946e+00
5.87072808e-02	2.55532159e+00
5.90408449e-02	2.55623814e+00
5.93744089e-02	2.53658003e+00
5.97079730e-02	2.48715101e+00
6.00415371e-02	2.40610854e+00
6.03751012e-02	2.29849857e+00
6.07086653e-02	2.17434759e+00
6.10422294e-02	2.04583564e+00
6.13757935e-02	1.92424809e+00
6.17093576e-02	1.81739068e+00
6.20429217e-02	1.72797825e+00
6.23764858e-02	1.65324390e+00
6.27100499e-02	1.58574266e+00
6.30436140e-02	1.51509588e+00
6.33771781e-02	1.43027503e+00
6.37107422e-02	1.32195412e+00
6.40443063e-02	1.18446753e+00
6.43778704e-02	1.01697942e+00
6.47114345e-02	8.23614018e-01
6.50449986e-02	6.12497750e-01
6.53785627e-02	3.93910588e-01
6.57121268e-02	1.77971688e-01
6.60456908e-02	-2.75613612e-02
6.63792549e-02	-2.18796618e-01
6.67128190e-02	-3.96095971e-01
6.70463831e-02	-5.63237818e-01
6.73799472e-02	-7.25599013e-01
6.77135113e-02	-8.87896360e-01
6.80470754e-02	-1.05215343e+00
6.83806395e-02	-1.21647647e+00
6.87142036e-02	-1.37495457e+00
6.90477677e-02	-1.51865072e+00
6.93813318e-02	-1.63733546e+00
6.97148959e-02	-1.72144252e+00
7.00484600e-02	-1.76373682e+00
7.03820241e-02	-1.76035842e+00
7.07155882e-02	-1.71115166e+00
7.10491523e-02	-1.61940984e+00
7.13827164e-02	-1.49128675e+00
7.17162805e-02	-1.33512369e+00
7.20498446e-02	-1.16084106e+00
7.23834087e-02	-9.79410290e-01
7.27169728e-02	-8.02323462e-01
7.30505368e-02	-6.40949940e-01
7.33841009e-02	-5.05719426e-01
7.37176650e-02	-4.05165667e-01
7.40512291e-02	-3.44967863e-01
7.43847932e-02	-3.27186032e-01
7.47183573e-02	-3.49891077e-01
7.50519214e-02	-4.07329913e-01
7.53854855e-02	-4.90667263e-01
7.57190496e-02	-5.89220813e-01
7.60526137e-02	-6.91995674e-01
7.63861778e-02	-7.89240653e-01
7.67197419e-02	-8.73724885e-01
7.70533060e-02	-9.41471924e-01
7.73868701e-02	-9.91801643e-01
7.77204342e-02	-1.02668710e+00
7.80539983e-02	-1.04960407e+00
7.83875624e-02	-1.06417889e+00
7.87211265e-02	-1.07298859e+00
7.90546906e-02	-1.07680922e+00
7.93882547e-02	-1.07446326e+00
7.97218188e-02	-1.06323318e+00
8.00553828e-02	-1.03964778e+00
8.03889469e-02	-1.00036671e+00
8.07225110e-02	-9.42906722e-01
8.10560751e-02	-8.66056047e-01
8.13896392e-02	-7.69952680e-01
8.17232033e-02	-6.55911557e-01
8.20567674e-02	-5.26127398e-01
8.23903315e-02	-3.83363576e-01
8.27238956e-02	-2.30678244e-01
8.30574597e-02	-7.11938613e-02
8.33910238e-02	9.21008368e-02
8.37245879e-02	2.56501948e-01
8.40581520e-02	4.19650074e-01
8.43917161e-02	5.79441418e-01
8.47252802e-02	7.33769572e-01
8.50588443e-02	8.80147841e-01
8.53924084e-02	1.01533677e+00
8.57259725e-02	1.13513853e+00
8.60595366e-02	1.23449110e+00
8.63931007e-02	1.30790936e+00
8.67266648e-02	1.35020218e+00
8.70602288e-02	1.35730341e+00
8.73937929e-02	1.32701400e+00
8.77273570e-02	1.25948693e+00
8.80609211e-02	1.15736353e+00
8.83944852e-02	1.02556859e+00
8.87280493e-02	8.70844723e-01
8.90616134e-02	7.01142025e-01
8.93951775e-02	5.24973704e-01
8.97287416e-02	3.50816320e-01
9.00623057e-02	1.86597458e-01
9.03958698e-02	3.92781835e-02
9.07294339e-02	-8.54777666e-02
9.10629980e-02	-1.83565259e-01
9.13965621e-02	-2.52638107e-01
9.17301262e-02	-2.92242102e-01
9.20636903e-02	-3.03851723e-01
9.23972544e-02	-2.90762133e-01
9.27308185e-02	-2.57788894e-01
9.30643826e-02	-2.10750058e-01
9.33979467e-02	-1.55759717e-01
9.37315108e-02	-9.84257945e-02
9.40650748e-02	-4.30996719e-02
9.43986389e-02	7.65660883e-03
9.47322030e-02	5.32537277e-02
9.50657671e-02	9.48525708e-02
9.53993312e-02	1.34780794e-01
9.57328953e-02	1.75721158e-01
9.60664594e-02	2.19854569e-01
9.64000235e-02	2.68141938e-01
9.67335876e-02	3.19883758e-01
9.70671517e-02	3.72628291e-01
9.74007158e-02	4.22424315e-01
9.77342799e-02	4.64352602e-01
9.80678440e-02	4.93228411e-01
9.84014081e-02	5.04344452e-01
9.87349722e-02	4.94125254e-01
9.90685363e-02	4.60586428e-01
9.94021004e-02	4.03535966e-01
9.97356645e-02	3.24513487e-01
1.00069229e-01	2.26521071e-01
1.00402793e-01	1.13639932e-01
1.00736357e-01	-9.36617053e-03
1.01069921e-01	-1.37389941e-01
1.01403485e-01	-2.65241878e-01
1.01737049e-01	-3.87863954e-01
1.02070613e-01	-5.00548212e-01
1.02404177e-01	-5.99195324e-01
1.02737741e-01	-6.80602090e-01
1.03071305e-01	-7.42715268e-01
1.03404870e-01	-7.84762761e-01
1.03738434e-01	-8.07190752e-01
1.04071998e-01	-8.11392552e-01
1.04405562e-01	-7.99289952e-01
1.04739126e-01	-7.72885579e-01
1.05072690e-01	-7.33918811e-01
1.05406254e-01	-6.83722633e-01
1.05739818e-01	-6.23307247e-01
1.06073382e-01	-5.53617884e-01
1.06406946e-01	-4.75860778e-01
1.06740510e-01	-3.91777758e-01
1.07074075e-01	-3.03775990e-01
1.07407639e-01	-2.14872313e-01
1.07741203e-01	-1.28467567e-01
1.08074767e-01	-4.80097620e-02
1.08408331e-01	2.33727650e-02
1.08741895e-01	8.31874965e-02
1.09075459e-01	1.29779348e-01
1.09409023e-01	1.62383358e-01
1.09742587e-01	1.81030004e-01
1.10076151e-01	1.86339057e-01
1.10409716e-01	1.79265337e-01
1.10743280e-01	1.60870386e-01
1.11076844e-01	1.32181460e-01
1.11410408e-01	9.41672552e-02
1.11743972e-01	4.78174788e-02
1.12077536e-01	-5.72483855e-03
1.12411100e-01	-6.50463471e-02
1.12744664e-01	-1.28419240e-01
1.13078228e-01	-1.93855056e-01
1.13411792e-01	-2.59240197e-01
1.13745356e-01	-3.22504480e-01
1.14078921e-01	-3.81764011e-01
1.14412485e-01	-4.35393583e-01
1.14746049e-01	-4.82013759e-01
1.15079613e-01	-5.20410585e-01
1.15413177e-01	-5.49428520e-01
1.15746741e-01	-5.67883543e-01
1.16080305e-01	-5.74534356e-01
1.16413869e-01	-5.68130349e-01
1.16747433e-01	-5.47533657e-01
1.17080997e-01	-5.11894124e-01
1.17414562e-01	-4.60841869e-01
1.17748126e-01	-3.94655989e-01
1.18081690e-01	-3.14370431e-01
1.18415254e-01	-2.21788917e-01
1.18748818e-01	-1.19400136e-01
1.19082382e-01	-1.02070170e-02
1.19415946e-01	1.02498080e-01
1.19749510e-01	2.15371913e-01
1.20083074e-01	3.25235295e-01
1.20416638e-01	4.29239404e-01
1.20750202e-01	5.24973150e-01
1.21083767e-01	6.10511126e-01
1.21417331e-01	6.84405666e-01
1.21750895e-01	7.45628007e-01
1.22084459e-01	7.93466916e-01
1.22418023e-01	8.27402722e-01
1.22751587e-01	8.46988947e-01
1.23085151e-01	8.51783341e-01
1.23418715e-01	8.41366312e-01
1.23752279e-01	8.15463687e-01
1.24085843e-01	7.74155783e-01
1.24419408e-01	7.18118873e-01
1.24752972e-01	6.48823970e-01
1.25086536e-01	5.68621520e-01
1.25420100e-01	4.80669331e-01
1.25753664e-01	3.88705036e-01
1.26087228e-01	2.96707725e-01
1.26420792e-01	2.08521116e-01
1.26754356e-01	1.27515041e-01
1.27087920e-01	5.63449727e-02
1.27421484e-01	-3.16138639e-03
1.27755048e-01	-4.99946098e-02
1.28088613e-01	-8.38612122e-02
1.28422177e-01	-1.05032056e-01
1.28755741e-01	-1.14185091e-01
1.29089305e-01	-1.12274169e-01
1.29422869e-01	-1.00437116e-01
1.29756433e-01	-7.99375766e-02
1.30089997e-01	-5.21227518e-02
1.30423561e-01	-1.83777724e-02
1.30757125e-01	1.99321109e-02
1.31090689e-01	6.15234308e-02
1.31424254e-01	1.05237998e-01
1.31757818e-01	1.50042380e-01
1.32091382e-01	1.94969960e-01
1.32424946e-01	2.39015949e-01
1.32758510e-01	2.81020532e-01
1.33092074e-01	3.19588496e-01
1.33425638e-01	3.53087430e-01
1.33759202e-01	3.79741987e-01
1.34092766e-01	3.97808418e-01
1.34426330e-01	4.05785434e-01
1.34759894e-01	4.02605787e-01
1.35093459e-01	3.87761009e-01
1.35427023e-01	3.61334297e-01
1.35760587e-01	3.23943780e-01
1.36094151e-01	2.76620905e-01
1.36427715e-01	2.20660671e-01
1.36761279e-01	1.57481813e-01
1.37094843e-01	8.85282211e-02
1.37428407e-01	1.52305335e-02
1.37761971e-01	-6.09696981e-02
1.38095535e-01	-1.38549649e-01
1.38429100e-01	-2.15822764e-01
1.38762664e-01	-2.90889107e-01
1.39096228e-01	-3.61660661e-01
1.39429792e-01	-4.25984051e-01
1.39763356e-01	-4.81850538e-01
1.40096920e-01	-5.27647963e-01
1.40430484e-01	-5.62385428e-01
1.40764048e-01	-5.85820088e-01
1.41097612e-01	-5.98439625e-01
1.41431176e-01	-6.01295867e-01
1.41764740e-01	-5.95730026e-01
1.42098305e-01	-5.83062546e-01
1.42431869e-01	-5.64329915e-01
1.42765433e-01	-5.40134920e-01
1.43098997e-01	-5.10643070e-01
1.43432561e-01	-4.75717838e-01
1.43766125e-01	-4.35152649e-01
1.44099689e-01	-3.88936706e-01
1.44433253e-01	-3.37488315e-01
1.44766817e-01	-2.81801876e-01
1.45100381e-01	-2.23478272e-01
1.45433946e-01	-1.64636390e-01
1.45767510e-01	-1.07728471e-01
1.46101074e-01	-5.52975945e-02
1.46434638e-01	-9.71927715e-03
1.46768202e-01	2.70375529e-02
1.47101766e-01	5.36067730e-02
1.47435330e-01	6.93647436e-02
1.47768894e-01	7.45030606e-02
1.48102458e-01	7.00219218e-02
1.48436022e-01	5.76299999e-02
1.48769586e-01	3.95430470e-02
1.49103151e-01	1.81922272e-02
1.49436715e-01	-4.11875994e-03
1.49770279e-01	-2.55422481e-02
1.50103843e-01	-4.49241722e-02
1.50437407e-01	-6.18876798e-02
1.50770971e-01	-7.67384523e-02
1.51104535e-01	-9.02191061e-02
1.51438099e-01	-1.03185485e-01
1.51771663e-01	-1.16298933e-01
1.52105227e-01	-1.29817364e-01
1.52438792e-01	-1.43528480e-01
1.52772356e-01	-1.56816877e-01
1.53105920e-01	-1.68813513e-01
1.53439484e-01	-1.78557358e-01
1.53773048e-01	-1.85109839e-01
1.54106612e-01	-1.87596169e-01
1.54440176e-01	-1.85188215e-01
1.54773740e-01	-1.77073737e-01
1.55107304e-01	-1.62464344e-01
1.55440868e-01	-1.40677172e-01
1.55774432e-01	-1.11290376e-01
1.56107997e-01	-7.43340982e-02
1.56441561e-01	-3.04523671e-02
1.56775125e-01	1.90314475e-02
1.57108689e-01	7.21896866e-02
1.57442253e-01	1.26707516e-01
1.57775817e-01	1.80196341e-01
1.58109381e-01	2.30522891e-01
1.58442945e-01	2.76064378e-01
1.58776509e-01	3.15821595e-01
1.59110073e-01	3.49367298e-01
1.59443638e-01	3.76660918e-01
1.59777202e-01	3.97803348e-01
1.60110766e-01	4.12821667e-01
1.60444330e-01	4.21557894e-01
1.60777894e-01	4.23694454e-01
1.61111458e-01	4.18897884e-01
1.61445022e-01	4.07020167e-01
1.61778586e-01	3.88278605e-01
1.62112150e-01	3.63345400e-01
1.62445714e-01	3.33311881e-01
1.62779278e-01	2.99536405e-01
1.63112843e-01	2.63423553e-01
1.63446407e-01	2.26203017e-01
1.63779971e-01	1.88774164e-01
1.64113535e-01	1.51659437e-01
1.64447099e-01	1.15075172e-01
1.64780663e-01	7.90934334e-02
1.65114227e-01	4.38433719e-02
1.65447791e-01	9.69170624e-03
1.65781355e-01	-2.26495495e-02
1.66114919e-01	-5.21181735e-02
1.66448484e-01	-7.74018220e-02
1.66782048e-01	-9.71193989e-02
1.67115612e-01	-1.10042516e-01
1.67449176e-01	-1.15310091e-01
1.67782740e-01	-1.12594512e-01
1.68116304e-01	-1.02190901e-01
1.68449868e-01	-8.50172389e-02
1.68783432e-01	-6.25286842e-02
1.69116996e-01	-3.65617119e-02
1.69450560e-01	-9.13225195e-03
1.69784124e-01	1.77831862e-02
1.70117689e-01	4.24531048e-02
1.70451253e-01	6.35555044e-02
1.70784817e-01	8.02797525e-02
1.71118381e-01	9.23538961e-02
1.71451945e-01	9.99967415e-02
1.71785509e-01	1.03804823e-01
1.72119073e-01	1.04592880e-01
1.72452637e-01	1.03211768e-01
1.72786201e-01	1.00369876e-01
1.73119765e-01	9.64838557e-02
1.73453330e-01	9.15821586e-02
1.73786894e-01	8.52799743e-02
1.74120458e-01	7.68351834e-02
1.74454022e-01	6.52815313e-02
1.74787586e-01	4.96189922e-02
1.75121150e-01	2.90261880e-02
1.75454714e-01	3.05107497e-03
1.75788278e-01	-2.82615327e-02
1.76121842e-01	-6.43324944e-02
1.76455406e-01	-1.04104589e-01
1.76788970e-01	-1.46171557e-01
1.77122535e-01	-1.88941628e-01
1.77456099e-01	-2.30793290e-01
1.77789663e-01	-2.70191511e-01
1.78123227e-01	-3.05752846e-01
1.78456791e-01	-3.36269451e-01
1.78790355e-01	-3.60716263e-01
1.79123919e-01	-3.78267026e-01
1.79457483e-01	-3.88333561e-01
1.79791047e-01	-3.90624383e-01
1.80124611e-01	-3.85201901e-01
1.80458176e-01	-3.72509709e-01
1.80791740e-01	-3.53346767e-01
1.81125304e-01	-3.28781808e-01
1.81458868e-01	-3.00022694e-01
1.81792432e-01	-2.68272893e-01
1.82125996e-01	-2.34613455e-01
1.82459560e-01	-1.99940631e-01
1.82793124e-01	-1.64969351e-01
1.83126688e-01	-1.30288623e-01
1.83460252e-01	-9.64360663e-02
1.83793816e-01	-6.39530016e-02
1.84127381e-01	-3.33914486e-02
1.84460945e-01	-5.26659617e-03
1.84794509e-01	2.00260230e-02
1.85128073e-01	4.22906807e-02
1.85461637e-01	6.15672569e-02
1.85795201e-01	7.80946949e-02
1.86128765e-01	9.22006117e-02
1.86462329e-01	1.04145208e-01
1.86795893e-01	1.13969203e-01
1.87129457e-01	1.21400618e-01
1.87463022e-01	1.25861279e-01
1.87796586e-01	1.26585161e-01
1.88130150e-01	1.22826465e-01
1.88463714e-01	1.14106717e-01
1.88797278e-01	1.00435962e-01
1.89130842e-01	8.24473888e-02
1.89464406e-01	6.14057141e-02
1.89797970e-01	3.90808471e-02
1.90131534e-01	1.75108688e-02
1.90465098e-01	-1.29638405e-03
1.90798662e-01	-1.56615863e-02
1.91132227e-01	-2.44730776e-02
1.91465791e-01	-2.73232322e-02
1.91799355e-01	-2.45215304e-02
1.92132919e-01	-1.69888069e-02
1.92466483e-01	-6.05851752e-03
1.92800047e-01	6.77498129e-03
1.93133611e-01	2.01154527e-02
1.93467175e-01	3.28875597e-02
1.93800739e-01	4.44882181e-02
1.94134303e-01	5.48441124e-02
1.94467868e-01	6.43686038e-02
1.94801432e-01	7.38282373e-02
1.95134996e-01	8.41453219e-02
1.95468560e-01	9.61757564e-02
1.95802124e-01	1.10507165e-01
1.96135688e-01	1.27318815e-01
1.96469252e-01	1.46331111e-01
1.96802816e-01	1.66851206e-01
1.97136380e-01	1.87897823e-01
1.97469944e-01	2.08369528e-01
1.97803508e-01	2.27212211e-01
1.98137073e-01	2.43545957e-01
1.98470637e-01	2.56727081e-01
1.98804201e-01	2.66342552e-01
1.99137765e-01	2.72154082e-01
1.99471329e-01	2.74021735e-01
1.99804893e-01	2.71838710e-01
2.00138457e-01	2.65500677e-01
2.00472021e-01	2.54918442e-01
2.00805585e-01	2.40067157e-01
2.01139149e-01	2.21053585e-01
2.01472713e-01	1.98178069e-01
2.01806278e-01	1.71970349e-01
2.02139842e-01	1.43186496e-01
2.02473406e-01	1.12765026e-01
2.02806970e-01	8.17504186e-02
2.03140534e-01	5.11993409e-02
2.03474098e-01	2.20874794e-02
2.03807662e-01	-4.76685623e-03
2.04141226e-01	-2.87511928e-02
2.04474790e-01	-4.94747386e-02
2.04808354e-01	-6.67532701e-02
2.05141919e-01	-8.05697357e-02
2.05475483e-01	-9.10204340e-02
2.05809047e-01	-9.82579874e-02
2.06142611e-01	-1.02442032e-01
2.06476175e-01	-1.03706649e-01
2.06809739e-01	-1.02150056e-01
2.07143303e-01	-9.78471802e-02
2.07476867e-01	-9.08802871e-02
2.07810431e-01	-8.13782625e-02
2.08143995e-01	-6.95530487e-02
2.08477559e-01	-5.57232745e-02
2.08811124e-01	-4.03200486e-02
2.09144688e-01	-2.38764651e-02
2.09478252e-01	-7.00783452e-03
2.09811816e-01	9.60856579e-03
2.10145380e-01	2.52484521e-02
2.10478944e-01	3.91511785e-02
2.10812508e-01	5.05344522e-02
2.11146072e-01	5.86257276e-02
2.11479636e-01	6.27209918e-02
2.11813200e-01	6.22730634e-02
2.12146765e-01	5.69984992e-02
2.12480329e-01	4.69791969e-02
2.12813893e-01	3.27269540e-02
2.13147457e-01	1.51805898e-02
2.13481021e-01	-4.38290619e-03
2.13814585e-01	-2.45213757e-02
2.14148149e-01	-4.38589274e-02
2.14481713e-01	-6.13294126e-02
2.14815277e-01	-7.63748199e-02
2.15148841e-01	-8.90453786e-02
2.15482405e-01	-9.99675909e-02
2.15815970e-01	-1.10177597e-01
2.16149534e-01	-1.20852331e-01
2.16483098e-01	-1.32999797e-01
2.16816662e-01	-1.47183305e-01
2.17150226e-01	-1.63347576e-01
2.17483790e-01	-1.80788392e-01
2.17817354e-01	-1.98269491e-01
2.18150918e-01	-2.14252158e-01
2.18484482e-01	-2.27176203e-01
2.18818046e-01	-2.35723361e-01
2.19151611e-01	-2.39006635e-01
2.19485175e-01	-2.36656038e-01
2.19818739e-01	-2.28802368e-01
2.20152303e-01	-2.15985696e-01
2.20485867e-01	-1.99027076e-01
2.20819431e-01	-1.78899358e-01
2.21152995e-01	-1.56620025e-01
2.21486559e-01	-1.33172979e-01
2.21820123e-01	-1.09454355e-01
2.22153687e-01	-8.62335426e-02
2.22487251e-01	-6.41243608e-02
2.22820816e-01	-4.35684784e-02
2.23154380e-01	-2.48383976e-02
2.23487944e-01	-8.06643423e-03
2.23821508e-01	6.70138173e-03
2.24155072e-01	1.94385456e-02
2.24488636e-01	3.00793849e-02
2.24822200e-01	3.84907783e-02
2.25155764e-01	4.44882395e-02
2.25489328e-01	4.78942078e-02
2.25822892e-01	4.86186219e-02
2.26156457e-01	4.67301638e-02
2.26490021e-01	4.24869467e-02
2.26823585e-01	3.63091500e-02
2.27157149e-01	2.86986197e-02
2.27490713e-01	2.01328708e-02
2.27824277e-01	1.09736023e-02
2.28157841e-01	1.42660187e-03
2.28491405e-01	-8.42893138e-03
2.28824969e-01	-1.85509784e-02
2.29158533e-01	-2.88193167e-02
2.29492097e-01	-3.89400068e-02
2.29825662e-01	-4.84090953e-02
2.30159226e-01	-5.65525893e-02
2.30492790e-01	-6.26308197e-02
2.30826354e-01	-6.59716760e-02
2.31159918e-01	-6.60884139e-02
2.31493482e-01	-6.27468249e-02
2.31827046e-01	-5.59688665e-02
2.32160610e-01	-4.59852424e-02
2.32494174e-01	-3.31669368e-02
2.32827738e-01	-1.79683256e-02
2.33161303e-01	-9.02120041e-04
2.33494867e-01	1.74543849e-02
2.33828431e-01	3.64414490e-02
2.34161995e-01	5.53157433e-02
2.34495559e-01	7.32885848e-02
2.34829123e-01	8.96089665e-02
2.35162687e-01	1.03675797e-01
2.35496251e-01	1.15148203e-01
2.35829815e-01	1.24019082e-01
2.36163379e-01	1.30626482e-01
2.36496943e-01	1.35595440e-01
2.36830508e-01	1.39722157e-01
2.37164072e-01	1.43825907e-01
2.37497636e-01	1.48598070e-01
2.37831200e-01	1.54473258e-01
2.38164764e-01	1.61538784e-01
2.38498328e-01	1.69490791e-01
2.38831892e-01	1.77640947e-01
2.39165456e-01	1.84976222e-01
2.39499020e-01	1.90272546e-01
2.39832584e-01	1.92257502e-01
2.40166149e-01	1.89806350e-01
2.40499713e-01	1.82142160e-01
2.40833277e-01	1.69000303e-01
2.41166841e-01	1.50716495e-01
2.41500405e-01	1.28209574e-01
2.41833969e-01	1.02853886e-01
2.42167533e-01	7.62650771e-02
2.42501097e-01	5.00474875e-02
2.42834661e-01	2.55625450e-02
2.43168225e-01	3.77107598e-03
2.43501789e-01	-1.48198211e-02
2.43835354e-01	-3.01053343e-02
2.44168918e-01	-4.22557742e-02
2.44502482e-01	-5.15604721e-02
2.44836046e-01	-5.82916908e-02
2.45169610e-01	-6.26246277e-02
2.45503174e-01	-6.46272718e-02
2.45836738e-01	-6.43101132e-02
2.46170302e-01	-6.17080443e-02
2.46503866e-01	-5.69599533e-02
2.46837430e-01	-5.03563065e-02
2.47170995e-01	-4.23385958e-02
2.47504559e-01	-3.34517174e-02
2.47838123e-01	-2.42655045e-02
2.48171687e-01	-1.52903483e-02
2.48505251e-01	-6.91207012e-03
2.48838815e-01	6.36333968e-04
2.49172379e-01	7.26080380e-03
2.49505943e-01	1.29578522e-02
2.49839507e-01	1.77489650e-02
2.50173071e-01	2.16185781e-02
2.50506635e-01	2.44735420e-02
2.50840200e-01	2.61341491e-02
2.51173764e-01	2.63568987e-02
2.51507328e-01	2.48803236e-02
2.51840892e-01	2.14798005e-02
2.52174456e-01	1.60164104e-02
2.52508020e-01	8.46828675e-03
2.52841584e-01	-1.06089772e-03
2.53175148e-01	-1.23545855e-02
2.53508712e-01	-2.51095574e-02
2.53842276e-01	-3.89652506e-02
2.54175841e-01	-5.35267270e-02
2.54509405e-01	-6.83765863e-02
2.54842969e-01	-8.30779902e-02
2.55176533e-01	-9.71772165e-02
2.55510097e-01	-1.10216793e-01
2.55843661e-01	-1.21767265e-01
2.56177225e-01	-1.31477291e-01
2.56510789e-01	-1.39130981e-01
2.56844353e-01	-1.44692926e-01
2.57177917e-01	-1.48319897e-01
2.57511481e-01	-1.50325904e-01
2.57845046e-01	-1.51102360e-01
2.58178610e-01	-1.51011925e-01
2.58512174e-01	-1.50286171e-01
2.58845738e-01	-1.48957962e-01
2.59179302e-01	-1.46848533e-01
2.59512866e-01	-1.43610645e-01
2.59846430e-01	-1.38810816e-01
2.60179994e-01	-1.32022964e-01
2.60513558e-01	-1.22907247e-01
2.60847122e-01	-1.11259721e-01
2.61180687e-01	-9.70345226e-02
2.61514251e-01	-8.03523018e-02
2.61847815e-01	-6.15107886e-02
2.62181379e-01	-4.10047735e-02
2.62514943e-01	-1.95481161e-02
2.62848507e-01	1.92243144e-03
2.63182071e-01	2.22854663e-02
2.63515635e-01	4.03303991e-02
2.63849199e-01	5.49065917e-02
2.64182763e-01	6.51009888e-02
2.64516327e-01	7.04031706e-02
2.64849892e-01	7.08132829e-02
2.65183456e-01	6.68593302e-02
2.65517020e-01	5.95126874e-02
2.65850584e-01	5.00173839e-02
2.66184148e-01	3.96714347e-02
2.66517712e-01	2.96105497e-02
2.66851276e-01	2.06427836e-02
2.67184840e-01	1.31681659e-02
2.67518404e-01	7.19467677e-03
2.67851968e-01	2.43765384e-03
2.68185533e-01	-1.52957433e-03
2.68519097e-01	-5.11556696e-03
2.68852661e-01	-8.58086910e-03
2.69186225e-01	-1.19659750e-02
2.69519789e-01	-1.50869359e-02
2.69853353e-01	-1.75902371e-02
2.70186917e-01	-1.90451551e-02
2.70520481e-01	-1.90461240e-02
2.70854045e-01	-1.72999253e-02
2.71187609e-01	-1.36805380e-02
2.71521173e-01	-8.24477556e-03
2.71854738e-01	-1.21119806e-03
2.72188302e-01	7.08861401e-03
2.72521866e-01	1.62737469e-02
2.72855430e-01	2.59786511e-02
2.73188994e-01	3.59052935e-02
2.73522558e-01	4.58513221e-02
2.73856122e-01	5.57072375e-02
2.74189686e-01	6.54226698e-02
2.74523250e-01	7.49507329e-02
2.74856814e-01	8.41875856e-02
2.75190379e-01	9.29283590e-02
2.75523943e-01	1.00857750e-01
2.75857507e-01	1.07583413e-01
2.76191071e-01	1.12705556e-01
2.76524635e-01	1.15902173e-01
2.76858199e-01	1.17001854e-01
2.77191763e-01	1.16018806e-01
2.77525327e-01	1.13137326e-01
2.77858891e-01	1.08650888e-01
2.78192455e-01	1.02877335e-01
2.78526019e-01	9.60797266e-02
2.78859584e-01	8.84189610e-02
2.79193148e-01	7.99507944e-02
2.79526712e-01	7.06621511e-02
2.79860276e-01	6.05269158e-02
2.80193840e-01	4.95557648e-02
2.80527404e-01	3.78199342e-02
2.80860968e-01	2.54424207e-02
2.81194532e-01	1.25658436e-02
2.81528096e-01	-6.82754178e-04
2.81861660e-01	-1.42081535e-02
2.82195225e-01	-2.79304509e-02
2.82528789e-01	-4.17366458e-02
2.82862353e-01	-5.54162775e-02
2.83195917e-01	-6.86065283e-02
2.83529481e-01	-8.07722519e-02
2.83863045e-01	-9.12368419e-02
2.84196609e-01	-9.92641175e-02
2.84530173e-01	-1.04174981e-01
2.84863737e-01	-1.05471096e-01
2.85197301e-01	-1.02935000e-01
2.85530865e-01	-9.66824983e-02
2.85864430e-01	-8.71565072e-02
2.86197994e-01	-7.50669849e-02
2.86531558e-01	-6.12942652e-02
2.86865122e-01	-4.67792661e-02
2.87198686e-01	-3.24225224e-02
2.87532250e-01	-1.90064968e-02
2.87865814e-01	-7.14580963e-03
2.88199378e-01	2.73800654e-03
2.88532942e-01	1.04240356e-02
2.88866506e-01	1.58869763e-02
2.89200071e-01	1.92801708e-02
2.89533635e-01	2.09030857e-02
2.89867199e-01	2.11491942e-02
2.90200763e-01	2.04346911e-02
2.90534327e-01	1.91165183e-02
2.90867891e-01	1.74162635e-02
2.91201455e-01	1.53704781e-02
2.91535019e-01	1.28250324e-02
2.91868583e-01	9.48118775e-03
2.92202147e-01	4.98688851e-03
2.92535711e-01	-9.46990765e-04
2.92869276e-01	-8.43441973e-03
2.93202840e-01	-1.73356671e-02
2.93536404e-01	-2.72344743e-02
2.93869968e-01	-3.74793377e-02
2.94203532e-01	-4.72814546e-02
2.94537096e-01	-5.58479505e-02
2.94870660e-01	-6.25202246e-02
2.95204224e-01	-6.68854922e-02
2.95537788e-01	-6.88352550e-02
2.95871352e-01	-6.85564927e-02
2.96204917e-01	-6.64575323e-02
2.96538481e-01	-6.30473280e-02
2.96872045e-01	-5.87999485e-02
2.97205609e-01	-5.40412456e-02
2.97539173e-01	-4.88893512e-02
2.97872737e-01	-4.32652148e-02
2.98206301e-01	-3.69678397e-02
2.98539865e-01	-2.97880106e-02
2.98873429e-01	-2.16215313e-02
2.99206993e-01	-1.25433801e-02
2.99540557e-01	-2.81814730e-03
2.99874122e-01	7.15521546e-03
3.00207686e-01	1.69433264e-02
3.00541250e-01	2.61872801e-02
3.00874814e-01	3.46836835e-02
3.01208378e-01	4.24131515e-02
3.01541942e-01	4.95115831e-02
3.01875506e-01	5.61990941e-02
3.02209070e-01	6.26932350e-02
3.02542634e-01	6.91336615e-02
3.02876198e-01	7.55363504e-02
3.03209763e-01	8.17821241e-02
3.03543327e-01	8.76329540e-02
3.03876891e-01	9.27644432e-02
3.04210455e-01	9.68045056e-02
3.04544019e-01	9.93736291e-02
3.04877583e-01	1.00126878e-01
3.05211147e-01	9.87987649e-02
3.05544711e-01	9.52488674e-02
3.05878275e-01	8.95009690e-02
3.06211839e-01	8.17652170e-02
3.06545403e-01	7.24340914e-02
3.06878968e-01	6.20491285e-02
3.07212532e-01	5.12439335e-02
3.07546096e-01	4.06761558e-02
3.07879660e-01	3.09634722e-02
3.08213224e-01	2.26351386e-02
3.08546788e-01	1.61030887e-02
3.08880352e-01	1.16485912e-02
3.09213916e-01	9.41599680e-03
3.09547480e-01	9.40622388e-03
3.09881044e-01	1.14686356e-02
3.10214609e-01	1.52976222e-02
3.10548173e-01	2.04452321e-02
3.10881737e-01	2.63602840e-02
3.11215301e-01	3.24568739e-02
3.11548865e-01	3.82035175e-02
3.11882429e-01	4.32130639e-02
3.12215993e-01	4.73080116e-02
3.12549557e-01	5.05391482e-02
3.12883121e-01	5.31473689e-02
3.13216685e-01	5.54754635e-02
3.13550249e-01	5.78527438e-02
3.13883814e-01	6.04847746e-02
3.14217378e-01	6.33795737e-02
3.14550942e-01	6.63305806e-02
3.14884506e-01	6.89592657e-02
3.15218070e-01	7.08025455e-02
3.15551634e-01	7.14181600e-02
3.15885198e-01	7.04785414e-02
3.16218762e-01	6.78304929e-02
3.16552326e-01	6.35108471e-02
3.16885890e-01	5.77219886e-02
3.17219455e-01	5.07808441e-02
3.17553019e-01	4.30580975e-02
3.17886583e-01	3.49213828e-02
3.18220147e-01	2.66898970e-02
3.18553711e-01	1.86018736e-02
3.18887275e-01	1.07933501e-02
3.19220839e-01	3.28721787e-03
3.19554403e-01	-4.00582462e-03
3.19887967e-01	-1.12706575e-02
3.20221531e-01	-1.87522953e-02
3.20555095e-01	-2.67024426e-02
3.20888660e-01	-3.53151023e-02
3.21222224e-01	-4.46642126e-02
3.21555788e-01	-5.46591877e-02
3.21889352e-01	-6.50323712e-02
3.22222916e-01	-7.53657194e-02
3.22556480e-01	-8.51541827e-02
3.22890044e-01	-9.38930393e-02
3.23223608e-01	-1.01168868e-01
3.23557172e-01	-1.06731327e-01
3.23890736e-01	-1.10526543e-01
3.24224301e-01	-1.12682275e-01
3.24557865e-01	-1.13448016e-01
3.24891429e-01	-1.13106543e-01
3.25224993e-01	-1.11883104e-01
3.25558557e-01	-1.09880949e-01
3.25892121e-01	-1.07065490e-01
3.26225685e-01	-1.03304878e-01
3.26559249e-01	-9.84562860e-02
3.26892813e-01	-9.24706112e-02
3.27226377e-01	-8.54799214e-02
3.27559941e-01	-7.78354569e-02
3.27893506e-01	-7.00791518e-02
3.28227070e-01	-6.28535253e-02
3.28560634e-01	-5.67757041e-02
3.28894198e-01	-5.23134808e-02
3.29227762e-01	-4.97000684e-02
3.29561326e-01	-4.89100976e-02
3.29894890e-01	-4.96979613e-02
3.30228454e-01	-5.16791966e-02
3.30562018e-01	-5.44239004e-02
3.30895582e-01	-5.75320742e-02
3.31229147e-01	-6.06728599e-02
3.31562711e-01	-6.35869234e-02
3.31896275e-01	-6.60661717e-02
3.32229839e-01	-6.79315693e-02
3.32563403e-01	-6.90262221e-02
3.32896967e-01	-6.92298550e-02
3.33230531e-01	-6.84880370e-02
3.33564095e-01	-6.68409264e-02
3.33897659e-01	-6.56240276e-02
