-8.00553828e-03	-7.59192590e-04
-7.67197419e-03	-1.41431957e-03
-7.33841009e-03	-3.41929376e-03
-7.00484600e-03	-7.94430003e-03
-6.67128190e-03	-1.77866861e-02
-6.33771781e-03	-3.82759131e-02
-6.00415371e-03	-7.92004328e-02
-5.67058962e-03	-1.57558166e-01
-5.33702552e-03	-3.01333163e-01
-5.00346143e-03	-5.54028532e-01
-4.66989733e-03	-9.79224038e-01
-4.33633324e-03	-1.66372948e+00
-4.00276914e-03	-2.71715443e+00
-3.66920505e-03	-4.26534513e+00
-3.33564095e-03	-6.43535532e+00
-3.00207686e-03	-9.33108138e+00
-2.66851276e-03	-1.30012310e+01
-2.33494867e-03	-1.74047719e+01
-2.00138457e-03	-2.23822345e+01
-1.66782048e-03	-2.76429874e+01
-1.33425638e-03	-3.27773731e+01
-1.00069229e-03	-3.72979435e+01
-6.67128190e-04	-4.07065251e+01
-3.33564095e-04	-4.25756287e+01
1.85165269e-18	-4.26266169e+01
3.33564095e-04	-4.07855837e+01
6.67128190e-04	-3.72022927e+01
1.00069229e-03	-3.22266249e+01
1.33425638e-03	-2.63480851e+01
1.66782048e-03	-2.01132109e+01
2.00138457e-03	-1.40403631e+01
2.33494867e-03	-8.55009917e+00
2.66851276e-03	-3.92321227e+00
3.00207686e-03	-2.90022051e-01
3.33564095e-03	2.35337334e+00
3.66920505e-03	4.11129842e+00
4.00276914e-03	5.14805828e+00
4.33633324e-03	5.65017803e+00
4.66989733e-03	5.79728770e+00
5.00346143e-03	5.74394122e+00
5.33702552e-03	5.61172170e+00
5.67058962e-03	5.48922599e+00
6.00415371e-03	5.43691087e+00
6.33771781e-03	5.49396013e+00
6.67128190e-03	5.68495044e+00
7.00484600e-03	6.02485830e+00
7.33841009e-03	6.52173495e+00
7.67197419e-03	7.17709830e+00
8.00553828e-03	7.98472287e+00
8.33910238e-03	8.92894009e+00
8.67266648e-03	9.98372930e+00
9.00623057e-03	1.11136491e+01
9.33979467e-03	1.22770904e+01
9.67335876e-03	1.34314959e+01
1.00069229e-02	1.45393963e+01
1.03404870e-02	1.55736072e+01
1.06740510e-02	1.65199815e+01
1.10076151e-02	1.73767530e+01
1.13411792e-02	1.81505558e+01
1.16747433e-02	1.88503082e+01
1.20083074e-02	1.94808813e+01
1.23418715e-02	2.00385574e+01
1.26754356e-02	2.05096702e+01
1.30089997e-02	2.08727617e+01
1.33425638e-02	2.11034763e+01
1.36761279e-02	2.11806586e+01
1.40096920e-02	2.10919466e+01
1.43432561e-02	2.08375427e+01
1.46768202e-02	2.04315659e+01
1.50103843e-02	1.99011181e+01
1.53439484e-02	1.92836697e+01
1.56775125e-02	1.86234826e+01
1.60110766e-02	1.79675995e+01
1.63446407e-02	1.73616289e+01
1.66782048e-02	1.68453117e+01
1.70117689e-02	1.64478275e+01
1.73453330e-02	1.61829758e+01
1.76788970e-02	1.60447148e+01
1.80124611e-02	1.60039046e+01
1.83460252e-02	1.60073444e+01
1.86795893e-02	1.59801551e+01
1.90131534e-02	1.58321729e+01
1.93467175e-02	1.54682724e+01
1.96802816e-02	1.48015824e+01
2.00138457e-02	1.37676121e+01
2.03474098e-02	1.23366735e+01
2.06809739e-02	1.05219135e+01
2.10145380e-02	8.38087496e+00
2.13481021e-02	6.00973676e+00
2.16816662e-02	3.53095383e+00
2.20152303e-02	1.07654123e+00
2.23487944e-02	-1.22972997e+00
2.26823585e-02	-3.28773866e+00
2.30159226e-02	-5.03121919e+00
2.33494867e-02	-6.43133338e+00
2.36830508e-02	-7.49382270e+00
2.40166149e-02	-8.25135674e+00
2.43501789e-02	-8.75348003e+00
2.46837430e-02	-9.05656260e+00
2.50173071e-02	-9.21553608e+00
2.53508712e-02	-9.27826573e+00
2.56844353e-02	-9.28256109e+00
2.60179994e-02	-9.25530869e+00
2.63515635e-02	-9.21308995e+00
2.66851276e-02	-9.16378102e+00
2.70186917e-02	-9.10882192e+00
2.73522558e-02	-9.04591404e+00
2.76858199e-02	-8.97183216e+00
2.80193840e-02	-8.88490059e+00
2.83529481e-02	-8.78662977e+00
2.86865122e-02	-8.68213005e+00
2.90200763e-02	-8.57921171e+00
2.93536404e-02	-8.48643622e+00
2.96872045e-02	-8.41066342e+00
3.00207686e-02	-8.35474050e+00
3.03543327e-02	-8.31588500e+00
3.06878968e-02	-8.28509507e+00
3.10214609e-02	-8.24766826e+00
3.13550249e-02	-8.18471321e+00
3.16885890e-02	-8.07541502e+00
3.20221531e-02	-7.89975357e+00
3.23557172e-02	-7.64132804e+00
3.26892813e-02	-7.28990558e+00
3.30228454e-02	-6.84329228e+00
3.33564095e-02	-6.30817096e+00
3.36899736e-02	-5.69968182e+00
3.40235377e-02	-5.03974460e+00
3.43571018e-02	-4.35437064e+00
3.46906659e-02	-3.67042776e+00
3.50242300e-02	-3.01242468e+00
3.53577941e-02	-2.39986234e+00
3.56913582e-02	-1.84555916e+00
3.60249223e-02	-1.35514700e+00
3.63584864e-02	-9.27698995e-01
3.66920505e-02	-5.57253369e-01
3.70256146e-02	-2.34869111e-01
3.73591787e-02	4.91894800e-02
3.76927428e-02	3.03507340e-01
3.80263069e-02	5.34086667e-01
3.83598709e-02	7.43581147e-01
3.86934350e-02	9.31227455e-01
3.90269991e-02	1.09340592e+00
3.93605632e-02	1.22469022e+00
3.96941273e-02	1.31919236e+00
4.00276914e-02	1.37197522e+00
4.03612555e-02	1.38029134e+00
4.06948196e-02	1.34443030e+00
4.10283837e-02	1.26801868e+00
4.13619478e-02	1.15772664e+00
4.16955119e-02	1.02246716e+00
4.20290760e-02	8.72295079e-01
4.23626401e-02	7.17266237e-01
4.26962042e-02	5.66492928e-01
4.30297683e-02	4.27534577e-01
4.33633324e-02	3.06140610e-01
4.36968965e-02	2.06252109e-01
4.40304606e-02	1.30122610e-01
4.43640247e-02	7.84426822e-02
4.46975888e-02	5.04345872e-02
4.50311529e-02	4.39641736e-02
4.53647169e-02	5.57608990e-02
4.56982810e-02	8.18135348e-02
4.60318451e-02	1.17934165e-01
4.63654092e-02	1.60386616e-01
4.66989733e-02	2.06413853e-01
4.70325374e-02	2.54502890e-01
4.73661015e-02	3.04297603e-01
4.76996656e-02	3.56175085e-01
4.80332297e-02	4.10600685e-01
4.83667938e-02	4.67436806e-01
4.87003579e-02	5.25383442e-01
4.90339220e-02	5.81684292e-01
4.93674861e-02	6.32164199e-01
4.97010502e-02	6.71600714e-01
5.00346143e-02	6.94380442e-01
5.03681784e-02	6.95353956e-01
5.07017425e-02	6.70770397e-01
5.10353066e-02	6.19150595e-01
5.13688707e-02	5.41943695e-01
5.17024348e-02	4.43827387e-01
5.20359989e-02	3.32556197e-01
5.23695629e-02	2.18341184e-01
5.27031270e-02	1.12830482e-01
5.30366911e-02	2.78390482e-02
5.33702552e-02	-2.59820706e-02
5.37038193e-02	-4.03443286e-02
5.40373834e-02	-1.02388476e-02
5.43709475e-02	6.55134815e-02
5.47045116e-02	1.84098629e-01
5.50380757e-02	3.38910350e-01
5.53716398e-02	5.20074771e-01
5.57052039e-02	7.15261532e-01
5.60387680e-02	9.10750081e-01
5.63723321e-02	1.09271242e+00
5.67058962e-02	1.24863934e+00
5.70394603e-02	1.36877920e+00
5.73730244e-02	1.44739516e+00
5.77065885e-02	1.48360388e+00
5.80401526e-02	1.48156664e+00
5.83737167e-02	1.44987657e+00
5.87072808e-02	1.40012845e+00
5.90408449e-02	1.34483562e+00
5.93744089e-02	1.29503400e+00
5.97079730e-02	1.25803297e+00
6.00415371e-02	1.23580634e+00
6.03751012e-02	1.22443139e+00
6.07086653e-02	1.21479074e+00
6.10422294e-02	1.19447866e+00
6.13757935e-02	1.15056890e+00
6.17093576e-02	1.07266663e+00
6.20429217e-02	9.55558760e-01
6.23764858e-02	8.00829836e-01
6.27100499e-02	6.17033924e-01
6.30436140e-02	4.18349095e-01
6.33771781e-02	2.22014877e-01
6.37107422e-02	4.51595087e-02
6.40443063e-02	-9.82227880e-02
6.43778704e-02	-1.99437994e-01
6.47114345e-02	-2.55939780e-01
6.50449986e-02	-2.70761735e-01
6.53785627e-02	-2.50818564e-01
6.57121268e-02	-2.04645226e-01
6.60456908e-02	-1.40250518e-01
6.63792549e-02	-6.36654115e-02
6.67128190e-02	2.14909284e-02
6.70463831e-02	1.13443049e-01
6.73799472e-02	2.11014009e-01
6.77135113e-02	3.12220468e-01
6.80470754e-02	4.13242895e-01
6.83806395e-02	5.08162119e-01
6.87142036e-02	5.89593417e-01
6.90477677e-02	6.50060834e-01
6.93813318e-02	6.83715848e-01
6.97148959e-02	6.87891755e-01
7.00484600e-02	6.64019516e-01
7.03820241e-02	6.17607613e-01
7.07155882e-02	5.57251261e-01
7.10491523e-02	4.92913840e-01
7.13827164e-02	4.33926244e-01
7.17162805e-02	3.87222278e-01
7.20498446e-02	3.56246769e-01
7.23834087e-02	3.40764379e-01
7.27169728e-02	3.37526369e-01
7.30505368e-02	3.41508945e-01
7.33841009e-02	3.47300062e-01
7.37176650e-02	3.50217602e-01
7.40512291e-02	3.46885904e-01
7.43847932e-02	3.35218892e-01
7.47183573e-02	3.13978325e-01
7.50519214e-02	2.82208465e-01
7.53854855e-02	2.38860028e-01
7.57190496e-02	1.82803304e-01
7.60526137e-02	1.13248578e-01
7.63861778e-02	3.04065086e-02
7.67197419e-02	-6.38875918e-02
7.70533060e-02	-1.65863501e-01
7.73868701e-02	-2.69991538e-01
7.77204342e-02	-3.69649332e-01
7.80539983e-02	-4.58118197e-01
7.83875624e-02	-5.29644618e-01
7.87211265e-02	-5.80294989e-01
7.90546906e-02	-6.08413268e-01
7.93882547e-02	-6.14625446e-01
7.97218188e-02	-6.01465846e-01
8.00553828e-02	-5.72783904e-01
8.03889469e-02	-5.33096960e-01
8.07225110e-02	-4.87005538e-01
8.10560751e-02	-4.38711027e-01
8.13896392e-02	-3.91622310e-01
8.17232033e-02	-3.48026465e-01
8.20567674e-02	-3.08838954e-01
8.23903315e-02	-2.73501145e-01
8.27238956e-02	-2.40122444e-01
8.30574597e-02	-2.05933712e-01
8.33910238e-02	-1.68030176e-01
8.37245879e-02	-1.24262971e-01
8.40581520e-02	-7.40423502e-02
8.43917161e-02	-1.87969969e-02
8.47252802e-02	3.80908526e-02
8.50588443e-02	9.18982008e-02
8.53924084e-02	1.37570311e-01
8.57259725e-02	1.70837408e-01
8.60595366e-02	1.89116721e-01
8.63931007e-02	1.91950513e-01
8.67266648e-02	1.80888746e-01
8.70602288e-02	1.58901561e-01
8.73937929e-02	1.29541524e-01
8.77273570e-02	9.61234891e-02
8.80609211e-02	6.11415250e-02
8.83944852e-02	2.60347248e-02
8.87280493e-02	-8.71289889e-03
8.90616134e-02	-4.32435902e-02
8.93951775e-02	-7.79124292e-02
8.97287416e-02	-1.12913850e-01
9.00623057e-02	-1.48024285e-01
9.03958698e-02	-1.82486449e-01
9.07294339e-02	-2.15026680e-01
9.10629980e-02	-2.43988131e-01
9.13965621e-02	-2.67562088e-01
9.17301262e-02	-2.84099480e-01
9.20636903e-02	-2.92466127e-01
9.23972544e-02	-2.92379276e-01
9.27308185e-02	-2.84642265e-01
9.30643826e-02	-2.71195038e-01
9.33979467e-02	-2.54935075e-01
9.37315108e-02	-2.39323746e-01
9.40650748e-02	-2.27861675e-01
9.43986389e-02	-2.23559834e-01
9.47322030e-02	-2.28532973e-01
9.50657671e-02	-2.43796714e-01
9.53993312e-02	-2.69272786e-01
9.57328953e-02	-3.03936767e-01
9.60664594e-02	-3.46006426e-01
9.64000235e-02	-3.93084007e-01
9.67335876e-02	-4.42223240e-01
9.70671517e-02	-4.89960275e-01
9.74007158e-02	-5.32395102e-01
9.77342799e-02	-5.65407233e-01
9.80678440e-02	-5.85038037e-01
9.84014081e-02	-5.87996013e-01
9.87349722e-02	-5.72173854e-01
9.90685363e-02	-5.37041973e-01
9.94021004e-02	-4.83812269e-01
9.97356645e-02	-4.15334645e-01
1.00069229e-01	-3.35766371e-01
1.00402793e-01	-2.50106097e-01
1.00736357e-01	-1.63694402e-01
1.01069921e-01	-8.17548849e-02
1.01403485e-01	-9.00472911e-03
1.01737049e-01	5.06691181e-02
1.02070613e-01	9.44795460e-02
1.02404177e-01	1.20949668e-01
1.02737741e-01	1.30033634e-01
1.03071305e-01	1.23106017e-01
1.03404870e-01	1.02790745e-01
1.03738434e-01	7.26349975e-02
1.04071998e-01	3.66737405e-02
1.04405562e-01	-1.04268393e-03
1.04739126e-01	-3.68819897e-02
1.05072690e-01	-6.79670401e-02
1.05406254e-01	-9.23880698e-02
1.05739818e-01	-1.09284812e-01
1.06073382e-01	-1.18804637e-01
1.06406946e-01	-1.21946636e-01
1.06740510e-01	-1.20304990e-01
1.07074075e-01	-1.15737143e-01
1.07407639e-01	-1.10004040e-01
1.07741203e-01	-1.04448664e-01
1.08074767e-01	-9.97829889e-02
1.08408331e-01	-9.60332283e-02
1.08741895e-01	-9.26500572e-02
1.09075459e-01	-8.87404397e-02
1.09409023e-01	-8.33403996e-02
1.09742587e-01	-7.56407238e-02
1.10076151e-01	-6.51044760e-02
1.10409716e-01	-5.14630405e-02
1.10743280e-01	-3.46269800e-02
1.11076844e-01	-1.45787093e-02
1.11410408e-01	8.68770988e-03
1.11743972e-01	3.51434418e-02
1.12077536e-01	6.46235434e-02
1.12411100e-01	9.66895895e-02
1.12744664e-01	1.30515328e-01
1.13078228e-01	1.64846044e-01
1.13411792e-01	1.98056482e-01
1.13745356e-01	2.28301056e-01
1.14078921e-01	2.53725240e-01
1.14412485e-01	2.72696101e-01
1.14746049e-01	2.84012626e-01
1.15079613e-01	2.87066156e-01
1.15413177e-01	2.81931539e-01
1.15746741e-01	2.69377232e-01
1.16080305e-01	2.50788755e-01
1.16413869e-01	2.28008552e-01
1.16747433e-01	2.03108385e-01
1.17080997e-01	1.78127210e-01
1.17414562e-01	1.54822628e-01
1.17748126e-01	1.34487864e-01
1.18081690e-01	1.17874692e-01
1.18415254e-01	1.05237088e-01
1.18748818e-01	9.64765864e-02
1.19082382e-01	9.13411302e-02
1.19415946e-01	8.96159227e-02
1.19749510e-01	9.12500311e-02
1.20083074e-01	9.63834424e-02
1.20416638e-01	1.05268673e-01
1.20750202e-01	1.18108796e-01
1.21083767e-01	1.34853014e-01
1.21417331e-01	1.55000984e-01
1.21750895e-01	1.77468742e-01
1.22084459e-01	2.00561573e-01
1.22418023e-01	2.22083276e-01
1.22751587e-01	2.39586402e-01
1.23085151e-01	2.50734596e-01
1.23418715e-01	2.53713192e-01
1.23752279e-01	2.47599871e-01
1.24085843e-01	2.32603850e-01
1.24419408e-01	2.10105898e-01
1.24752972e-01	1.82478604e-01
1.25086536e-01	1.52722006e-01
1.25420100e-01	1.23994897e-01
1.25753664e-01	9.91421435e-02
1.26087228e-01	8.03086713e-02
1.26420792e-01	6.86982979e-02
1.26754356e-01	6.44953932e-02
1.27087920e-01	6.69346529e-02
1.27421484e-01	7.44865578e-02
1.27755048e-01	8.51218346e-02
1.28088613e-01	9.66203321e-02
1.28422177e-01	1.06890338e-01
1.28755741e-01	1.14260924e-01
1.29089305e-01	1.17706752e-01
1.29422869e-01	1.16968553e-01
1.29756433e-01	1.12547221e-01
1.30089997e-01	1.05573367e-01
1.30423561e-01	9.75795591e-02
1.30757125e-01	9.02197673e-02
1.31090689e-01	8.49845642e-02
1.31424254e-01	8.29526566e-02
1.31757818e-01	8.46061107e-02
1.32091382e-01	8.97256549e-02
1.32424946e-01	9.73771937e-02
1.32758510e-01	1.05998630e-01
1.33092074e-01	1.13590670e-01
1.33425638e-01	1.18001048e-01
1.33759202e-01	1.17269083e-01
1.34092766e-01	1.09973837e-01
1.34426330e-01	9.55153335e-02
1.34759894e-01	7.42631932e-02
1.35093459e-01	4.75323753e-02
1.35427023e-01	1.73846664e-02
1.35760587e-01	-1.37051736e-02
1.36094151e-01	-4.32503347e-02
1.36427715e-01	-6.91409205e-02
1.36761279e-01	-8.99500900e-02
1.37094843e-01	-1.05108129e-01
1.37428407e-01	-1.14922827e-01
1.37761971e-01	-1.20451884e-01
1.38095535e-01	-1.23256291e-01
1.38429100e-01	-1.25081037e-01
1.38762664e-01	-1.27520100e-01
1.39096228e-01	-1.31724702e-01
1.39429792e-01	-1.38205712e-01
1.39763356e-01	-1.46763309e-01
1.40096920e-01	-1.56552392e-01
1.40430484e-01	-1.66265960e-01
1.40764048e-01	-1.74397386e-01
1.41097612e-01	-1.79530793e-01
1.41431176e-01	-1.80607846e-01
1.41764740e-01	-1.77127353e-01
1.42098305e-01	-1.69247868e-01
1.42431869e-01	-1.57779426e-01
1.42765433e-01	-1.44066492e-01
1.43098997e-01	-1.29780049e-01
1.43432561e-01	-1.16651680e-01
1.43766125e-01	-1.06194419e-01
1.44099689e-01	-9.94607837e-02
1.44433253e-01	-9.68844468e-02
1.44766817e-01	-9.82367312e-02
1.45100381e-01	-1.02705021e-01
1.45433946e-01	-1.09073219e-01
1.45767510e-01	-1.15962050e-01
1.46101074e-01	-1.22075632e-01
1.46434638e-01	-1.26403257e-01
1.46768202e-01	-1.28340043e-01
1.47101766e-01	-1.27711747e-01
1.47435330e-01	-1.24711503e-01
1.47768894e-01	-1.19774189e-01
1.48102458e-01	-1.13424372e-01
1.48436022e-01	-1.06135673e-01
1.48769586e-01	-9.82340163e-02
1.49103151e-01	-8.98656562e-02
1.49436715e-01	-8.10349693e-02
1.49770279e-01	-7.16994042e-02
1.50103843e-01	-6.18931365e-02
1.50437407e-01	-5.18408841e-02
1.50770971e-01	-4.20229862e-02
1.51104535e-01	-3.31638730e-02
1.51438099e-01	-2.61363083e-02
1.51771663e-01	-2.17979964e-02
1.52105227e-01	-2.07982696e-02
1.52438792e-01	-2.34036701e-02
1.52772356e-01	-2.93885475e-02
1.53105920e-01	-3.80213909e-02
1.53439484e-01	-4.81543456e-02
1.53773048e-01	-5.83989172e-02
1.54106612e-01	-6.73518612e-02
1.54440176e-01	-7.38258585e-02
1.54773740e-01	-7.70405528e-02
1.55107304e-01	-7.67392591e-02
1.55440868e-01	-7.32122947e-02
1.55774432e-01	-6.72259166e-02
1.56107997e-01	-5.98729233e-02
1.56441561e-01	-5.23744216e-02
1.56775125e-01	-4.58697684e-02
1.57108689e-01	-4.12316268e-02
1.57442253e-01	-3.89354134e-02
1.57775817e-01	-3.89991772e-02
1.58109381e-01	-4.09948411e-02
1.58442945e-01	-4.41192214e-02
1.58776509e-01	-4.73067452e-02
1.59110073e-01	-4.93658558e-02
1.59443638e-01	-4.91252596e-02
1.59777202e-01	-4.55803413e-02
1.60110766e-01	-3.80306813e-02
1.60444330e-01	-2.61958329e-02
1.60777894e-01	-1.02910469e-02
1.61111458e-01	8.95764816e-03
1.61445022e-01	3.03744140e-02
1.61778586e-01	5.24722104e-02
1.62112150e-01	7.36515678e-02
1.62445714e-01	9.24245481e-02
1.62779278e-01	1.07620112e-01
1.63112843e-01	1.18530900e-01
1.63446407e-01	1.24976717e-01
1.63779971e-01	1.27281106e-01
1.64113535e-01	1.26176748e-01
1.64447099e-01	1.22666790e-01
1.64780663e-01	1.17870433e-01
1.65114227e-01	1.12874604e-01
1.65447791e-01	1.08604389e-01
1.65781355e-01	1.05718542e-01
1.66114919e-01	1.04534937e-01
1.66448484e-01	1.04993516e-01
1.66782048e-01	1.06667248e-01
1.67115612e-01	1.08830666e-01
1.67449176e-01	1.10588019e-01
1.67782740e-01	1.11049596e-01
1.68116304e-01	1.09528991e-01
1.68449868e-01	1.05721618e-01
1.68783432e-01	9.98207372e-02
1.69116996e-01	9.25349539e-02
1.69450560e-01	8.49902379e-02
1.69784124e-01	7.85261389e-02
1.70117689e-01	7.44233647e-02
1.70451253e-01	7.36205425e-02
1.70784817e-01	7.64852118e-02
1.71118381e-01	8.26947648e-02
1.71451945e-01	9.12586846e-02
1.71785509e-01	1.00680210e-01
1.72119073e-01	1.09222601e-01
1.72452637e-01	1.15221514e-01
1.72786201e-01	1.17376486e-01
1.73119765e-01	1.14962634e-01
1.73453330e-01	1.07924861e-01
1.73786894e-01	9.68446410e-02
1.74120458e-01	8.27961372e-02
1.74454022e-01	6.71285488e-02
1.74787586e-01	5.12221343e-02
1.75121150e-01	3.62660411e-02
1.75454714e-01	2.30979459e-02
1.75788278e-01	1.21307695e-02
1.76121842e-01	3.37285862e-03
1.76455406e-01	-3.47189090e-03
1.76788970e-01	-8.85463947e-03
1.77122535e-01	-1.32238629e-02
1.77456099e-01	-1.69003069e-02
1.77789663e-01	-2.00147319e-02
1.78123227e-01	-2.25190657e-02
1.78456791e-01	-2.42593483e-02
1.78790355e-01	-2.50809233e-02
1.79123919e-01	-2.49284105e-02
1.79457483e-01	-2.39073742e-02
1.79791047e-01	-2.22893031e-02
1.80124611e-01	-2.04609821e-02
1.80458176e-01	-1.88366762e-02
1.80791740e-01	-1.77612514e-02
1.81125304e-01	-1.74322385e-02
1.81458868e-01	-1.78603541e-02
1.81792432e-01	-1.88751681e-02
1.82125996e-01	-2.01701249e-02
1.82459560e-01	-2.13726240e-02
1.82793124e-01	-2.21220119e-02
1.83126688e-01	-2.21406178e-02
1.83460252e-01	-2.12882678e-02
1.83793816e-01	-1.95963341e-02
1.84127381e-01	-1.72811111e-02
1.84460945e-01	-1.47371997e-02
1.84794509e-01	-1.25101617e-02
1.85128073e-01	-1.12458608e-02
1.85461637e-01	-1.16140436e-02
1.85795201e-01	-1.42077165e-02
1.86128765e-01	-1.94278938e-02
1.86462329e-01	-2.73731042e-02
1.86795893e-01	-3.77604240e-02
1.87129457e-01	-4.99053027e-02
1.87463022e-01	-6.27784365e-02
1.87796586e-01	-7.51403732e-02
1.88130150e-01	-8.57330723e-02
1.88463714e-01	-9.34894583e-02
1.88797278e-01	-9.77139467e-02
1.89130842e-01	-9.81926521e-02
1.89464406e-01	-9.52101418e-02
1.89797970e-01	-8.94741794e-02
1.90131534e-01	-8.19727148e-02
1.90465098e-01	-7.38012631e-02
1.90798662e-01	-6.60002869e-02
1.91132227e-01	-5.94323236e-02
1.91465791e-01	-5.47122407e-02
1.91799355e-01	-5.21875263e-02
1.92132919e-01	-5.19542307e-02
1.92466483e-01	-5.38905198e-02
1.92800047e-01	-5.76931299e-02
1.93133611e-01	-6.29094854e-02
1.93467175e-01	-6.89663030e-02
1.93800739e-01	-7.52011488e-02
1.94134303e-01	-8.09049177e-02
1.94467868e-01	-8.53803356e-02
1.94801432e-01	-8.80154320e-02
1.95134996e-01	-8.83635148e-02
1.95468560e-01	-8.62149114e-02
1.95802124e-01	-8.16428271e-02
1.96135688e-01	-7.50076392e-02
1.96469252e-01	-6.69110102e-02
1.96802816e-01	-5.81020185e-02
1.97136380e-01	-4.93493091e-02
1.97469944e-01	-4.13027615e-02
1.97803508e-01	-3.43724863e-02
1.98137073e-01	-2.86506589e-02
1.98470637e-01	-2.38932359e-02
1.98804201e-01	-1.95661914e-02
1.99137765e-01	-1.49477313e-02
1.99471329e-01	-9.26718945e-03
1.99804893e-01	-1.85523205e-03
2.00138457e-01	7.72060975e-03
2.00472021e-01	1.95568844e-02
2.00805585e-01	3.33661338e-02
2.01139149e-01	4.84857624e-02
2.01472713e-01	6.39417772e-02
2.01806278e-01	7.85586426e-02
2.02139842e-01	9.11014604e-02
2.02473406e-01	1.00433070e-01
2.02806970e-01	1.05666247e-01
2.03140534e-01	1.06290096e-01
2.03474098e-01	1.02250685e-01
2.03807662e-01	9.39700141e-02
2.04141226e-01	8.22952812e-02
2.04474790e-01	6.83819550e-02
2.04808354e-01	5.35274736e-02
2.05141919e-01	3.89844024e-02
2.05475483e-01	2.57887603e-02
2.05809047e-01	1.46379178e-02
2.06142611e-01	5.84198912e-03
2.06476175e-01	-6.45020212e-04
2.06809739e-01	-5.12817286e-03
2.07143303e-01	-8.03903912e-03
2.07476867e-01	-9.80555776e-03
2.07810431e-01	-1.07583168e-02
2.08143995e-01	-1.10930652e-02
2.08477559e-01	-1.08896443e-02
2.08811124e-01	-1.01691649e-02
2.09144688e-01	-8.96032905e-03
2.09478252e-01	-7.34571960e-03
2.09811816e-01	-5.46912218e-03
2.10145380e-01	-3.50133623e-03
2.10478944e-01	-1.57833150e-03
2.10812508e-01	2.63764771e-04
2.11146072e-01	2.13091577e-03
2.11479636e-01	4.27244087e-03
2.11813200e-01	7.03678232e-03
2.12146765e-01	1.07919092e-02
2.12480329e-01	1.58311388e-02
2.12813893e-01	2.22886458e-02
2.13147457e-01	3.00848507e-02
2.13481021e-01	3.89123643e-02
2.13814585e-01	4.82619207e-02
2.14148149e-01	5.74785527e-02
2.14481713e-01	6.58337629e-02
2.14815277e-01	7.26001846e-02
2.15148841e-01	7.71198394e-02
2.15482405e-01	7.88629188e-02
2.15815970e-01	7.74782939e-02
2.16149534e-01	7.28378363e-02
2.16483098e-01	6.50739054e-02
2.16816662e-01	5.46044563e-02
2.17150226e-01	4.21356717e-02
2.17483790e-01	2.86304985e-02
2.17817354e-01	1.52347355e-02
2.18150918e-01	3.16046047e-03
2.18484482e-01	-6.46219729e-03
2.18818046e-01	-1.27428859e-02
2.19151611e-01	-1.51692390e-02
2.19485175e-01	-1.36958138e-02
2.19818739e-01	-8.76147875e-03
2.20152303e-01	-1.22683691e-03
2.20485867e-01	7.75970654e-03
2.20819431e-01	1.69428766e-02
2.21152995e-01	2.51537998e-02
2.21486559e-01	3.14787237e-02
2.21820123e-01	3.53725145e-02
2.22153687e-01	3.66990618e-02
2.22487251e-01	3.56966468e-02
2.22820816e-01	3.28814962e-02
2.23154380e-01	2.89138048e-02
2.23487944e-01	2.44554915e-02
2.23821508e-01	2.00474237e-02
2.24155072e-01	1.60268290e-02
2.24488636e-01	1.24951139e-02
2.24822200e-01	9.33486097e-03
2.25155764e-01	6.26491151e-03
2.25489328e-01	2.91623321e-03
2.25822892e-01	-1.09013220e-03
2.26156457e-01	-6.07835728e-03
2.26490021e-01	-1.22747668e-02
2.26823585e-01	-1.97867350e-02
2.27157149e-01	-2.85972496e-02
2.27490713e-01	-3.85659267e-02
2.27824277e-01	-4.94288879e-02
2.28157841e-01	-6.07952838e-02
2.28491405e-01	-7.21451097e-02
2.28824969e-01	-8.28383451e-02
2.29158533e-01	-9.21467801e-02
2.29492097e-01	-9.93159757e-02
2.29825662e-01	-1.03656331e-01
2.30159226e-01	-1.04651649e-01
2.30492790e-01	-1.02064340e-01
2.30826354e-01	-9.60118299e-02
2.31159918e-01	-8.69910426e-02
2.31493482e-01	-7.58371552e-02
2.31827046e-01	-6.36172388e-02
2.32160610e-01	-5.14752491e-02
2.32494174e-01	-4.04577384e-02
2.32827738e-01	-3.13558225e-02
2.33161303e-01	-2.45962486e-02
2.33494867e-01	-2.02032580e-02
2.33828431e-01	-1.78362524e-02
2.34161995e-01	-1.68906782e-02
2.34495559e-01	-1.66359690e-02
2.34829123e-01	-1.63584745e-02
2.35162687e-01	-1.54802387e-02
2.35496251e-01	-1.36346107e-02
2.35829815e-01	-1.06931379e-02
2.36163379e-01	-6.75040686e-03
2.36496943e-01	-2.08091390e-03
2.36830508e-01	2.91674433e-03
2.37164072e-01	7.77691995e-03
2.37497636e-01	1.20197639e-02
2.37831200e-01	1.51992804e-02
2.38164764e-01	1.69475309e-02
2.38498328e-01	1.70140713e-02
2.38831892e-01	1.52962488e-02
2.39165456e-01	1.18536245e-02
2.39499020e-01	6.90070575e-03
2.39832584e-01	7.76861914e-04
2.40166149e-01	-6.10086072e-03
2.40499713e-01	-1.32902784e-02
2.40833277e-01	-2.03680117e-02
2.41166841e-01	-2.69540452e-02
2.41500405e-01	-3.27139272e-02
2.41833969e-01	-3.73451489e-02
2.42167533e-01	-4.05615601e-02
2.42501097e-01	-4.20915198e-02
2.42834661e-01	-4.17006701e-02
2.43168225e-01	-3.92401763e-02
2.43501789e-01	-3.47096002e-02
2.43835354e-01	-2.83146525e-02
2.44168918e-01	-2.04974389e-02
2.44502482e-01	-1.19218016e-02
2.44836046e-01	-3.40768766e-03
2.45169610e-01	4.17733560e-03
2.45503174e-01	1.00486456e-02
2.45836738e-01	1.36292708e-02
2.46170302e-01	1.46412733e-02
2.46503866e-01	1.31442931e-02
2.46837430e-01	9.51475152e-03
2.47170995e-01	4.37344129e-03
2.47504559e-01	-1.51940235e-03
2.47838123e-01	-7.37704603e-03
2.48171687e-01	-1.24843988e-02
2.48505251e-01	-1.62661918e-02
2.48838815e-01	-1.83207101e-02
2.49172379e-01	-1.84245307e-02
2.49505943e-01	-1.65196902e-02
2.49839507e-01	-1.26951416e-02
2.50173071e-01	-7.16987349e-03
2.50506635e-01	-2.78164276e-04
2.50840200e-01	7.54851438e-03
2.51173764e-01	1.58106940e-02
2.51507328e-01	2.39864090e-02
2.51840892e-01	3.15918786e-02
2.52174456e-01	3.82487701e-02
2.52508020e-01	4.37439021e-02
2.52841584e-01	4.80659388e-02
2.53175148e-01	5.14071987e-02
2.53508712e-01	5.41260793e-02
2.53842276e-01	5.66745237e-02
2.54175841e-01	5.95029696e-02
2.54509405e-01	6.29604743e-02
2.54842969e-01	6.72093138e-02
2.55176533e-01	7.21712956e-02
2.55510097e-01	7.75177926e-02
2.55843661e-01	8.27078808e-02
2.56177225e-01	8.70699538e-02
2.56510789e-01	8.99132243e-02
2.56844353e-01	9.06484670e-02
2.57177917e-01	8.88942133e-02
2.57511481e-01	8.45468162e-02
2.57845046e-01	7.78005190e-02
2.58178610e-01	6.91152529e-02
2.58512174e-01	5.91421761e-02
2.58845738e-01	4.86261696e-02
2.59179302e-01	3.83076990e-02
2.59512866e-01	2.88428026e-02
2.59846430e-01	2.07511686e-02
2.60179994e-01	1.43919187e-02
2.60513558e-01	9.95888750e-03
2.60847122e-01	7.48469047e-03
2.61180687e-01	6.84607779e-03
2.61514251e-01	7.76981227e-03
2.61847815e-01	9.84489634e-03
2.62181379e-01	1.25499000e-02
2.62514943e-01	1.53016765e-02
2.62848507e-01	1.75246970e-02
2.63182071e-01	1.87315571e-02
2.63515635e-01	1.85986384e-02
2.63849199e-01	1.70193176e-02
2.64182763e-01	1.41212847e-02
2.64516327e-01	1.02429800e-02
2.64849892e-01	5.87387216e-03
2.65183456e-01	1.57112489e-03
2.65517020e-01	-2.13088235e-03
2.65850584e-01	-4.80204831e-03
2.66184148e-01	-6.17642159e-03
2.66517712e-01	-6.18282659e-03
2.66851276e-01	-4.94377353e-03
2.67184840e-01	-2.74485799e-03
2.67518404e-01	1.89755365e-05
2.67851968e-01	2.91027928e-03
2.68185533e-01	5.51639685e-03
2.68519097e-01	7.50396326e-03
2.68852661e-01	8.64989059e-03
2.69186225e-01	8.84401099e-03
2.69519789e-01	8.06665463e-03
2.69853353e-01	6.35226913e-03
2.70186917e-01	3.75475561e-03
2.70520481e-01	3.29327668e-04
2.70854045e-01	-3.86085110e-03
2.71187609e-01	-8.71515456e-03
2.71521173e-01	-1.40550645e-02
2.71854738e-01	-1.95908533e-02
2.72188302e-01	-2.49130389e-02
2.72521866e-01	-2.95194301e-02
2.72855430e-01	-3.28776201e-02
2.73188994e-01	-3.45114894e-02
2.73522558e-01	-3.40923563e-02
2.73856122e-01	-3.15132228e-02
2.74189686e-01	-2.69284310e-02
2.74523250e-01	-2.07494152e-02
2.74856814e-01	-1.35974512e-02
2.75190379e-01	-6.22354280e-03
2.75523943e-01	5.88336610e-04
2.75857507e-01	6.11663332e-03
2.76191071e-01	9.78067969e-03
2.76524635e-01	1.11923415e-02
2.76858199e-01	1.01780041e-02
2.77191763e-01	6.77441484e-03
2.77525327e-01	1.20575984e-03
2.77858891e-01	-6.15017156e-03
2.78192455e-01	-1.48013688e-02
2.78526019e-01	-2.41849061e-02
2.78859584e-01	-3.37152197e-02
2.79193148e-01	-4.28381223e-02
2.79526712e-01	-5.10877043e-02
2.79860276e-01	-5.81379176e-02
2.80193840e-01	-6.38365482e-02
2.80527404e-01	-6.82095076e-02
2.80860968e-01	-7.14292802e-02
2.81194532e-01	-7.37516447e-02
2.81528096e-01	-7.54356593e-02
2.81861660e-01	-7.66686675e-02
2.82195225e-01	-7.75173306e-02
2.82528789e-01	-7.79171010e-02
2.82862353e-01	-7.76993233e-02
2.83195917e-01	-7.66427034e-02
2.83529481e-01	-7.45294153e-02
2.83863045e-01	-7.11881236e-02
2.84196609e-01	-6.65153363e-02
2.84530173e-01	-6.04781162e-02
2.84863737e-01	-5.31096124e-02
2.85197301e-01	-4.45101614e-02
2.85530865e-01	-3.48605121e-02
2.85864430e-01	-2.44433843e-02
2.86197994e-01	-1.36604748e-02
2.86531558e-01	-3.02894362e-03
2.86865122e-01	6.85378202e-03
2.87198686e-01	1.53772232e-02
2.87532250e-01	2.20051737e-02
2.87865814e-01	2.63626939e-02
2.88199378e-01	2.83008631e-02
2.88532942e-01	2.79232033e-02
2.88866506e-01	2.55681489e-02
2.89200071e-01	2.17529836e-02
2.89533635e-01	1.70927300e-02
2.89867199e-01	1.22108020e-02
2.90200763e-01	7.65712953e-03
2.90534327e-01	3.84555377e-03
2.90867891e-01	1.01739502e-03
2.91201455e-01	-7.66646094e-04
2.91535019e-01	-1.60830632e-03
2.91868583e-01	-1.73300411e-03
2.92202147e-01	-1.43907051e-03
2.92535711e-01	-1.04492212e-03
2.92869276e-01	-8.43336054e-04
2.93202840e-01	-1.06882038e-03
2.93536404e-01	-1.87937867e-03
2.93869968e-01	-3.34948912e-03
2.94203532e-01	-5.46874233e-03
2.94537096e-01	-8.14134424e-03
2.94870660e-01	-1.11851477e-02
2.95204224e-01	-1.43332155e-02
2.95537788e-01	-1.72438080e-02
2.95871352e-01	-1.95244536e-02
2.96204917e-01	-2.07722392e-02
2.96538481e-01	-2.06270544e-02
2.96872045e-01	-1.88294642e-02
2.97205609e-01	-1.52721456e-02
2.97539173e-01	-1.00342258e-02
2.97872737e-01	-3.39096077e-03
2.98206301e-01	4.20432431e-03
2.98539865e-01	1.21645471e-02
2.98873429e-01	1.98340656e-02
2.99206993e-01	2.65663189e-02
2.99540557e-01	3.18031298e-02
2.99874122e-01	3.51435687e-02
3.00207686e-01	3.63907306e-02
3.00541250e-01	3.55678635e-02
3.00874814e-01	3.29011899e-02
3.01208378e-01	2.87744124e-02
3.01541942e-01	2.36669561e-02
3.01875506e-01	1.80917171e-02
3.02209070e-01	1.25465855e-02
3.02542634e-01	7.48743113e-03
3.02876198e-01	3.32096008e-03
3.03209763e-01	4.07648152e-04
3.03543327e-01	-9.38679039e-04
3.03876891e-01	-4.65493693e-04
3.04210455e-01	1.98635889e-03
3.04544019e-01	6.43946792e-03
3.04877583e-01	1.27391908e-02
3.05211147e-01	2.05313704e-02
3.05544711e-01	2.92707034e-02
3.05878275e-01	3.82642440e-02
3.06211839e-01	4.67454988e-02
3.06545403e-01	5.39671753e-02
3.06878968e-01	5.92966036e-02
3.07212532e-01	6.22974408e-02
3.07546096e-01	6.27837902e-02
3.07879660e-01	6.08374135e-02
3.08213224e-01	5.67846239e-02
3.08546788e-01	5.11362333e-02
3.08880352e-01	4.45008721e-02
3.09213916e-01	3.74877420e-02
3.09547480e-01	3.06176003e-02
3.09881044e-01	2.42590070e-02
3.10214609e-01	1.86004138e-02
3.10548173e-01	1.36592067e-02
3.10881737e-01	9.31948394e-03
3.11215301e-01	5.38451136e-03
3.11548865e-01	1.62942191e-03
3.11882429e-01	-2.15563002e-03
3.12215993e-01	-6.13469986e-03
3.12549557e-01	-1.04048818e-02
3.12883121e-01	-1.49803192e-02
3.13216685e-01	-1.97796591e-02
3.13550249e-01	-2.46200008e-02
3.13883814e-01	-2.92238192e-02
3.14217378e-01	-3.32446951e-02
3.14550942e-01	-3.63125242e-02
3.14884506e-01	-3.80914302e-02
3.15218070e-01	-3.83375929e-02
3.15551634e-01	-3.69428228e-02
3.15885198e-01	-3.39539398e-02
3.16218762e-01	-2.95659430e-02
3.16552326e-01	-2.40948945e-02
3.16885890e-01	-1.79407567e-02
3.17219455e-01	-1.15495469e-02
3.17553019e-01	-5.37925996e-03
3.17886583e-01	1.31678247e-04
3.18220147e-01	4.59767041e-03
3.18553711e-01	7.72366723e-03
3.18887275e-01	9.34490826e-03
3.19220839e-01	9.46033314e-03
3.19554403e-01	8.24817104e-03
3.19887967e-01	6.05401986e-03
3.20221531e-01	3.34821277e-03
3.20555095e-01	6.57926549e-04
3.20888660e-01	-1.51316160e-03
3.21222224e-01	-2.76157322e-03
3.21555788e-01	-2.84262376e-03
3.21889352e-01	-1.70180900e-03
3.22222916e-01	5.23470678e-04
3.22556480e-01	3.52871533e-03
3.22890044e-01	6.88728977e-03
3.23223608e-01	1.01082008e-02
3.23557172e-01	1.26996177e-02
3.23890736e-01	1.42314974e-02
3.24224301e-01	1.43907501e-02
3.24557865e-01	1.30223737e-02
3.24891429e-01	1.01506431e-02
3.25224993e-01	5.97644421e-03
3.25558557e-01	8.50288035e-04
3.25892121e-01	-4.77517482e-03
3.26225685e-01	-1.04053141e-02
3.26559249e-01	-1.55660012e-02
3.26892813e-01	-1.98578430e-02
3.27226377e-01	-2.29939022e-02
3.27559941e-01	-2.48169441e-02
3.27893506e-01	-2.52974173e-02
3.28227070e-01	-2.45179014e-02
3.28560634e-01	-2.26521462e-02
3.28894198e-01	-1.99461291e-02
3.29227762e-01	-1.67048330e-02
3.29561326e-01	-1.32830149e-02
3.29894890e-01	-1.00733803e-02
3.30228454e-01	-7.48380822e-03
3.30562018e-01	-5.89809877e-03
3.30895582e-01	-5.62179150e-03
3.31229147e-01	-6.82336861e-03
3.31562711e-01	-9.48772284e-03
3.31896275e-01	-1.33995121e-02
3.32229839e-01	-1.81674202e-02
3.32563403e-01	-2.32880156e-02
3.32896967e-01	-2.82343016e-02
3.33230531e-01	-3.25447398e-02
3.33564095e-01	-3.58877214e-02
3.33897659e-01	-4.14733463e-02
