-8.00553828e-03	-6.39421363e-04
-7.67197419e-03	-1.13004583e-03
-7.33841009e-03	-2.73683020e-03
-7.00484600e-03	-6.35697592e-03
-6.67128190e-03	-1.42029252e-02
-6.33771781e-03	-3.05229496e-02
-6.00415371e-03	-6.30625484e-02
-5.67058962e-03	-1.25268843e-01
-5.33702552e-03	-2.39232412e-01
-5.00346143e-03	-4.39218335e-01
-4.66989733e-03	-7.75206406e-01
-4.33633324e-03	-1.31526944e+00
-4.00276914e-03	-2.14513473e+00
-3.66920505e-03	-3.36289899e+00
-3.33564095e-03	-5.06713109e+00
-3.00207686e-03	-7.33770027e+00
-2.66851276e-03	-1.02106960e+01
-2.33494867e-03	-1.36514795e+01
-2.00138457e-03	-1.75324169e+01
-1.66782048e-03	-2.16231446e+01
-1.33425638e-03	-2.56002224e+01
-1.00069229e-03	-2.90793878e+01
-6.67128190e-04	-3.16677882e+01
-3.33564095e-04	-3.30272342e+01
1.85165269e-18	-3.29348391e+01
3.33564095e-04	-3.13263540e+01
6.67128190e-04	-2.83109552e+01
1.00069229e-03	-2.41533091e+01
1.33425638e-03	-1.92272929e+01
1.66782048e-03	-1.39528894e+01
2.00138457e-03	-8.73126119e+00
2.33494867e-03	-3.89195181e+00
2.66851276e-03	3.38649145e-01
3.00207686e-03	3.84503214e+00
3.33564095e-03	6.61001836e+00
3.66920505e-03	8.68934256e+00
4.00276914e-03	1.01818023e+01
4.33633324e-03	1.12020098e+01
4.66989733e-03	1.18600426e+01
5.00346143e-03	1.22493530e+01
5.33702552e-03	1.24420593e+01
5.67058962e-03	1.24895297e+01
6.00415371e-03	1.24259435e+01
6.33771781e-03	1.22729155e+01
6.67128190e-03	1.20439363e+01
7.00484600e-03	1.17480114e+01
7.33841009e-03	1.13923166e+01
7.67197419e-03	1.09839241e+01
8.00553828e-03	1.05307252e+01
8.33910238e-03	1.00416851e+01
8.67266648e-03	9.52655999e+00
9.00623057e-03	8.99522816e+00
9.33979467e-03	8.45682129e+00
9.67335876e-03	7.91886004e+00
1.00069229e-02	7.38658617e+00
1.03404870e-02	6.86261608e+00
1.06740510e-02	6.34694389e+00
1.10076151e-02	5.83722296e+00
1.13411792e-02	5.32919231e+00
1.16747433e-02	4.81711456e+00
1.20083074e-02	4.29416083e+00
1.23418715e-02	3.75278617e+00
1.26754356e-02	3.18525307e+00
1.30089997e-02	2.58452073e+00
1.33425638e-02	1.94570215e+00
1.36761279e-02	1.26816906e+00
1.40096920e-02	5.58189532e-01
1.43432561e-02	-1.68257590e-01
1.46768202e-02	-8.83061306e-01
1.50103843e-02	-1.54465055e+00
1.53439484e-02	-2.09845133e+00
1.56775125e-02	-2.47964221e+00
1.60110766e-02	-2.61838518e+00
1.63446407e-02	-2.44725656e+00
1.66782048e-02	-1.91012616e+00
1.70117689e-02	-9.71327128e-01
1.73453330e-02	3.76266507e-01
1.76788970e-02	2.10563072e+00
1.80124611e-02	4.15356309e+00
1.83460252e-02	6.42288497e+00
1.86795893e-02	8.78894027e+00
1.90131534e-02	1.11098626e+01
1.93467175e-02	1.32395591e+01
1.96802816e-02	1.50419651e+01
2.00138457e-02	1.64048832e+01
2.03474098e-02	1.72516477e+01
2.06809739e-02	1.75489826e+01
2.10145380e-02	1.73097779e+01
2.13481021e-02	1.65901339e+01
2.16816662e-02	1.54808837e+01
2.20152303e-02	1.40947736e+01
2.23487944e-02	1.25513603e+01
2.26823585e-02	1.09622009e+01
2.30159226e-02	9.41887303e+00
2.33494867e-02	7.98571571e+00
2.36830508e-02	6.69806121e+00
2.40166149e-02	5.56545791e+00
2.43501789e-02	4.57833382e+00
2.46837430e-02	3.71602585e+00
2.50173071e-02	2.95420791e+00
2.53508712e-02	2.27037233e+00
2.56844353e-02	1.64686934e+00
2.60179994e-02	1.07176190e+00
2.63515635e-02	5.38191789e-01
2.66851276e-02	4.30208362e-02
2.70186917e-02	-4.14674854e-01
2.73522558e-02	-8.34953859e-01
2.76858199e-02	-1.21810085e+00
2.80193840e-02	-1.56544217e+00
2.83529481e-02	-1.87985078e+00
2.86865122e-02	-2.16587476e+00
2.90200763e-02	-2.42943849e+00
2.93536404e-02	-2.67714595e+00
2.96872045e-02	-2.91531863e+00
3.00207686e-02	-3.14897145e+00
3.03543327e-02	-3.38093469e+00
3.06878968e-02	-3.61127746e+00
3.10214609e-02	-3.83711693e+00
3.13550249e-02	-4.05283756e+00
3.16885890e-02	-4.25070804e+00
3.20221531e-02	-4.42185250e+00
3.23557172e-02	-4.55749435e+00
3.26892813e-02	-4.65033082e+00
3.30228454e-02	-4.69583337e+00
3.33564095e-02	-4.69322852e+00
3.36899736e-02	-4.64593527e+00
3.40235377e-02	-4.56132311e+00
3.43571018e-02	-4.44979037e+00
3.46906659e-02	-4.32330106e+00
3.50242300e-02	-4.19362881e+00
3.53577941e-02	-4.07062005e+00
3.56913582e-02	-3.96079737e+00
3.60249223e-02	-3.86657394e+00
3.63584864e-02	-3.78624245e+00
3.66920505e-02	-3.71475959e+00
3.70256146e-02	-3.64518767e+00
3.73591787e-02	-3.57051507e+00
3.76927428e-02	-3.48548122e+00
3.80263069e-02	-3.38801845e+00
3.83598709e-02	-3.27999463e+00
3.86934350e-02	-3.16708544e+00
3.90269991e-02	-3.05778204e+00
3.93605632e-02	-2.96172186e+00
3.96941273e-02	-2.88767880e+00
4.00276914e-02	-2.84163230e+00
4.03612555e-02	-2.82532250e+00
4.06948196e-02	-2.83559579e+00
4.10283837e-02	-2.86467558e+00
4.13619478e-02	-2.90129503e+00
4.16955119e-02	-2.93244518e+00
4.20290760e-02	-2.94536704e+00
4.23626401e-02	-2.92938513e+00
4.26962042e-02	-2.87724433e+00
4.30297683e-02	-2.78575043e+00
4.33633324e-02	-2.65568920e+00
4.36968965e-02	-2.49116973e+00
4.40304606e-02	-2.29865144e+00
4.43640247e-02	-2.08593916e+00
4.46975888e-02	-1.86136260e+00
4.50311529e-02	-1.63323490e+00
4.53647169e-02	-1.40955419e+00
4.56982810e-02	-1.19781825e+00
4.60318451e-02	-1.00479833e+00
4.63654092e-02	-8.36170695e-01
4.66989733e-02	-6.96007825e-01
4.70325374e-02	-5.86234571e-01
4.73661015e-02	-5.06218721e-01
4.76996656e-02	-4.52664856e-01
4.80332297e-02	-4.19915463e-01
4.83667938e-02	-4.00651495e-01
4.87003579e-02	-3.86874714e-01
4.90339220e-02	-3.70984276e-01
4.93674861e-02	-3.46751327e-01
4.97010502e-02	-3.10033299e-01
5.00346143e-02	-2.59137274e-01
5.03681784e-02	-1.94812908e-01
5.07017425e-02	-1.19912362e-01
5.10353066e-02	-3.87879261e-02
5.13688707e-02	4.34830305e-02
5.17024348e-02	1.21940462e-01
5.20359989e-02	1.92534858e-01
5.23695629e-02	2.52753690e-01
5.27031270e-02	3.01981375e-01
5.30366911e-02	3.41531044e-01
5.33702552e-02	3.74348815e-01
5.37038193e-02	4.04460222e-01
5.40373834e-02	4.36281857e-01
5.43709475e-02	4.73935865e-01
5.47045116e-02	5.20685866e-01
5.50380757e-02	5.78568145e-01
5.53716398e-02	6.48239596e-01
5.57052039e-02	7.29017949e-01
5.60387680e-02	8.19065193e-01
5.63723321e-02	9.15658415e-01
5.67058962e-02	1.01549332e+00
5.70394603e-02	1.11497250e+00
5.73730244e-02	1.21044501e+00
5.77065885e-02	1.29838639e+00
5.80401526e-02	1.37552901e+00
5.83737167e-02	1.43897216e+00
5.87072808e-02	1.48630948e+00
5.90408449e-02	1.51580183e+00
5.93744089e-02	1.52659061e+00
5.97079730e-02	1.51890932e+00
6.00415371e-02	1.49422699e+00
6.03751012e-02	1.45525811e+00
6.07086653e-02	1.40580093e+00
6.10422294e-02	1.35041351e+00
6.13757935e-02	1.29398404e+00
6.17093576e-02	1.24127496e+00
6.20429217e-02	1.19651586e+00
6.23764858e-02	1.16309445e+00
6.27100499e-02	1.14336218e+00
6.30436140e-02	1.13853858e+00
6.33771781e-02	1.14868505e+00
6.37107422e-02	1.17272311e+00
6.40443063e-02	1.20849089e+00
6.43778704e-02	1.25284889e+00
6.47114345e-02	1.30186135e+00
6.50449986e-02	1.35107978e+00
6.53785627e-02	1.39593570e+00
6.57121268e-02	1.43221444e+00
6.60456908e-02	1.45654528e+00
6.63792549e-02	1.46681671e+00
6.67128190e-02	1.46241803e+00
6.70463831e-02	1.44423435e+00
6.73799472e-02	1.41437593e+00
6.77135113e-02	1.37569105e+00
6.80470754e-02	1.33116776e+00
6.83806395e-02	1.28336202e+00
6.87142036e-02	1.23398165e+00
6.90477677e-02	1.18371099e+00
6.93813318e-02	1.13229441e+00
6.97148959e-02	1.07883403e+00
7.00484600e-02	1.02221188e+00
7.03820241e-02	9.61528551e-01
7.07155882e-02	8.96461725e-01
7.10491523e-02	8.27480778e-01
7.13827164e-02	7.55892199e-01
7.17162805e-02	6.83723195e-01
7.20498446e-02	6.13476302e-01
7.23834087e-02	5.47800023e-01
7.27169728e-02	4.89125681e-01
7.30505368e-02	4.39321564e-01
7.33841009e-02	3.99416884e-01
7.37176650e-02	3.69441254e-01
7.40512291e-02	3.48409583e-01
7.43847932e-02	3.34458637e-01
7.47183573e-02	3.25111840e-01
7.50519214e-02	3.17621232e-01
7.53854855e-02	3.09319274e-01
7.57190496e-02	2.97918682e-01
7.60526137e-02	2.81717766e-01
7.63861778e-02	2.59698969e-01
7.67197419e-02	2.31536410e-01
7.70533060e-02	1.97546614e-01
7.73868701e-02	1.58615444e-01
7.77204342e-02	1.16120652e-01
7.80539983e-02	7.18514127e-02
7.83875624e-02	2.79089829e-02
7.87211265e-02	-1.34349361e-02
7.90546906e-02	-4.99399625e-02
7.93882547e-02	-7.96563037e-02
7.97218188e-02	-1.01215690e-01
8.00553828e-02	-1.14103744e-01
8.03889469e-02	-1.18849388e-01
8.07225110e-02	-1.17069116e-01
8.10560751e-02	-1.11327791e-01
8.13896392e-02	-1.04816062e-01
8.17232033e-02	-1.00888077e-01
8.20567674e-02	-1.02544310e-01
8.23903315e-02	-1.11965583e-01
8.27238956e-02	-1.30199900e-01
8.30574597e-02	-1.57069661e-01
8.33910238e-02	-1.91315457e-01
8.37245879e-02	-2.30933007e-01
8.40581520e-02	-2.73612013e-01
8.43917161e-02	-3.17165671e-01
8.47252802e-02	-3.59850585e-01
8.50588443e-02	-4.00516087e-01
8.53924084e-02	-4.38573947e-01
8.57259725e-02	-4.73832010e-01
8.60595366e-02	-5.06266404e-01
8.63931007e-02	-5.35812561e-01
8.67266648e-02	-5.62236256e-01
8.70602288e-02	-5.85110113e-01
8.73937929e-02	-6.03882907e-01
8.77273570e-02	-6.17999762e-01
8.80609211e-02	-6.27023466e-01
8.83944852e-02	-6.30715075e-01
8.87280493e-02	-6.29054909e-01
8.90616134e-02	-6.22213019e-01
8.93951775e-02	-6.10498719e-01
8.97287416e-02	-5.94324698e-01
9.00623057e-02	-5.74208826e-01
9.03958698e-02	-5.50815216e-01
9.07294339e-02	-5.25009451e-01
9.10629980e-02	-4.97886986e-01
9.13965621e-02	-4.70737684e-01
9.17301262e-02	-4.44930707e-01
9.20636903e-02	-4.21736421e-01
9.23972544e-02	-4.02130948e-01
9.27308185e-02	-3.86644578e-01
9.30643826e-02	-3.75305330e-01
9.33979467e-02	-3.67698056e-01
9.37315108e-02	-3.63121774e-01
9.40650748e-02	-3.60794970e-01
9.43986389e-02	-3.60045261e-01
9.47322030e-02	-3.60430435e-01
9.50657671e-02	-3.61768002e-01
9.53993312e-02	-3.64084584e-01
9.57328953e-02	-3.67521018e-01
9.60664594e-02	-3.72237503e-01
9.64000235e-02	-3.78351506e-01
9.67335876e-02	-3.85916466e-01
9.70671517e-02	-3.94925704e-01
9.74007158e-02	-4.05313712e-01
9.77342799e-02	-4.16930450e-01
9.80678440e-02	-4.29482137e-01
9.84014081e-02	-4.42456108e-01
9.87349722e-02	-4.55064769e-01
9.90685363e-02	-4.66244900e-01
9.94021004e-02	-4.74733116e-01
9.97356645e-02	-4.79212815e-01
1.00069229e-01	-4.78500774e-01
1.00402793e-01	-4.71725937e-01
1.00736357e-01	-4.58456118e-01
1.01069921e-01	-4.38746668e-01
1.01403485e-01	-4.13112062e-01
1.01737049e-01	-3.82444916e-01
1.02070613e-01	-3.47917423e-01
1.02404177e-01	-3.10894303e-01
1.02737741e-01	-2.72868103e-01
1.03071305e-01	-2.35408177e-01
1.03404870e-01	-2.00101983e-01
1.03738434e-01	-1.68467710e-01
1.04071998e-01	-1.41831502e-01
1.04405562e-01	-1.21182136e-01
1.04739126e-01	-1.07032030e-01
1.05072690e-01	-9.93200690e-02
1.05406254e-01	-9.73855422e-02
1.05739818e-01	-1.00026223e-01
1.06073382e-01	-1.05634324e-01
1.06406946e-01	-1.12388386e-01
1.06740510e-01	-1.18470362e-01
1.07074075e-01	-1.22275679e-01
1.07407639e-01	-1.22588614e-01
1.07741203e-01	-1.18702045e-01
1.08074767e-01	-1.10467233e-01
1.08408331e-01	-9.82666400e-02
1.08741895e-01	-8.29117089e-02
1.09075459e-01	-6.54783069e-02
1.09409023e-01	-4.71044271e-02
1.09742587e-01	-2.87859871e-02
1.10076151e-01	-1.12120783e-02
1.10409716e-01	5.32412318e-03
1.10743280e-01	2.09171968e-02
1.11076844e-01	3.59448221e-02
1.11410408e-01	5.08924641e-02
1.11743972e-01	6.61515468e-02
1.12077536e-01	8.18415984e-02
1.12411100e-01	9.77001062e-02
1.12744664e-01	1.13065661e-01
1.13078228e-01	1.26956472e-01
1.13411792e-01	1.38224877e-01
1.13745356e-01	1.45754581e-01
1.14078921e-01	1.48662577e-01
1.14412485e-01	1.46470558e-01
1.14746049e-01	1.39218548e-01
1.15079613e-01	1.27503231e-01
1.15413177e-01	1.12432925e-01
1.15746741e-01	9.55012714e-02
1.16080305e-01	7.83937246e-02
1.16413869e-01	6.27536156e-02
1.16747433e-01	4.99452425e-02
1.17080997e-01	4.08575050e-02
1.17414562e-01	3.57886832e-02
1.17748126e-01	3.44384496e-02
1.18081690e-01	3.60107631e-02
1.18415254e-01	3.94063241e-02
1.18748818e-01	4.34616491e-02
1.19082382e-01	4.71813741e-02
1.19415946e-01	4.99142948e-02
1.19749510e-01	5.14390989e-02
1.20083074e-01	5.19486549e-02
1.20416638e-01	5.19458986e-02
1.20750202e-01	5.20827351e-02
1.21083767e-01	5.29825037e-02
1.21417331e-01	5.50863643e-02
1.21750895e-01	5.85555036e-02
1.22084459e-01	6.32466431e-02
1.22418023e-01	6.87616517e-02
1.22751587e-01	7.45560161e-02
1.23085151e-01	8.00775451e-02
1.23418715e-01	8.48991829e-02
1.23752279e-01	8.88107892e-02
1.24085843e-01	9.18445769e-02
1.24419408e-01	9.42264273e-02
1.24752972e-01	9.62665567e-02
1.25086536e-01	9.82213906e-02
1.25420100e-01	1.00168029e-01
1.25753664e-01	1.01929874e-01
1.26087228e-01	1.03077197e-01
1.26420792e-01	1.03004248e-01
1.26754356e-01	1.01062200e-01
1.27087920e-01	9.67118793e-02
1.27421484e-01	8.96566388e-02
1.27755048e-01	7.99237194e-02
1.28088613e-01	6.78788439e-02
1.28422177e-01	5.41774628e-02
1.28755741e-01	3.96710395e-02
1.29089305e-01	2.52944130e-02
1.29422869e-01	1.19599170e-02
1.29756433e-01	4.76941598e-04
1.30089997e-01	-8.49477818e-03
1.30423561e-01	-1.44601461e-02
1.30757125e-01	-1.70817126e-02
1.31090689e-01	-1.61643299e-02
1.31424254e-01	-1.16445707e-02
1.31757818e-01	-3.59356635e-03
1.32091382e-01	7.76523467e-03
1.32424946e-01	2.20298773e-02
1.32758510e-01	3.85985069e-02
1.33092074e-01	5.66690912e-02
1.33425638e-01	7.52740090e-02
1.33759202e-01	9.33549722e-02
1.34092766e-01	1.09871788e-01
1.34426330e-01	1.23926356e-01
1.34759894e-01	1.34875573e-01
1.35093459e-01	1.42407052e-01
1.35427023e-01	1.46560030e-01
1.35760587e-01	1.47688074e-01
1.36094151e-01	1.46375542e-01
1.36427715e-01	1.43330815e-01
1.36761279e-01	1.39282194e-01
1.37094843e-01	1.34896963e-01
1.37428407e-01	1.30733019e-01
1.37761971e-01	1.27220286e-01
1.38095535e-01	1.24660648e-01
1.38429100e-01	1.23233055e-01
1.38762664e-01	1.22994391e-01
1.39096228e-01	1.23874287e-01
1.39429792e-01	1.25669545e-01
1.39763356e-01	1.28047819e-01
1.40096920e-01	1.30569273e-01
1.40430484e-01	1.32729678e-01
1.40764048e-01	1.34021069e-01
1.41097612e-01	1.33999289e-01
1.41431176e-01	1.32344139e-01
1.41764740e-01	1.28898681e-01
1.42098305e-01	1.23679054e-01
1.42431869e-01	1.16853744e-01
1.42765433e-01	1.08699401e-01
1.43098997e-01	9.95462542e-02
1.43432561e-01	8.97279512e-02
1.43766125e-01	7.95478125e-02
1.44099689e-01	6.92667445e-02
1.44433253e-01	5.91097804e-02
1.44766817e-01	4.92817011e-02
1.45100381e-01	3.99799675e-02
1.45433946e-01	3.13959480e-02
1.45767510e-01	2.37021155e-02
1.46101074e-01	1.70306624e-02
1.46434638e-01	1.14540670e-02
1.46768202e-01	6.97814151e-03
1.47101766e-01	3.55298376e-03
1.47435330e-01	1.09910299e-03
1.47768894e-01	-4.61557754e-04
1.48102458e-01	-1.18307593e-03
1.48436022e-01	-1.09191796e-03
1.48769586e-01	-2.04975491e-04
1.49103151e-01	1.43732907e-03
1.49436715e-01	3.73660838e-03
1.49770279e-01	6.51617896e-03
1.50103843e-01	9.52577713e-03
1.50437407e-01	1.24735737e-02
1.50770971e-01	1.50781380e-02
1.51104535e-01	1.71259500e-02
1.51438099e-01	1.85180322e-02
1.51771663e-01	1.92925049e-02
1.52105227e-01	1.96166460e-02
1.52438792e-01	1.97500528e-02
1.52772356e-01	1.99875173e-02
1.53105920e-01	2.05944962e-02
1.53439484e-01	2.17490407e-02
1.53773048e-01	2.35021042e-02
1.54106612e-01	2.57638609e-02
1.54440176e-01	2.83180161e-02
1.54773740e-01	3.08604114e-02
1.55107304e-01	3.30535918e-02
1.55440868e-01	3.45862437e-02
1.55774432e-01	3.52262590e-02
1.56107997e-01	3.48585635e-02
1.56441561e-01	3.35027186e-02
1.56775125e-01	3.13093427e-02
1.57108689e-01	2.85376104e-02
1.57442253e-01	2.55179221e-02
1.57775817e-01	2.26045201e-02
1.58109381e-01	2.01232197e-02
1.58442945e-01	1.83202118e-02
1.58776509e-01	1.73190261e-02
1.59110073e-01	1.70935604e-02
1.59443638e-01	1.74644470e-02
1.59777202e-01	1.81229237e-02
1.60110766e-01	1.86808232e-02
1.60444330e-01	1.87385919e-02
1.60777894e-01	1.79576519e-02
1.61111458e-01	1.61212350e-02
1.61445022e-01	1.31702799e-02
1.61778586e-01	9.20753140e-03
1.62112150e-01	4.47151284e-03
1.62445714e-01	-7.10203161e-04
1.62779278e-01	-5.97463013e-03
1.63112843e-01	-1.09704896e-02
1.63446407e-01	-1.53899644e-02
1.63779971e-01	-1.89828835e-02
1.64113535e-01	-2.15572959e-02
1.64447099e-01	-2.29739624e-02
1.64780663e-01	-2.31424130e-02
1.65114227e-01	-2.20234251e-02
1.65447791e-01	-1.96384923e-02
1.65781355e-01	-1.60828216e-02
1.66114919e-01	-1.15360472e-02
1.66448484e-01	-6.26483679e-03
1.66782048e-01	-6.13559222e-04
1.67115612e-01	5.01770143e-03
1.67449176e-01	1.02052843e-02
1.67782740e-01	1.45394084e-02
1.68116304e-01	1.76612349e-02
1.68449868e-01	1.92944713e-02
1.68783432e-01	1.92682903e-02
1.69116996e-01	1.75305828e-02
1.69450560e-01	1.41522690e-02
1.69784124e-01	9.32387027e-03
1.70117689e-01	3.34488294e-03
1.70451253e-01	-3.39464029e-03
1.70784817e-01	-1.04415163e-02
1.71118381e-01	-1.73163076e-02
1.71451945e-01	-2.35577259e-02
1.71785509e-01	-2.87693767e-02
1.72119073e-01	-3.26608594e-02
1.72452637e-01	-3.50744550e-02
1.72786201e-01	-3.59909155e-02
1.73119765e-01	-3.55128892e-02
1.73453330e-01	-3.38305560e-02
1.73786894e-01	-3.11789478e-02
1.74120458e-01	-2.77984709e-02
1.74454022e-01	-2.39084844e-02
1.74787586e-01	-1.96989391e-02
1.75121150e-01	-1.53388636e-02
1.75454714e-01	-1.09951612e-02
1.75788278e-01	-6.85240104e-03
1.76121842e-01	-3.12463738e-03
1.76455406e-01	-5.32929255e-05
1.76788970e-01	2.11049084e-03
1.77122535e-01	3.13633571e-03
1.77456099e-01	2.85208134e-03
1.77789663e-01	1.18084734e-03
1.78123227e-01	-1.82957045e-03
1.78456791e-01	-5.99100707e-03
1.78790355e-01	-1.09770490e-02
1.79123919e-01	-1.63446742e-02
1.79457483e-01	-2.15743291e-02
1.79791047e-01	-2.61243772e-02
1.80124611e-01	-2.94930865e-02
1.80458176e-01	-3.12793570e-02
1.80791740e-01	-3.12327650e-02
1.81125304e-01	-2.92845701e-02
1.81458868e-01	-2.55541390e-02
1.81792432e-01	-2.03294421e-02
1.82125996e-01	-1.40249928e-02
1.82459560e-01	-7.12469562e-03
1.82793124e-01	-1.19612805e-04
1.83126688e-01	6.54884760e-03
1.83460252e-01	1.25314489e-02
1.83793816e-01	1.75938322e-02
1.84127381e-01	2.16181730e-02
1.84460945e-01	2.45867386e-02
1.84794509e-01	2.65534838e-02
1.85128073e-01	2.76113848e-02
1.85461637e-01	2.78630186e-02
1.85795201e-01	2.74001895e-02
1.86128765e-01	2.62956873e-02
1.86462329e-01	2.46071442e-02
1.86795893e-01	2.23901016e-02
1.87129457e-01	1.97153489e-02
1.87463022e-01	1.66846011e-02
1.87796586e-01	1.34387452e-02
1.88130150e-01	1.01543148e-02
1.88463714e-01	7.02653314e-03
1.88797278e-01	4.24078930e-03
1.89130842e-01	1.93788200e-03
1.89464406e-01	1.80819952e-04
1.89797970e-01	-1.06834208e-03
1.90131534e-01	-1.95463052e-03
1.90465098e-01	-2.71581724e-03
1.90798662e-01	-3.64904919e-03
1.91132227e-01	-5.06456309e-03
1.91465791e-01	-7.23572313e-03
1.91799355e-01	-1.03553748e-02
1.92132919e-01	-1.45068244e-02
1.92466483e-01	-1.96541504e-02
1.92800047e-01	-2.56520441e-02
1.93133611e-01	-3.22712011e-02
1.93467175e-01	-3.92325468e-02
1.93800739e-01	-4.62427820e-02
1.94134303e-01	-5.30247625e-02
1.94467868e-01	-5.93384959e-02
1.94801432e-01	-6.49913423e-02
1.95134996e-01	-6.98386590e-02
1.95468560e-01	-7.37779926e-02
1.95802124e-01	-7.67406191e-02
1.96135688e-01	-7.86838300e-02
1.96469252e-01	-7.95862375e-02
1.96802816e-01	-7.94469648e-02
1.97136380e-01	-7.82882438e-02
1.97469944e-01	-7.61600135e-02
1.97803508e-01	-7.31447978e-02
1.98137073e-01	-6.93613406e-02
1.98470637e-01	-6.49658428e-02
1.98804201e-01	-6.01498793e-02
1.99137765e-01	-5.51342167e-02
1.99471329e-01	-5.01580195e-02
1.99804893e-01	-4.54634733e-02
2.00138457e-01	-4.12767240e-02
2.00472021e-01	-3.77871511e-02
2.00805585e-01	-3.51280637e-02
2.01139149e-01	-3.33623677e-02
2.01472713e-01	-3.24761579e-02
2.01806278e-01	-3.23816352e-02
2.02139842e-01	-3.29287948e-02
2.02473406e-01	-3.39236365e-02
2.02806970e-01	-3.51497163e-02
2.03140534e-01	-3.63899401e-02
2.03474098e-01	-3.74464132e-02
2.03807662e-01	-3.81572987e-02
2.04141226e-01	-3.84103175e-02
2.04474790e-01	-3.81524617e-02
2.04808354e-01	-3.73949414e-02
2.05141919e-01	-3.62119010e-02
2.05475483e-01	-3.47315666e-02
2.05809047e-01	-3.31195357e-02
2.06142611e-01	-3.15558251e-02
2.06476175e-01	-3.02094691e-02
2.06809739e-01	-2.92159461e-02
2.07143303e-01	-2.86626486e-02
2.07476867e-01	-2.85857381e-02
2.07810431e-01	-2.89785123e-02
2.08143995e-01	-2.98078687e-02
2.08477559e-01	-3.10327696e-02
2.08811124e-01	-3.26178743e-02
2.09144688e-01	-3.45371911e-02
2.09478252e-01	-3.67662313e-02
2.09811816e-01	-3.92654678e-02
2.10145380e-01	-4.19613722e-02
2.10478944e-01	-4.47327242e-02
2.10812508e-01	-4.74086611e-02
2.11146072e-01	-4.97813746e-02
2.11479636e-01	-5.16316430e-02
2.11813200e-01	-5.27612166e-02
2.12146765e-01	-5.30239059e-02
2.12480329e-01	-5.23476723e-02
2.12813893e-01	-5.07427285e-02
2.13147457e-01	-4.82945746e-02
2.13481021e-01	-4.51446688e-02
2.13814585e-01	-4.14639803e-02
2.14148149e-01	-3.74255172e-02
2.14481713e-01	-3.31813425e-02
2.14815277e-01	-2.88481986e-02
2.15148841e-01	-2.45040994e-02
2.15482405e-01	-2.01962804e-02
2.15815970e-01	-1.59587247e-02
2.16149534e-01	-1.18352144e-02
2.16483098e-01	-7.90183704e-03
2.16816662e-01	-4.28179303e-03
2.17150226e-01	-1.14603027e-03
2.17483790e-01	1.30384733e-03
2.17817354e-01	2.86917006e-03
2.18150918e-01	3.39775260e-03
2.18484482e-01	2.82683275e-03
2.18818046e-01	1.21366732e-03
2.19151611e-01	-1.25551863e-03
2.19485175e-01	-4.28207680e-03
2.19818739e-01	-7.49408423e-03
2.20152303e-01	-1.04994403e-02
2.20485867e-01	-1.29412846e-02
2.20819431e-01	-1.45445963e-02
2.21152995e-01	-1.51461662e-02
2.21486559e-01	-1.47048342e-02
2.21820123e-01	-1.32933213e-02
2.22153687e-01	-1.10760254e-02
2.22487251e-01	-8.27848338e-03
2.22820816e-01	-5.15417378e-03
2.23154380e-01	-1.95357063e-03
2.23487944e-01	1.10072147e-03
2.23821508e-01	3.83016720e-03
2.24155072e-01	6.10673717e-03
2.24488636e-01	7.85021106e-03
2.24822200e-01	9.01873930e-03
2.25155764e-01	9.59642475e-03
2.25489328e-01	9.58218199e-03
2.25822892e-01	8.98348321e-03
2.26156457e-01	7.81693928e-03
2.26490021e-01	6.11548897e-03
2.26823585e-01	3.93989393e-03
2.27157149e-01	1.39075920e-03
2.27490713e-01	-1.38330013e-03
2.27824277e-01	-4.18537991e-03
2.28157841e-01	-6.78071695e-03
2.28491405e-01	-8.91869983e-03
2.28824969e-01	-1.03648164e-02
2.29158533e-01	-1.09381335e-02
2.29492097e-01	-1.05474761e-02
2.29825662e-01	-9.21813682e-03
2.30159226e-01	-7.10143064e-03
2.30492790e-01	-4.46207377e-03
2.30826354e-01	-1.64296977e-03
2.31159918e-01	9.87484669e-04
2.31493482e-01	3.09555474e-03
2.31827046e-01	4.43707684e-03
2.32160610e-01	4.89500433e-03
2.32494174e-01	4.49141684e-03
2.32827738e-01	3.37211537e-03
2.33161303e-01	1.76878059e-03
2.33494867e-01	-5.09198539e-05
2.33828431e-01	-1.83250280e-03
2.34161995e-01	-3.37160734e-03
2.34495559e-01	-4.53153938e-03
2.34829123e-01	-5.24021722e-03
2.35162687e-01	-5.47100603e-03
2.35496251e-01	-5.21575545e-03
2.35829815e-01	-4.45941169e-03
2.36163379e-01	-3.16390866e-03
2.36496943e-01	-1.26553423e-03
2.36830508e-01	1.31407538e-03
2.37164072e-01	4.64653129e-03
2.37497636e-01	8.77005853e-03
2.37831200e-01	1.36632615e-02
2.38164764e-01	1.92242874e-02
2.38498328e-01	2.52593034e-02
2.38831892e-01	3.14830596e-02
2.39165456e-01	3.75331226e-02
2.39499020e-01	4.29978863e-02
2.39832584e-01	4.74564794e-02
2.40166149e-01	5.05262568e-02
2.40499713e-01	5.19112278e-02
2.40833277e-01	5.14433904e-02
2.41166841e-01	4.91092673e-02
2.41500405e-01	4.50562449e-02
2.41833969e-01	3.95771893e-02
2.42167533e-01	3.30762208e-02
2.42501097e-01	2.60221851e-02
2.42834661e-01	1.88982500e-02
2.43168225e-01	1.21557962e-02
2.43501789e-01	6.17870755e-03
2.43835354e-01	1.26114515e-03
2.44168918e-01	-2.40107959e-03
2.44502482e-01	-4.70763510e-03
2.44836046e-01	-5.64260250e-03
2.45169610e-01	-5.25883296e-03
2.45503174e-01	-3.66108292e-03
2.45836738e-01	-9.90653302e-04
2.46170302e-01	2.58666362e-03
2.46503866e-01	6.88877519e-03
2.46837430e-01	1.17225304e-02
2.47170995e-01	1.68882072e-02
2.47504559e-01	2.21859424e-02
2.47838123e-01	2.74260870e-02
2.48171687e-01	3.24435697e-02
2.48505251e-01	3.71139182e-02
2.48838815e-01	4.13666607e-02
2.49172379e-01	4.51913952e-02
2.49505943e-01	4.86333143e-02
2.49839507e-01	5.17780051e-02
2.50173071e-01	5.47287784e-02
2.50506635e-01	5.75822311e-02
2.50840200e-01	6.04082470e-02
2.51173764e-01	6.32390503e-02
2.51507328e-01	6.60689342e-02
2.51840892e-01	6.88631130e-02
2.52174456e-01	7.15719578e-02
2.52508020e-01	7.41462475e-02
2.52841584e-01	7.65498438e-02
2.53175148e-01	7.87676557e-02
2.53508712e-01	8.08081350e-02
2.53842276e-01	8.27003834e-02
2.54175841e-01	8.44863464e-02
2.54509405e-01	8.62089049e-02
2.54842969e-01	8.78973375e-02
2.55176533e-01	8.95525950e-02
2.55510097e-01	9.11356671e-02
2.55843661e-01	9.25624291e-02
2.56177225e-01	9.37073214e-02
2.56510789e-01	9.44161679e-02
2.56844353e-01	9.45260453e-02
2.57177917e-01	9.38882592e-02
2.57511481e-01	9.23898146e-02
2.57845046e-01	8.99694742e-02
2.58178610e-01	8.66261658e-02
2.58512174e-01	8.24194203e-02
2.58845738e-01	7.74629631e-02
2.59179302e-01	7.19132089e-02
2.59512866e-01	6.59543590e-02
2.59846430e-01	5.97815163e-02
2.60179994e-01	5.35831546e-02
2.60513558e-01	4.75245784e-02
2.60847122e-01	4.17344790e-02
2.61180687e-01	3.62968706e-02
2.61514251e-01	3.12501558e-02
2.61847815e-01	2.65937328e-02
2.62181379e-01	2.23007333e-02
2.62514943e-01	1.83338029e-02
2.62848507e-01	1.46599400e-02
2.63182071e-01	1.12606915e-02
2.63515635e-01	8.13537599e-03
2.63849199e-01	5.29697533e-03
2.64182763e-01	2.76226074e-03
2.64516327e-01	5.39082892e-04
2.64849892e-01	-1.38569410e-03
2.65183456e-01	-3.05436537e-03
2.65517020e-01	-4.54020910e-03
2.65850584e-01	-5.94163615e-03
2.66184148e-01	-7.36869445e-03
2.66517712e-01	-8.92348389e-03
2.66851276e-01	-1.06775900e-02
2.67184840e-01	-1.26509011e-02
2.67518404e-01	-1.47966907e-02
2.67851968e-01	-1.69972172e-02
2.68185533e-01	-1.90722147e-02
2.68519097e-01	-2.07998539e-02
2.68852661e-01	-2.19468218e-02
2.69186225e-01	-2.23020203e-02
2.69519789e-01	-2.17077227e-02
2.69853353e-01	-2.00830104e-02
2.70186917e-01	-1.74364666e-02
2.70520481e-01	-1.38675515e-02
2.70854045e-01	-9.55796996e-03
2.71187609e-01	-4.75520907e-03
2.71521173e-01	2.49611302e-04
2.71854738e-01	5.14779846e-03
2.72188302e-01	9.64135473e-03
2.72521866e-01	1.34712291e-02
2.72855430e-01	1.64424435e-02
2.73188994e-01	1.84423646e-02
2.73522558e-01	1.94486876e-02
2.73856122e-01	1.95251870e-02
2.74189686e-01	1.88056659e-02
2.74523250e-01	1.74690362e-02
2.74856814e-01	1.57102517e-02
2.75190379e-01	1.37123242e-02
2.75523943e-01	1.16238890e-02
2.75857507e-01	9.54519507e-03
2.76191071e-01	7.52364009e-03
2.76524635e-01	5.55850745e-03
2.76858199e-01	3.61351991e-03
2.77191763e-01	1.63503625e-03
2.77525327e-01	-4.27038719e-04
2.77858891e-01	-2.59929064e-03
2.78192455e-01	-4.86984569e-03
2.78526019e-01	-7.18211576e-03
2.78859584e-01	-9.43943053e-03
2.79193148e-01	-1.15202876e-02
2.79526712e-01	-1.33011617e-02
2.79860276e-01	-1.46816369e-02
2.80193840e-01	-1.56059084e-02
2.80527404e-01	-1.60757802e-02
2.80860968e-01	-1.61527631e-02
2.81194532e-01	-1.59498070e-02
2.81528096e-01	-1.56155270e-02
2.81861660e-01	-1.53147851e-02
2.82195225e-01	-1.52091145e-02
2.82528789e-01	-1.54392160e-02
2.82862353e-01	-1.61104580e-02
2.83195917e-01	-1.72815594e-02
2.83529481e-01	-1.89566085e-02
2.83863045e-01	-2.10809448e-02
2.84196609e-01	-2.35417103e-02
2.84530173e-01	-2.61736807e-02
2.84863737e-01	-2.87703256e-02
2.85197301e-01	-3.10992516e-02
2.85530865e-01	-3.29206835e-02
2.85864430e-01	-3.40076102e-02
2.86197994e-01	-3.41664975e-02
2.86531558e-01	-3.32576317e-02
2.86865122e-01	-3.12138246e-02
2.87198686e-01	-2.80553793e-02
2.87532250e-01	-2.38983380e-02
2.87865814e-01	-1.89528442e-02
2.88199378e-01	-1.35095139e-02
2.88532942e-01	-7.91406873e-03
2.88866506e-01	-2.53347422e-03
2.89200071e-01	2.28068139e-03
2.89533635e-01	6.22492898e-03
2.89867199e-01	9.06729802e-03
2.90200763e-01	1.06586814e-02
2.90534327e-01	1.09329103e-02
2.90867891e-01	9.89883574e-03
2.91201455e-01	7.62853761e-03
2.91535019e-01	4.24480101e-03
2.91868583e-01	-9.10041859e-05
2.92202147e-01	-5.19130927e-03
2.92535711e-01	-1.08562940e-02
2.92869276e-01	-1.68898489e-02
2.93202840e-01	-2.31162275e-02
2.93536404e-01	-2.93943956e-02
2.93869968e-01	-3.56265294e-02
2.94203532e-01	-4.17580968e-02
2.94537096e-01	-4.77691555e-02
2.94870660e-01	-5.36590066e-02
2.95204224e-01	-5.94281824e-02
2.95537788e-01	-6.50622895e-02
2.95871352e-01	-7.05214379e-02
2.96204917e-01	-7.57373467e-02
2.96538481e-01	-8.06183636e-02
2.96872045e-01	-8.50610966e-02
2.97205609e-01	-8.89663015e-02
2.97539173e-01	-9.22560160e-02
2.97872737e-01	-9.48885813e-02
2.98206301e-01	-9.68681968e-02
2.98539865e-01	-9.82462564e-02
2.98873429e-01	-9.91131262e-02
2.99206993e-01	-9.95812024e-02
2.99540557e-01	-9.97625441e-02
2.99874122e-01	-9.97462694e-02
3.00207686e-01	-9.95814035e-02
3.00541250e-01	-9.92695613e-02
3.00874814e-01	-9.87690424e-02
3.01208378e-01	-9.80085392e-02
3.01541942e-01	-9.69059295e-02
3.01875506e-01	-9.53865141e-02
3.02209070e-01	-9.33958713e-02
3.02542634e-01	-9.09047908e-02
3.02876198e-01	-8.79065565e-02
3.03209763e-01	-8.44091577e-02
3.03543327e-01	-8.04261789e-02
3.03876891e-01	-7.59700156e-02
3.04210455e-01	-7.10499936e-02
3.04544019e-01	-6.56764100e-02
3.04877583e-01	-5.98698851e-02
3.05211147e-01	-5.36739454e-02
3.05544711e-01	-4.71675900e-02
3.05878275e-01	-4.04739265e-02
3.06211839e-01	-3.37610814e-02
3.06545403e-01	-2.72327914e-02
3.06878968e-01	-2.11083707e-02
3.07212532e-01	-1.55947512e-02
3.07546096e-01	-1.08561068e-02
3.07879660e-01	-6.98815100e-03
3.08213224e-01	-4.00372169e-03
3.08546788e-01	-1.83364998e-03
3.08880352e-01	-3.42857039e-04
3.09213916e-01	6.42505176e-04
3.09547480e-01	1.30383222e-03
3.09881044e-01	1.80222838e-03
3.10214609e-01	2.25972534e-03
3.10548173e-01	2.75199820e-03
3.10881737e-01	3.31161830e-03
3.11215301e-01	3.93845883e-03
3.11548865e-01	4.61297794e-03
3.11882429e-01	5.30860195e-03
3.12215993e-01	6.00071466e-03
3.12549557e-01	6.67117910e-03
3.12883121e-01	7.30847979e-03
3.13216685e-01	7.90440998e-03
3.13550249e-01	8.44886161e-03
3.13883814e-01	8.92477224e-03
3.14217378e-01	9.30548910e-03
3.14550942e-01	9.55642394e-03
3.14884506e-01	9.64169182e-03
3.15218070e-01	9.53460478e-03
3.15551634e-01	9.22899378e-03
3.15885198e-01	8.74717652e-03
3.16218762e-01	8.14067155e-03
3.16552326e-01	7.48167610e-03
3.16885890e-01	6.84637751e-03
3.17219455e-01	6.29429775e-03
3.17553019e-01	5.84986660e-03
3.17886583e-01	5.49241947e-03
3.18220147e-01	5.15868300e-03
3.18553711e-01	4.75821090e-03
3.18887275e-01	4.19836255e-03
3.19220839e-01	3.41253520e-03
3.19554403e-01	2.38432472e-03
3.19887967e-01	1.16129324e-03
3.20221531e-01	-1.45373999e-04
3.20555095e-01	-1.37566093e-03
3.20888660e-01	-2.34703681e-03
3.21222224e-01	-2.88694081e-03
3.21555788e-01	-2.86489983e-03
3.21889352e-01	-2.21793054e-03
3.22222916e-01	-9.64307079e-04
3.22556480e-01	7.96859128e-04
3.22890044e-01	2.89994059e-03
3.23223608e-01	5.13798817e-03
3.23557172e-01	7.29372359e-03
3.23890736e-01	9.17038427e-03
3.24224301e-01	1.06169832e-02
3.24557865e-01	1.15442543e-02
3.24891429e-01	1.19299307e-02
3.25224993e-01	1.18143400e-02
3.25558557e-01	1.12889384e-02
3.25892121e-01	1.04809890e-02
3.26225685e-01	9.53718191e-03
3.26559249e-01	8.60801352e-03
3.26892813e-01	7.83375230e-03
3.27226377e-01	7.33223990e-03
3.27559941e-01	7.18876147e-03
3.27893506e-01	7.44855492e-03
3.28227070e-01	8.11283284e-03
3.28560634e-01	9.13914218e-03
3.28894198e-01	1.04464100e-02
3.29227762e-01	1.19242861e-02
3.29561326e-01	1.34456854e-02
3.29894890e-01	1.48809927e-02
3.30228454e-01	1.61122880e-02
3.30562018e-01	1.70460317e-02
3.30895582e-01	1.76227508e-02
3.31229147e-01	1.78223267e-02
3.31562711e-01	1.76636732e-02
3.31896275e-01	1.71981454e-02
3.32229839e-01	1.64971034e-02
3.32563403e-01	1.56355567e-02
3.32896967e-01	1.46752889e-02
3.33230531e-01	1.36516748e-02
3.33564095e-01	1.25679899e-02
3.33897659e-01	1.34867721e-02
