-8.00553828e-03	-5.88140380e-04
-7.67197419e-03	-1.02740705e-03
-7.33841009e-03	-2.48272613e-03
-7.00484600e-03	-5.76793302e-03
-6.67128190e-03	-1.28814913e-02
-6.33771781e-03	-2.76649192e-02
-6.00415371e-03	-5.71279540e-02
-5.67058962e-03	-1.13414053e-01
-5.33702552e-03	-2.16459473e-01
-5.00346143e-03	-3.97153244e-01
-4.66989733e-03	-7.00480500e-01
-4.33633324e-03	-1.18761034e+00
-4.00276914e-03	-1.93538772e+00
-3.66920505e-03	-3.03144021e+00
-3.33564095e-03	-4.56329527e+00
-3.00207686e-03	-6.60093730e+00
-2.66851276e-03	-9.17408175e+00
-2.33494867e-03	-1.22478241e+01
-2.00138457e-03	-1.57026208e+01
-1.66782048e-03	-1.93256763e+01
-1.33425638e-03	-2.28199251e+01
-1.00069229e-03	-2.58334819e+01
-6.67128190e-04	-2.80071792e+01
-3.33564095e-04	-2.90321118e+01
1.85165269e-18	-2.87049004e+01
3.33564095e-04	-2.69674417e+01
6.67128190e-04	-2.39209729e+01
1.00069229e-03	-1.98106094e+01
1.33425638e-03	-1.49841356e+01
1.66782048e-03	-9.83523298e+00
2.00138457e-03	-4.74448061e+00
2.33494867e-03	-3.06055291e-02
2.66851276e-03	4.07972234e+00
3.00207686e-03	7.46102987e+00
3.33564095e-03	1.00799409e+01
3.66920505e-03	1.19741262e+01
4.00276914e-03	1.32265824e+01
4.33633324e-03	1.39414239e+01
4.66989733e-03	1.42250875e+01
5.00346143e-03	1.41743664e+01
5.33702552e-03	1.38707592e+01
5.67058962e-03	1.33795209e+01
6.00415371e-03	1.27515248e+01
6.33771781e-03	1.20262983e+01
6.67128190e-03	1.12351046e+01
7.00484600e-03	1.04034656e+01
7.33841009e-03	9.55291700e+00
7.67197419e-03	8.70204321e+00
8.00553828e-03	7.86694908e+00
8.33910238e-03	7.06136026e+00
8.67266648e-03	6.29652471e+00
9.00623057e-03	5.58105749e+00
9.33979467e-03	4.92083432e+00
9.67335876e-03	4.31900219e+00
1.00069229e-02	3.77613976e+00
1.03404870e-02	3.29056028e+00
1.06740510e-02	2.85871779e+00
1.10076151e-02	2.47565328e+00
1.13411792e-02	2.13541213e+00
1.16747433e-02	1.83137526e+00
1.20083074e-02	1.55647495e+00
1.23418715e-02	1.30329874e+00
1.26754356e-02	1.06412196e+00
1.30089997e-02	8.30934360e-01
1.33425638e-02	5.95548824e-01
1.36761279e-02	3.49890518e-01
1.40096920e-02	8.65686244e-02
1.43432561e-02	-2.00175849e-01
1.46768202e-02	-5.13089686e-01
1.50103843e-02	-8.50109724e-01
1.53439484e-02	-1.20229223e+00
1.56775125e-02	-1.55178282e+00
1.60110766e-02	-1.87033351e+00
1.63446407e-02	-2.11902292e+00
1.66782048e-02	-2.24987439e+00
1.70117689e-02	-2.20991054e+00
1.73453330e-02	-1.94778793e+00
1.76788970e-02	-1.42253666e+00
1.80124611e-02	-6.13187052e-01
1.83460252e-02	4.72606594e-01
1.86795893e-02	1.79320290e+00
1.90131534e-02	3.27295765e+00
1.93467175e-02	4.80882331e+00
1.96802816e-02	6.28342142e+00
2.00138457e-02	7.58273577e+00
2.03474098e-02	8.61502644e+00
2.06809739e-02	9.32670242e+00
2.10145380e-02	9.71112238e+00
2.13481021e-02	9.80772561e+00
2.16816662e-02	9.69125365e+00
2.20152303e-02	9.45346080e+00
2.23487944e-02	9.18182269e+00
2.26823585e-02	8.94062017e+00
2.30159226e-02	8.75907766e+00
2.33494867e-02	8.62915673e+00
2.36830508e-02	8.51281827e+00
2.40166149e-02	8.35596990e+00
2.43501789e-02	8.10472323e+00
2.46837430e-02	7.71942930e+00
2.50173071e-02	7.18315634e+00
2.53508712e-02	6.50329748e+00
2.56844353e-02	5.70710487e+00
2.60179994e-02	4.83347756e+00
2.63515635e-02	3.92390880e+00
2.66851276e-02	3.01512691e+00
2.70186917e-02	2.13493331e+00
2.73522558e-02	1.30149012e+00
2.76858199e-02	5.25244663e-01
2.80193840e-02	-1.87918619e-01
2.83529481e-02	-8.33744686e-01
2.86865122e-02	-1.40789852e+00
2.90200763e-02	-1.90579173e+00
2.93536404e-02	-2.32358587e+00
2.96872045e-02	-2.65959961e+00
3.00207686e-02	-2.91531012e+00
3.03543327e-02	-3.09544362e+00
3.06878968e-02	-3.20713376e+00
3.10214609e-02	-3.25855798e+00
3.13550249e-02	-3.25765558e+00
3.16885890e-02	-3.21141653e+00
3.20221531e-02	-3.12590152e+00
3.23557172e-02	-3.00679240e+00
3.26892813e-02	-2.86006021e+00
3.30228454e-02	-2.69235390e+00
3.33564095e-02	-2.51091545e+00
3.36899736e-02	-2.32309308e+00
3.40235377e-02	-2.13571232e+00
3.43571018e-02	-1.95459385e+00
3.46906659e-02	-1.78438601e+00
3.50242300e-02	-1.62870309e+00
3.53577941e-02	-1.49042820e+00
3.56913582e-02	-1.37200825e+00
3.60249223e-02	-1.27561813e+00
3.63584864e-02	-1.20315301e+00
3.66920505e-02	-1.15607315e+00
3.70256146e-02	-1.13515623e+00
3.73591787e-02	-1.14021355e+00
3.76927428e-02	-1.16982296e+00
3.80263069e-02	-1.22114396e+00
3.83598709e-02	-1.28989855e+00
3.86934350e-02	-1.37059599e+00
3.90269991e-02	-1.45702868e+00
3.93605632e-02	-1.54298692e+00
3.96941273e-02	-1.62306514e+00
4.00276914e-02	-1.69339398e+00
4.03612555e-02	-1.75213883e+00
4.06948196e-02	-1.79965871e+00
4.10283837e-02	-1.83829703e+00
4.13619478e-02	-1.87185142e+00
4.16955119e-02	-1.90482196e+00
4.20290760e-02	-1.94156590e+00
4.23626401e-02	-1.98550128e+00
4.26962042e-02	-2.03849457e+00
4.30297683e-02	-2.10053250e+00
4.33633324e-02	-2.16971478e+00
4.36968965e-02	-2.24253795e+00
4.40304606e-02	-2.31438222e+00
4.43640247e-02	-2.38008305e+00
4.46975888e-02	-2.43447365e+00
4.50311529e-02	-2.47282590e+00
4.53647169e-02	-2.49117128e+00
4.56982810e-02	-2.48652139e+00
4.60318451e-02	-2.45702128e+00
4.63654092e-02	-2.40206271e+00
4.66989733e-02	-2.32236679e+00
4.70325374e-02	-2.22001850e+00
4.73661015e-02	-2.09841754e+00
4.76996656e-02	-1.96210927e+00
4.80332297e-02	-1.81647981e+00
4.83667938e-02	-1.66732578e+00
4.87003579e-02	-1.52034080e+00
4.90339220e-02	-1.38058715e+00
4.93674861e-02	-1.25203130e+00
4.97010502e-02	-1.13720720e+00
5.00346143e-02	-1.03704188e+00
5.03681784e-02	-9.50851294e-01
5.07017425e-02	-8.76494924e-01
5.10353066e-02	-8.10665808e-01
5.13688707e-02	-7.49287253e-01
5.17024348e-02	-6.87988494e-01
5.20359989e-02	-6.22624722e-01
5.23695629e-02	-5.49792015e-01
5.27031270e-02	-4.67272595e-01
5.30366911e-02	-3.74343137e-01
5.33702552e-02	-2.71887231e-01
5.37038193e-02	-1.62274264e-01
5.40373834e-02	-4.90058426e-02
5.43709475e-02	6.38192944e-02
5.47045116e-02	1.72127129e-01
5.50380757e-02	2.72461381e-01
5.53716398e-02	3.62434899e-01
5.57052039e-02	4.40958530e-01
5.60387680e-02	5.08221456e-01
5.63723321e-02	5.65460172e-01
5.67058962e-02	6.14598658e-01
5.70394603e-02	6.57861964e-01
5.73730244e-02	6.97457725e-01
5.77065885e-02	7.35385278e-01
5.80401526e-02	7.73378088e-01
5.83737167e-02	8.12934334e-01
5.87072808e-02	8.55365566e-01
5.90408449e-02	9.01796377e-01
5.93744089e-02	9.53077531e-01
5.97079730e-02	1.00962030e+00
6.00415371e-02	1.07120515e+00
6.03751012e-02	1.13683729e+00
6.07086653e-02	1.20470981e+00
6.10422294e-02	1.27230337e+00
6.13757935e-02	1.33661196e+00
6.17093576e-02	1.39444927e+00
6.20429217e-02	1.44277248e+00
6.23764858e-02	1.47896795e+00
6.27100499e-02	1.50106444e+00
6.30436140e-02	1.50786260e+00
6.33771781e-02	1.49898587e+00
6.37107422e-02	1.47486790e+00
6.40443063e-02	1.43668748e+00
6.43778704e-02	1.38625473e+00
6.47114345e-02	1.32585191e+00
6.50449986e-02	1.25804017e+00
6.53785627e-02	1.18545299e+00
6.57121268e-02	1.11060184e+00
6.60456908e-02	1.03572126e+00
6.63792549e-02	9.62670992e-01
6.67128190e-02	8.92896937e-01
6.70463831e-02	8.27438273e-01
6.73799472e-02	7.66964850e-01
6.77135113e-02	7.11830844e-01
6.80470754e-02	6.62137187e-01
6.83806395e-02	6.17802989e-01
6.87142036e-02	5.78648700e-01
6.90477677e-02	5.44486307e-01
6.93813318e-02	5.15199703e-01
6.97148959e-02	4.90793151e-01
7.00484600e-02	4.71387784e-01
7.03820241e-02	4.57159044e-01
7.07155882e-02	4.48227883e-01
7.10491523e-02	4.44538860e-01
7.13827164e-02	4.45764410e-01
7.17162805e-02	4.51266527e-01
7.20498446e-02	4.60130238e-01
7.23834087e-02	4.71261207e-01
7.27169728e-02	4.83520485e-01
7.30505368e-02	4.95859562e-01
7.33841009e-02	5.07423340e-01
7.37176650e-02	5.17597602e-01
7.40512291e-02	5.25990496e-01
7.43847932e-02	5.32351944e-01
7.47183573e-02	5.36449032e-01
7.50519214e-02	5.37925337e-01
7.53854855e-02	5.36179607e-01
7.57190496e-02	5.30304561e-01
7.60526137e-02	5.19120875e-01
7.63861778e-02	5.01324421e-01
7.67197419e-02	4.75737662e-01
7.70533060e-02	4.41626950e-01
7.73868701e-02	3.99019964e-01
7.77204342e-02	3.48944791e-01
7.80539983e-02	2.93520397e-01
7.83875624e-02	2.35854366e-01
7.87211265e-02	1.79742831e-01
7.90546906e-02	1.29210549e-01
7.93882547e-02	8.79677651e-02
7.97218188e-02	5.88805298e-02
8.00553828e-02	4.35519499e-02
8.03889469e-02	4.20931934e-02
8.07225110e-02	5.31277102e-02
8.10560751e-02	7.40276229e-02
8.13896392e-02	1.01337607e-01
8.17232033e-02	1.31309136e-01
8.20567674e-02	1.60447787e-01
8.23903315e-02	1.85976465e-01
8.27238956e-02	2.06136774e-01
8.30574597e-02	2.20284097e-01
8.33910238e-02	2.28771925e-01
8.37245879e-02	2.32661417e-01
8.40581520e-02	2.33327116e-01
8.43917161e-02	2.32047106e-01
8.47252802e-02	2.29666092e-01
8.50588443e-02	2.26401504e-01
8.53924084e-02	2.21828247e-01
8.57259725e-02	2.15034005e-01
8.60595366e-02	2.04896373e-01
8.63931007e-02	1.90407766e-01
8.67266648e-02	1.70965817e-01
8.70602288e-02	1.46560697e-01
8.73937929e-02	1.17821945e-01
8.77273570e-02	8.59247196e-02
8.80609211e-02	5.23884080e-02
8.83944852e-02	1.88211019e-02
8.87280493e-02	-1.33305302e-02
8.90616134e-02	-4.29782809e-02
8.93951775e-02	-6.95097566e-02
8.97287416e-02	-9.28207889e-02
9.00623057e-02	-1.13275153e-01
9.03958698e-02	-1.31612774e-01
9.07294339e-02	-1.48827833e-01
9.10629980e-02	-1.66032235e-01
9.13965621e-02	-1.84315019e-01
9.17301262e-02	-2.04607032e-01
9.20636903e-02	-2.27561123e-01
9.23972544e-02	-2.53462581e-01
9.27308185e-02	-2.82187300e-01
9.30643826e-02	-3.13220548e-01
9.33979467e-02	-3.45737741e-01
9.37315108e-02	-3.78733472e-01
9.40650748e-02	-4.11171498e-01
9.43986389e-02	-4.42120726e-01
9.47322030e-02	-4.70845580e-01
9.50657671e-02	-4.96833937e-01
9.53993312e-02	-5.19763470e-01
9.57328953e-02	-5.39424387e-01
9.60664594e-02	-5.55628078e-01
9.64000235e-02	-5.68131933e-01
9.67335876e-02	-5.76602549e-01
9.70671517e-02	-5.80626406e-01
9.74007158e-02	-5.79764895e-01
9.77342799e-02	-5.73640807e-01
9.80678440e-02	-5.62037709e-01
9.84014081e-02	-5.44994425e-01
9.87349722e-02	-5.22878390e-01
9.90685363e-02	-4.96423352e-01
9.94021004e-02	-4.66720408e-01
9.97356645e-02	-4.35155736e-01
1.00069229e-01	-4.03295197e-01
1.00402793e-01	-3.72725365e-01
1.00736357e-01	-3.44872188e-01
1.01069921e-01	-3.20828036e-01
1.01403485e-01	-3.01220811e-01
1.01737049e-01	-2.86154198e-01
1.02070613e-01	-2.75235232e-01
1.02404177e-01	-2.67685698e-01
1.02737741e-01	-2.62514333e-01
1.03071305e-01	-2.58713053e-01
1.03404870e-01	-2.55434717e-01
1.03738434e-01	-2.52115065e-01
1.04071998e-01	-2.48516592e-01
1.04405562e-01	-2.44691728e-01
1.04739126e-01	-2.40882318e-01
1.05072690e-01	-2.37386886e-01
1.05406254e-01	-2.34432936e-01
1.05739818e-01	-2.32087369e-01
1.06073382e-01	-2.30225014e-01
1.06406946e-01	-2.28558948e-01
1.06740510e-01	-2.26719754e-01
1.07074075e-01	-2.24358106e-01
1.07407639e-01	-2.21240895e-01
1.07741203e-01	-2.17314496e-01
1.08074767e-01	-2.12718097e-01
1.08408331e-01	-2.07744046e-01
1.08741895e-01	-2.02756463e-01
1.09075459e-01	-1.98089921e-01
1.09409023e-01	-1.93955053e-01
1.09742587e-01	-1.90376244e-01
1.10076151e-01	-1.87177944e-01
1.10409716e-01	-1.84022210e-01
1.10743280e-01	-1.80485692e-01
1.11076844e-01	-1.76153552e-01
1.11410408e-01	-1.70703637e-01
1.11743972e-01	-1.63958787e-01
1.12077536e-01	-1.55897290e-01
1.12411100e-01	-1.46626036e-01
1.12744664e-01	-1.36332833e-01
1.13078228e-01	-1.25239880e-01
1.13411792e-01	-1.13577404e-01
1.13745356e-01	-1.01585596e-01
1.14078921e-01	-8.95395597e-02
1.14412485e-01	-7.77814450e-02
1.14746049e-01	-6.67394454e-02
1.15079613e-01	-5.69170867e-02
1.15413177e-01	-4.88474710e-02
1.15746741e-01	-4.30203341e-02
1.16080305e-01	-3.98001427e-02
1.16413869e-01	-3.93578576e-02
1.16747433e-01	-4.16356792e-02
1.17080997e-01	-4.63540221e-02
1.17414562e-01	-5.30572103e-02
1.17748126e-01	-6.11835822e-02
1.18081690e-01	-7.01395784e-02
1.18415254e-01	-7.93581206e-02
1.18748818e-01	-8.83293331e-02
1.19082382e-01	-9.66026163e-02
1.19415946e-01	-1.03769509e-01
1.19749510e-01	-1.09443810e-01
1.20083074e-01	-1.13255926e-01
1.20416638e-01	-1.14871947e-01
1.20750202e-01	-1.14037362e-01
1.21083767e-01	-1.10634271e-01
1.21417331e-01	-1.04733285e-01
1.21750895e-01	-9.66200754e-02
1.22084459e-01	-8.67827654e-02
1.22418023e-01	-7.58577558e-02
1.22751587e-01	-6.45438930e-02
1.23085151e-01	-5.35043985e-02
1.23418715e-01	-4.32795223e-02
1.23752279e-01	-3.42289986e-02
1.24085843e-01	-2.65141820e-02
1.24419408e-01	-2.01188084e-02
1.24752972e-01	-1.48978595e-02
1.25086536e-01	-1.06388072e-02
1.25420100e-01	-7.11974943e-03
1.25753664e-01	-4.15343504e-03
1.26087228e-01	-1.61229747e-03
1.26420792e-01	5.64866034e-04
1.26754356e-01	2.38040286e-03
1.27087920e-01	3.79460824e-03
1.27421484e-01	4.74816237e-03
1.27755048e-01	5.18779655e-03
1.28088613e-01	5.09331074e-03
1.28422177e-01	4.50364572e-03
1.28755741e-01	3.53814393e-03
1.29089305e-01	2.40774343e-03
1.29422869e-01	1.41123310e-03
1.29756433e-01	9.13849308e-04
1.30089997e-01	1.30901672e-03
1.30423561e-01	2.96844993e-03
1.30757125e-01	6.18956253e-03
1.31090689e-01	1.11505573e-02
1.31424254e-01	1.78823121e-02
1.31757818e-01	2.62625686e-02
1.32091382e-01	3.60326828e-02
1.32424946e-01	4.68318078e-02
1.32758510e-01	5.82397475e-02
1.33092074e-01	6.98188495e-02
1.33425638e-01	8.11471159e-02
1.33759202e-01	9.18387393e-02
1.34092766e-01	1.01553165e-01
1.34426330e-01	1.09997390e-01
1.34759894e-01	1.16927427e-01
1.35093459e-01	1.22153775e-01
1.35427023e-01	1.25552687e-01
1.35760587e-01	1.27081381e-01
1.36094151e-01	1.26793061e-01
1.36427715e-01	1.24847232e-01
1.36761279e-01	1.21511969e-01
1.37094843e-01	1.17156800e-01
1.37428407e-01	1.12236611e-01
1.37761971e-01	1.07267602e-01
1.38095535e-01	1.02796096e-01
1.38429100e-01	9.93608801e-02
1.38762664e-01	9.74502772e-02
1.39096228e-01	9.74567400e-02
1.39429792e-01	9.96341036e-02
1.39763356e-01	1.04064420e-01
1.40096920e-01	1.10641322e-01
1.40430484e-01	1.19074643e-01
1.40764048e-01	1.28916912e-01
1.41097612e-01	1.39607536e-01
1.41431176e-01	1.50526898e-01
1.41764740e-01	1.61051331e-01
1.42098305e-01	1.70601241e-01
1.42431869e-01	1.78678067e-01
1.42765433e-01	1.84889613e-01
1.43098997e-01	1.88965890e-01
1.43432561e-01	1.90767873e-01
1.43766125e-01	1.90290033e-01
1.44099689e-01	1.87655160e-01
1.44433253e-01	1.83098413e-01
1.44766817e-01	1.76938252e-01
1.45100381e-01	1.69535025e-01
1.45433946e-01	1.61242222e-01
1.45767510e-01	1.52359204e-01
1.46101074e-01	1.43095812e-01
1.46434638e-01	1.33557492e-01
1.46768202e-01	1.23754684e-01
1.47101766e-01	1.13634151e-01
1.47435330e-01	1.03124345e-01
1.47768894e-01	9.21835512e-02
1.48102458e-01	8.08396075e-02
1.48436022e-01	6.92129399e-02
1.48769586e-01	5.75188876e-02
1.49103151e-01	4.60495091e-02
1.49436715e-01	3.51384449e-02
1.49770279e-01	2.51144710e-02
1.50103843e-01	1.62503971e-02
1.50437407e-01	8.71472607e-03
1.50770971e-01	2.53408681e-03
1.51104535e-01	-2.42568894e-03
1.51438099e-01	-6.45341359e-03
1.51771663e-01	-9.95818016e-03
1.52105227e-01	-1.34089311e-02
1.52438792e-01	-1.72563060e-02
1.52772356e-01	-2.18504408e-02
1.53105920e-01	-2.73711426e-02
1.53439484e-01	-3.37857746e-02
1.53773048e-01	-4.08450542e-02
1.54106612e-01	-4.81190551e-02
1.54440176e-01	-5.50670326e-02
1.54773740e-01	-6.11273990e-02
1.55107304e-01	-6.58101628e-02
1.55440868e-01	-6.87743366e-02
1.55774432e-01	-6.98766576e-02
1.56107997e-01	-6.91841842e-02
1.56441561e-01	-6.69504906e-02
1.56775125e-01	-6.35617164e-02
1.57108689e-01	-5.94634920e-02
1.57442253e-01	-5.50823772e-02
1.57775817e-01	-5.07558337e-02
1.58109381e-01	-4.66828642e-02
1.58442945e-01	-4.29035764e-02
1.58776509e-01	-3.93106376e-02
1.59110073e-01	-3.56894820e-02
1.59443638e-01	-3.17782934e-02
1.59777202e-01	-2.73346419e-02
1.60110766e-01	-2.21943484e-02
1.60444330e-01	-1.63101212e-02
1.60777894e-01	-9.76239890e-03
1.61111458e-01	-2.74135083e-03
1.61445022e-01	4.49459878e-03
1.61778586e-01	1.16734791e-02
1.62112150e-01	1.85650986e-02
1.62445714e-01	2.50249446e-02
1.62779278e-01	3.10177196e-02
1.63112843e-01	3.66162077e-02
1.63446407e-01	4.19763568e-02
1.63779971e-01	4.72943998e-02
1.64113535e-01	5.27556756e-02
1.64447099e-01	5.84867551e-02
1.64780663e-01	6.45220028e-02
1.65114227e-01	7.07925710e-02
1.65447791e-01	7.71404663e-02
1.65781355e-01	8.33539133e-02
1.66114919e-01	8.92144369e-02
1.66448484e-01	9.45425907e-02
1.66782048e-01	9.92294358e-02
1.67115612e-01	1.03245015e-01
1.67449176e-01	1.06622109e-01
1.67782740e-01	1.09421311e-01
1.68116304e-01	1.11689320e-01
1.68449868e-01	1.13424369e-01
1.68783432e-01	1.14560209e-01
1.69116996e-01	1.14974117e-01
1.69450560e-01	1.14516926e-01
1.69784124e-01	1.13056642e-01
1.70117689e-01	1.10523661e-01
1.70451253e-01	1.06945754e-01
1.70784817e-01	1.02464302e-01
1.71118381e-01	9.73282451e-02
1.71451945e-01	9.18674512e-02
1.71785509e-01	8.64513360e-02
1.72119073e-01	8.14410080e-02
1.72452637e-01	7.71438056e-02
1.72786201e-01	7.37779637e-02
1.73119765e-01	7.14527275e-02
1.73453330e-01	7.01660486e-02
1.73786894e-01	6.98184722e-02
1.74120458e-01	7.02384568e-02
1.74454022e-01	7.12120483e-02
1.74787586e-01	7.25094623e-02
1.75121150e-01	7.39030647e-02
1.75454714e-01	7.51750279e-02
1.75788278e-01	7.61174049e-02
1.76121842e-01	7.65308053e-02
1.76455406e-01	7.62286440e-02
1.76788970e-01	7.50514052e-02
1.77122535e-01	7.28902011e-02
1.77456099e-01	6.97131584e-02
1.77789663e-01	6.55844376e-02
1.78123227e-01	6.06660130e-02
1.78456791e-01	5.51970018e-02
1.78790355e-01	4.94527840e-02
1.79123919e-01	4.36936063e-02
1.79457483e-01	3.81168541e-02
1.79791047e-01	3.28268087e-02
1.80124611e-01	2.78304085e-02
1.80458176e-01	2.30591716e-02
1.80791740e-01	1.84090879e-02
1.81125304e-01	1.37850164e-02
1.81458868e-01	9.13566658e-03
1.81792432e-01	4.46941694e-03
1.82125996e-01	-1.51792612e-04
1.82459560e-01	-4.63603134e-03
1.82793124e-01	-8.89294631e-03
1.83126688e-01	-1.28625002e-02
1.83460252e-01	-1.65322481e-02
1.83793816e-01	-1.99389673e-02
1.84127381e-01	-2.31553682e-02
1.84460945e-01	-2.62665152e-02
1.84794509e-01	-2.93427003e-02
1.85128073e-01	-3.24157537e-02
1.85461637e-01	-3.54644726e-02
1.85795201e-01	-3.84124878e-02
1.86128765e-01	-4.11390090e-02
1.86462329e-01	-4.35000083e-02
1.86795893e-01	-4.53550044e-02
1.87129457e-01	-4.65932089e-02
1.87463022e-01	-4.71529272e-02
1.87796586e-01	-4.70299438e-02
1.88130150e-01	-4.62737073e-02
1.88463714e-01	-4.49734708e-02
1.88797278e-01	-4.32390673e-02
1.89130842e-01	-4.11819355e-02
1.89464406e-01	-3.89010564e-02
1.89797970e-01	-3.64759377e-02
1.90131534e-01	-3.39656940e-02
1.90465098e-01	-3.14109926e-02
1.90798662e-01	-2.88351234e-02
1.91132227e-01	-2.62417869e-02
1.91465791e-01	-2.36096798e-02
1.91799355e-01	-2.08865537e-02
1.92132919e-01	-1.79870640e-02
1.92466483e-01	-1.47985931e-02
1.92800047e-01	-1.11972155e-02
1.93133611e-01	-7.07274775e-03
1.93467175e-01	-2.35855071e-03
1.93800739e-01	2.94049037e-03
1.94134303e-01	8.72893487e-03
1.94467868e-01	1.48165095e-02
1.94801432e-01	2.09313726e-02
1.95134996e-01	2.67496405e-02
1.95468560e-01	3.19358776e-02
1.95802124e-01	3.61865009e-02
1.96135688e-01	3.92673855e-02
1.96469252e-01	4.10385700e-02
1.96802816e-01	4.14624611e-02
1.97136380e-01	4.05963820e-02
1.97469944e-01	3.85742488e-02
1.97803508e-01	3.55841523e-02
1.98137073e-01	3.18479495e-02
1.98470637e-01	2.76061186e-02
1.98804201e-01	2.31074709e-02
1.99137765e-01	1.86004507e-02
1.99471329e-01	1.43219554e-02
1.99804893e-01	1.04813328e-02
2.00138457e-01	7.24075010e-03
2.00472021e-01	4.69668076e-03
2.00805585e-01	2.86889298e-03
2.01139149e-01	1.70203258e-03
2.01472713e-01	1.08107058e-03
2.01806278e-01	8.57050056e-04
2.02139842e-01	8.75762403e-04
2.02473406e-01	1.00099053e-03
2.02806970e-01	1.12637586e-03
2.03140534e-01	1.17474024e-03
2.03474098e-01	1.08861868e-03
2.03807662e-01	8.18679078e-04
2.04141226e-01	3.16524706e-04
2.04474790e-01	-4.64614261e-04
2.04808354e-01	-1.56212684e-03
2.05141919e-01	-2.99365418e-03
2.05475483e-01	-4.74975761e-03
2.05809047e-01	-6.79359850e-03
2.06142611e-01	-9.06809060e-03
2.06476175e-01	-1.15074375e-02
2.06809739e-01	-1.40480061e-02
2.07143303e-01	-1.66339095e-02
2.07476867e-01	-1.92152535e-02
2.07810431e-01	-2.17405961e-02
2.08143995e-01	-2.41481034e-02
2.08477559e-01	-2.63607986e-02
2.08811124e-01	-2.82898564e-02
2.09144688e-01	-2.98468546e-02
2.09478252e-01	-3.09624802e-02
2.09811816e-01	-3.16065524e-02
2.10145380e-01	-3.18032163e-02
2.10478944e-01	-3.16361136e-02
2.10812508e-01	-3.12408987e-02
2.11146072e-01	-3.07857244e-02
2.11479636e-01	-3.04433776e-02
2.11813200e-01	-3.03609098e-02
2.12146765e-01	-3.06334185e-02
2.12480329e-01	-3.12877835e-02
2.12813893e-01	-3.22797664e-02
2.13147457e-01	-3.35046430e-02
2.13481021e-01	-3.48184149e-02
2.13814585e-01	-3.60644939e-02
2.14148149e-01	-3.71000756e-02
2.14481713e-01	-3.78173566e-02
2.14815277e-01	-3.81568918e-02
2.15148841e-01	-3.81128081e-02
2.15482405e-01	-3.77312832e-02
2.15815970e-01	-3.71042030e-02
2.16149534e-01	-3.63594218e-02
2.16483098e-01	-3.56481539e-02
2.16816662e-01	-3.51294386e-02
2.17150226e-01	-3.49519381e-02
2.17483790e-01	-3.52346106e-02
2.17817354e-01	-3.60493999e-02
2.18150918e-01	-3.74099407e-02
2.18484482e-01	-3.92696551e-02
2.18818046e-01	-4.15305024e-02
2.19151611e-01	-4.40607239e-02
2.19485175e-01	-4.67172867e-02
2.19818739e-01	-4.93674593e-02
2.20152303e-01	-5.19046199e-02
2.20485867e-01	-5.42557023e-02
2.20819431e-01	-5.63805578e-02
2.21152995e-01	-5.82657600e-02
2.21486559e-01	-5.99162383e-02
2.21820123e-01	-6.13475264e-02
2.22153687e-01	-6.25798800e-02
2.22487251e-01	-6.36339226e-02
2.22820816e-01	-6.45266503e-02
2.23154380e-01	-6.52669019e-02
2.23487944e-01	-6.58504804e-02
2.23821508e-01	-6.62563007e-02
2.24155072e-01	-6.64455925e-02
2.24488636e-01	-6.63659483e-02
2.24822200e-01	-6.59608771e-02
2.25155764e-01	-6.51838381e-02
2.25489328e-01	-6.40140755e-02
2.25822892e-01	-6.24705479e-02
2.26156457e-01	-6.06201906e-02
2.26490021e-01	-5.85776789e-02
2.26823585e-01	-5.64956120e-02
2.27157149e-01	-5.45462910e-02
2.27490713e-01	-5.28984330e-02
2.27824277e-01	-5.16935888e-02
2.28157841e-01	-5.10272060e-02
2.28491405e-01	-5.09380809e-02
2.28824969e-01	-5.14076463e-02
2.29158533e-01	-5.23678362e-02
2.29492097e-01	-5.37141315e-02
2.29825662e-01	-5.53196453e-02
2.30159226e-01	-5.70470106e-02
2.30492790e-01	-5.87568920e-02
2.30826354e-01	-6.03141603e-02
2.31159918e-01	-6.15940839e-02
2.31493482e-01	-6.24906332e-02
2.31827046e-01	-6.29272333e-02
2.32160610e-01	-6.28679344e-02
2.32494174e-01	-6.23252767e-02
2.32827738e-01	-6.13611113e-02
2.33161303e-01	-6.00784599e-02
2.33494867e-01	-5.86054008e-02
2.33828431e-01	-5.70747276e-02
2.34161995e-01	-5.56045040e-02
2.34495559e-01	-5.42840152e-02
2.34829123e-01	-5.31672648e-02
2.35162687e-01	-5.22732489e-02
2.35496251e-01	-5.15901164e-02
2.35829815e-01	-5.10798913e-02
2.36163379e-01	-5.06817060e-02
2.36496943e-01	-5.03137441e-02
2.36830508e-01	-4.98760872e-02
2.37164072e-01	-4.92573058e-02
2.37497636e-01	-4.83464959e-02
2.37831200e-01	-4.70500668e-02
2.38164764e-01	-4.53100660e-02
2.38498328e-01	-4.31193498e-02
2.38831892e-01	-4.05292039e-02
2.39165456e-01	-3.76470616e-02
2.39499020e-01	-3.46249163e-02
2.39832584e-01	-3.16416677e-02
2.40166149e-01	-2.88839307e-02
2.40499713e-01	-2.65293578e-02
2.40833277e-01	-2.47346240e-02
2.41166841e-01	-2.36278283e-02
2.41500405e-01	-2.33032510e-02
2.41833969e-01	-2.38159681e-02
2.42167533e-01	-2.51749032e-02
2.42501097e-01	-2.73349758e-02
2.42834661e-01	-3.01910859e-02
2.43168225e-01	-3.35777003e-02
2.43501789e-01	-3.72771793e-02
2.43835354e-01	-4.10377586e-02
2.44168918e-01	-4.45990857e-02
2.44502482e-01	-4.77205528e-02
2.44836046e-01	-5.02064843e-02
2.45169610e-01	-5.19230391e-02
2.45503174e-01	-5.28041658e-02
2.45836738e-01	-5.28471768e-02
2.46170302e-01	-5.21012381e-02
2.46503866e-01	-5.06533287e-02
2.46837430e-01	-4.86156268e-02
2.47170995e-01	-4.61163029e-02
2.47504559e-01	-4.32933698e-02
2.47838123e-01	-4.02896793e-02
2.48171687e-01	-3.72470227e-02
2.48505251e-01	-3.42985245e-02
2.48838815e-01	-3.15603255e-02
2.49172379e-01	-2.91248531e-02
2.49505943e-01	-2.70579131e-02
2.49839507e-01	-2.54003201e-02
2.50173071e-01	-2.41725640e-02
2.50506635e-01	-2.33793105e-02
2.50840200e-01	-2.30103806e-02
2.51173764e-01	-2.30365181e-02
2.51507328e-01	-2.34010877e-02
2.51840892e-01	-2.40114786e-02
2.52174456e-01	-2.47350514e-02
2.52508020e-01	-2.54032613e-02
2.52841584e-01	-2.58245769e-02
2.53175148e-01	-2.58033158e-02
2.53508712e-01	-2.51591749e-02
2.53842276e-01	-2.37421878e-02
2.54175841e-01	-2.14401773e-02
2.54509405e-01	-1.81794088e-02
2.54842969e-01	-1.39223611e-02
2.55176533e-01	-8.66773325e-03
2.55510097e-01	-2.45633381e-03
2.55843661e-01	4.61708517e-03
2.56177225e-01	1.23901051e-02
2.56510789e-01	2.06238713e-02
2.56844353e-01	2.90062427e-02
2.57177917e-01	3.71710404e-02
2.57511481e-01	4.47328086e-02
2.57845046e-01	5.13314936e-02
2.58178610e-01	5.66780216e-02
2.58512174e-01	6.05910961e-02
2.58845738e-01	6.30177591e-02
2.59179302e-01	6.40344858e-02
2.59512866e-01	6.38303256e-02
2.59846430e-01	6.26773187e-02
2.60179994e-01	6.08950980e-02
2.60513558e-01	5.88160335e-02
2.60847122e-01	5.67551315e-02
2.61180687e-01	5.49862754e-02
2.61514251e-01	5.37244008e-02
2.61847815e-01	5.31125110e-02
2.62181379e-01	5.32130283e-02
2.62514943e-01	5.40041885e-02
2.62848507e-01	5.53831063e-02
2.63182071e-01	5.71770886e-02
2.63515635e-01	5.91635651e-02
2.63849199e-01	6.10970541e-02
2.64182763e-01	6.27396843e-02
2.64516327e-01	6.38907744e-02
2.64849892e-01	6.44112153e-02
2.65183456e-01	6.42397148e-02
2.65517020e-01	6.33997241e-02
2.65850584e-01	6.19973179e-02
2.66184148e-01	6.02109718e-02
2.66517712e-01	5.82740976e-02
2.66851276e-01	5.64508869e-02
2.67184840e-01	5.50062122e-02
2.67518404e-01	5.41714723e-02
2.67851968e-01	5.41101845e-02
2.68185533e-01	5.48890231e-02
2.68519097e-01	5.64607831e-02
2.68852661e-01	5.86645639e-02
2.69186225e-01	6.12452257e-02
2.69519789e-01	6.38896830e-02
2.69853353e-01	6.62733260e-02
2.70186917e-01	6.81073317e-02
2.70520481e-01	6.91777337e-02
2.70854045e-01	6.93697372e-02
2.71187609e-01	6.86748206e-02
2.71521173e-01	6.71821539e-02
2.71854738e-01	6.50584915e-02
2.72188302e-01	6.25214500e-02
2.72521866e-01	5.98103155e-02
2.72855430e-01	5.71572147e-02
2.73188994e-01	5.47605574e-02
2.73522558e-01	5.27625979e-02
2.73856122e-01	5.12334837e-02
2.74189686e-01	5.01645192e-02
2.74523250e-01	4.94728087e-02
2.74856814e-01	4.90176801e-02
2.75190379e-01	4.86267349e-02
2.75523943e-01	4.81269385e-02
2.75857507e-01	4.73748487e-02
2.76191071e-01	4.62803964e-02
2.76524635e-01	4.48204272e-02
2.76858199e-01	4.30407075e-02
2.77191763e-01	4.10473655e-02
2.77525327e-01	3.89901174e-02
2.77858891e-01	3.70400585e-02
2.78192455e-01	3.53647049e-02
2.78526019e-01	3.41029328e-02
2.78859584e-01	3.33427886e-02
2.79193148e-01	3.31056345e-02
2.79526712e-01	3.33401664e-02
2.79860276e-01	3.39288881e-02
2.80193840e-01	3.47074105e-02
2.80527404e-01	3.54938632e-02
2.80860968e-01	3.61227302e-02
2.81194532e-01	3.64756897e-02
2.81528096e-01	3.65023634e-02
2.81861660e-01	3.62263516e-02
2.82195225e-01	3.57358505e-02
2.82528789e-01	3.51622671e-02
2.82862353e-01	3.46531768e-02
2.83195917e-01	3.43467798e-02
2.83529481e-01	3.43535422e-02
2.83863045e-01	3.47476278e-02
2.84196609e-01	3.55672232e-02
2.84530173e-01	3.68202261e-02
2.84863737e-01	3.84908476e-02
2.85197301e-01	4.05436130e-02
2.85530865e-01	4.29234337e-02
2.85864430e-01	4.55528672e-02
2.86197994e-01	4.83293600e-02
2.86531558e-01	5.11255797e-02
2.86865122e-01	5.37948839e-02
2.87198686e-01	5.61820871e-02
2.87532250e-01	5.81377805e-02
2.87865814e-01	5.95332870e-02
2.88199378e-01	6.02732631e-02
2.88532942e-01	6.03038898e-02
2.88866506e-01	5.96160052e-02
2.89200071e-01	5.82438015e-02
2.89533635e-01	5.62603543e-02
2.89867199e-01	5.37711760e-02
2.90200763e-01	5.09064710e-02
2.90534327e-01	4.78122908e-02
2.90867891e-01	4.46407276e-02
2.91201455e-01	4.15396549e-02
2.91535019e-01	3.86430482e-02
2.91868583e-01	3.60631383e-02
2.92202147e-01	3.38852736e-02
2.92535711e-01	3.21654668e-02
2.92869276e-01	3.09296378e-02
2.93202840e-01	3.01731540e-02
2.93536404e-01	2.98597678e-02
2.93869968e-01	2.99203427e-02
2.94203532e-01	3.02531860e-02
2.94537096e-01	3.07285303e-02
2.94870660e-01	3.11991083e-02
2.95204224e-01	3.15168443e-02
2.95537788e-01	3.15531448e-02
2.95871352e-01	3.12182286e-02
2.96204917e-01	3.04744194e-02
2.96538481e-01	2.93397517e-02
2.96872045e-01	2.78811446e-02
2.97205609e-01	2.61996197e-02
2.97539173e-01	2.44122453e-02
2.97872737e-01	2.26357994e-02
2.98206301e-01	2.09755599e-02
2.98539865e-01	1.95199914e-02
2.98873429e-01	1.83397091e-02
2.99206993e-01	1.74879904e-02
2.99540557e-01	1.70005915e-02
2.99874122e-01	1.68941720e-02
3.00207686e-01	1.71642074e-02
3.00541250e-01	1.77839534e-02
3.00874814e-01	1.87054991e-02
3.01208378e-01	1.98626649e-02
3.01541942e-01	2.11743599e-02
3.01875506e-01	2.25468449e-02
3.02209070e-01	2.38743498e-02
3.02542634e-01	2.50391890e-02
3.02876198e-01	2.59138874e-02
3.03209763e-01	2.63679534e-02
3.03543327e-01	2.62804538e-02
3.03876891e-01	2.55569645e-02
3.04210455e-01	2.41469333e-02
3.04544019e-01	2.20562491e-02
3.04877583e-01	1.93505937e-02
3.05211147e-01	1.61477862e-02
3.05544711e-01	1.26008109e-02
3.05878275e-01	8.87610965e-03
3.06211839e-01	5.13284192e-03
3.06545403e-01	1.50781174e-03
3.06878968e-01	-1.89181704e-03
3.07212532e-01	-4.98883502e-03
3.07546096e-01	-7.73222303e-03
3.07879660e-01	-1.00926968e-02
3.08213224e-01	-1.20599561e-02
3.08546788e-01	-1.36422934e-02
3.08880352e-01	-1.48676563e-02
3.09213916e-01	-1.57845252e-02
3.09547480e-01	-1.64611796e-02
3.09881044e-01	-1.69827122e-02
3.10214609e-01	-1.74459680e-02
3.10548173e-01	-1.79530310e-02
3.10881737e-01	-1.86039158e-02
3.11215301e-01	-1.94889791e-02
3.11548865e-01	-2.06815586e-02
3.11882429e-01	-2.22315900e-02
3.12215993e-01	-2.41612954e-02
3.12549557e-01	-2.64640991e-02
3.12883121e-01	-2.91074169e-02
3.13216685e-01	-3.20388646e-02
3.13550249e-01	-3.51941484e-02
3.13883814e-01	-3.85040471e-02
3.14217378e-01	-4.18980622e-02
3.14550942e-01	-4.53036618e-02
3.14884506e-01	-4.86421439e-02
3.15218070e-01	-5.18240889e-02
3.15551634e-01	-5.47481881e-02
3.15885198e-01	-5.73063695e-02
3.16218762e-01	-5.93957792e-02
3.16552326e-01	-6.09352361e-02
3.16885890e-01	-6.18815256e-02
3.17219455e-01	-6.22403583e-02
3.17553019e-01	-6.20682985e-02
3.17886583e-01	-6.14648810e-02
3.18220147e-01	-6.05572884e-02
3.18553711e-01	-5.94820818e-02
3.18887275e-01	-5.83687645e-02
3.19220839e-01	-5.73284647e-02
3.19554403e-01	-5.64485348e-02
3.19887967e-01	-5.57915790e-02
3.20221531e-01	-5.53963015e-02
3.20555095e-01	-5.52779713e-02
3.20888660e-01	-5.54278108e-02
3.21222224e-01	-5.58123111e-02
3.21555788e-01	-5.63744167e-02
3.21889352e-01	-5.70382009e-02
3.22222916e-01	-5.77172735e-02
3.22556480e-01	-5.83254924e-02
3.22890044e-01	-5.87874806e-02
3.23223608e-01	-5.90465411e-02
3.23557172e-01	-5.90687138e-02
3.23890736e-01	-5.88432673e-02
3.24224301e-01	-5.83810190e-02
3.24557865e-01	-5.77119823e-02
3.24891429e-01	-5.68830114e-02
3.25224993e-01	-5.59549548e-02
3.25558557e-01	-5.49981386e-02
3.25892121e-01	-5.40853003e-02
3.26225685e-01	-5.32822978e-02
3.26559249e-01	-5.26383802e-02
3.26892813e-01	-5.21786625e-02
3.27226377e-01	-5.19011158e-02
3.27559941e-01	-5.17788676e-02
3.27893506e-01	-5.17665853e-02
3.28227070e-01	-5.18082030e-02
3.28560634e-01	-5.18430430e-02
3.28894198e-01	-5.18086207e-02
3.29227762e-01	-5.16405154e-02
3.29561326e-01	-5.12715741e-02
3.29894890e-01	-5.06333811e-02
3.30228454e-01	-4.96619801e-02
3.30562018e-01	-4.83077124e-02
3.30895582e-01	-4.65468124e-02
3.31229147e-01	-4.43911919e-02
3.31562711e-01	-4.18932246e-02
3.31896275e-01	-3.91440818e-02
3.32229839e-01	-3.62663351e-02
3.32563403e-01	-3.34030290e-02
3.32896967e-01	-3.07055838e-02
3.33230531e-01	-2.83218541e-02
3.33564095e-01	-2.63842980e-02
3.33897659e-01	-3.00203392e-02
