-9.84014081e-03	0.00000000e+00
-9.67335876e-03	0.00000000e+00
-9.50657671e-03	0.00000000e+00
-9.33979467e-03	1.46010844e-10
-9.17301262e-03	3.48003110e-10
-9.00623057e-03	5.52543284e-10
-8.83944852e-03	9.60230348e-10
-8.67266648e-03	1.66569346e-09
-8.50588443e-03	2.87208726e-09
-8.33910238e-03	4.91247194e-09
-8.17232033e-03	8.32709726e-09
-8.00553828e-03	1.39825791e-08
-7.83875624e-03	2.32535142e-08
-7.67197419e-03	3.82971718e-08
-7.50519214e-03	-1.18922254e-08
-7.33841009e-03	-3.52396014e-07
-7.17162805e-03	-1.30784738e-06
-7.00484600e-03	-3.20536822e-06
-6.83806395e-03	-6.41400296e-06
-6.67128190e-03	-1.14986740e-05
-6.50449986e-03	-1.93260188e-05
-6.33771781e-03	-3.11566184e-05
-6.17093576e-03	-4.87895920e-05
-6.00415371e-03	-7.47559512e-05
-5.83737167e-03	-1.12574361e-04
-5.67058962e-03	-1.67079907e-04
-5.50380757e-03	-2.44842142e-04
-5.33702552e-03	-3.54686270e-04
-5.17024348e-03	-5.08331692e-04
-5.00346143e-03	-7.21160424e-04
-4.83667938e-03	-1.01312584e-03
-4.66989733e-03	-1.40980420e-03
-4.50311529e-03	-1.94358692e-03
-4.33633324e-03	-2.65499868e-03
-4.16955119e-03	-3.59411288e-03
-4.00276914e-03	-4.82202268e-03
-3.83598709e-03	-6.41230798e-03
-3.66920505e-03	-8.45241920e-03
-3.50242300e-03	-1.10448854e-02
-3.33564095e-03	-1.43082360e-02
-3.16885890e-03	-1.83775132e-02
-3.00207686e-03	-2.34042492e-02
-2.83529481e-03	-2.95557858e-02
-2.66851276e-03	-3.70138174e-02
-2.50173071e-03	-4.59720750e-02
-2.33494867e-03	-5.66330924e-02
-2.16816662e-03	-6.92040394e-02
-2.00138457e-03	-8.38916710e-02
-1.83460252e-03	-1.00896489e-01
-1.66782048e-03	-1.20406281e-01
-1.50103843e-03	-1.42589261e-01
-1.33425638e-03	-1.67587092e-01
-1.16747433e-03	-1.95508102e-01
-1.00069229e-03	-2.26421060e-01
-8.33910238e-04	-2.60349858e-01
-6.67128190e-04	-2.97269448e-01
-5.00346143e-04	-3.37103344e-01
-3.33564095e-04	-3.79722888e-01
-1.66782048e-04	-4.24948376e-01
0.00000000e+00	-4.72552030e-01
1.66782048e-04	-5.22262662e-01
3.33564095e-04	-5.73771904e-01
5.00346143e-04	-6.26741812e-01
6.67128190e-04	-6.80813676e-01
8.33910238e-04	-7.35617662e-01
1.00069229e-03	-7.90782760e-01
1.16747433e-03	-8.45946294e-01
1.33425638e-03	-9.00762464e-01
1.50103843e-03	-9.54909658e-01
1.66782048e-03	-1.00809666e+00
1.83460252e-03	-1.06006775e+00
2.00138457e-03	-1.11060644e+00
2.16816662e-03	-1.15953723e+00
2.33494867e-03	-1.20672540e+00
2.50173071e-03	-1.25207539e+00
2.66851276e-03	-1.29552846e+00
2.83529481e-03	-1.33705966e+00
3.00207686e-03	-1.37667403e+00
3.16885890e-03	-1.41440180e+00
3.33564095e-03	-1.45029330e+00
3.50242300e-03	-1.48441455e+00
3.66920505e-03	-1.51684335e+00
3.83598709e-03	-1.54766543e+00
4.00276914e-03	-1.57697060e+00
4.16955119e-03	-1.60484977e+00
4.33633324e-03	-1.63139304e+00
4.50311529e-03	-1.65668824e+00
4.66989733e-03	-1.68081932e+00
4.83667938e-03	-1.70386499e+00
5.00346143e-03	-1.72589812e+00
5.17024348e-03	-1.74698578e+00
5.33702552e-03	-1.76718907e+00
5.50380757e-03	-1.78656332e+00
5.67058962e-03	-1.80515906e+00
5.83737167e-03	-1.82302327e+00
6.00415371e-03	-1.84019987e+00
6.17093576e-03	-1.85672953e+00
6.33771781e-03	-1.87264969e+00
6.50449986e-03	-1.88799505e+00
6.67128190e-03	-1.90279815e+00
6.83806395e-03	-1.91709011e+00
7.00484600e-03	-1.93090158e+00
7.17162805e-03	-1.94426295e+00
7.33841009e-03	-1.95720359e+00
7.50519214e-03	-1.96975107e+00
7.67197419e-03	-1.98193158e+00
7.83875624e-03	-1.99377085e+00
8.00553828e-03	-2.00529444e+00
8.17232033e-03	-2.01652720e+00
8.33910238e-03	-2.02749256e+00
8.50588443e-03	-2.03821178e+00
8.67266648e-03	-2.04870440e+00
8.83944852e-03	-2.05898898e+00
9.00623057e-03	-2.06908342e+00
9.17301262e-03	-2.07900372e+00
9.33979467e-03	-2.08876330e+00
9.50657671e-03	-2.09837364e+00
9.67335876e-03	-2.10784558e+00
9.84014081e-03	-2.11718934e+00
1.00069229e-02	-2.12641406e+00
1.01737049e-02	-2.13552750e+00
1.03404870e-02	-2.14453700e+00
1.05072690e-02	-2.15345012e+00
1.06740510e-02	-2.16227490e+00
1.08408331e-02	-2.17101890e+00
1.10076151e-02	-2.17968898e+00
1.11743972e-02	-2.18829240e+00
1.13411792e-02	-2.19683770e+00
1.15079613e-02	-2.20533414e+00
1.16747433e-02	-2.21379064e+00
1.18415254e-02	-2.22221616e+00
1.20083074e-02	-2.23062036e+00
1.21750895e-02	-2.23901310e+00
1.23418715e-02	-2.24740354e+00
1.25086536e-02	-2.25580018e+00
1.26754356e-02	-2.26421144e+00
1.28422177e-02	-2.27264566e+00
1.30089997e-02	-2.28111016e+00
1.31757818e-02	-2.28961000e+00
1.33425638e-02	-2.29814814e+00
1.35093459e-02	-2.30672574e+00
1.36761279e-02	-2.31534172e+00
1.38429100e-02	-2.32399278e+00
1.40096920e-02	-2.33267574e+00
1.41764740e-02	-2.34138960e+00
1.43432561e-02	-2.35013534e+00
1.45100381e-02	-2.35891354e+00
1.46768202e-02	-2.36772192e+00
1.48436022e-02	-2.37655342e+00
1.50103843e-02	-2.38539688e+00
1.51771663e-02	-2.39424076e+00
1.53439484e-02	-2.40307750e+00
1.55107304e-02	-2.41190394e+00
1.56775125e-02	-2.42071676e+00
1.58442945e-02	-2.42950850e+00
1.60110766e-02	-2.43826926e+00
1.61778586e-02	-2.44699196e+00
1.63446407e-02	-2.45567368e+00
1.65114227e-02	-2.46431232e+00
1.66782048e-02	-2.47290292e+00
1.68449868e-02	-2.48143794e+00
1.70117689e-02	-2.48991008e+00
1.71785509e-02	-2.49831378e+00
1.73453330e-02	-2.50664338e+00
1.75121150e-02	-2.51489100e+00
1.76788970e-02	-2.52304872e+00
1.78456791e-02	-2.53111336e+00
1.80124611e-02	-2.53908864e+00
1.81792432e-02	-2.54698386e+00
1.83460252e-02	-2.55481120e+00
1.85128073e-02	-2.56258250e+00
1.86795893e-02	-2.57030382e+00
1.88463714e-02	-2.57797166e+00
1.90131534e-02	-2.58557642e+00
1.91799355e-02	-2.59311172e+00
1.93467175e-02	-2.60058062e+00
1.95134996e-02	-2.60799358e+00
1.96802816e-02	-2.61536218e+00
1.98470637e-02	-2.62269252e+00
2.00138457e-02	-2.62998254e+00
2.01806278e-02	-2.63722602e+00
2.03474098e-02	-2.64442012e+00
2.05141919e-02	-2.65156822e+00
2.06809739e-02	-2.65867570e+00
2.08477559e-02	-2.66574490e+00
2.10145380e-02	-2.67277508e+00
2.11813200e-02	-2.67976626e+00
2.13481021e-02	-2.68672230e+00
2.15148841e-02	-2.69365044e+00
2.16816662e-02	-2.70055710e+00
2.18484482e-02	-2.70744394e+00
2.20152303e-02	-2.71430812e+00
2.21820123e-02	-2.72114606e+00
2.23487944e-02	-2.72795452e+00
2.25155764e-02	-2.73472890e+00
2.26823585e-02	-2.74146410e+00
2.28491405e-02	-2.74815820e+00
2.30159226e-02	-2.75481472e+00
2.31827046e-02	-2.76144046e+00
2.33494867e-02	-2.76804098e+00
2.35162687e-02	-2.77461810e+00
2.36830508e-02	-2.78117122e+00
2.38498328e-02	-2.78769930e+00
2.40166149e-02	-2.79420126e+00
2.41833969e-02	-2.80067614e+00
2.43501789e-02	-2.80712408e+00
2.45169610e-02	-2.81354642e+00
2.46837430e-02	-2.81994376e+00
2.48505251e-02	-2.82631476e+00
2.50173071e-02	-2.83265786e+00
2.51840892e-02	-2.83897286e+00
2.53508712e-02	-2.84526052e+00
2.55176533e-02	-2.85152132e+00
2.56844353e-02	-2.85775446e+00
2.58512174e-02	-2.86395758e+00
2.60179994e-02	-2.87012770e+00
2.61847815e-02	-2.87626214e+00
2.63515635e-02	-2.88235940e+00
2.65183456e-02	-2.88841872e+00
2.66851276e-02	-2.89443882e+00
2.68519097e-02	-2.90041720e+00
2.70186917e-02	-2.90635100e+00
2.71854738e-02	-2.91223784e+00
2.73522558e-02	-2.91807522e+00
2.75190379e-02	-2.92386044e+00
2.76858199e-02	-2.92959100e+00
2.78526019e-02	-2.93526520e+00
2.80193840e-02	-2.94088186e+00
2.81861660e-02	-2.94643988e+00
2.83529481e-02	-2.95193810e+00
2.85197301e-02	-2.95737518e+00
2.86865122e-02	-2.96274968e+00
2.88532942e-02	-2.96806010e+00
2.90200763e-02	-2.97330474e+00
2.91868583e-02	-2.97848170e+00
2.93536404e-02	-2.98358914e+00
2.95204224e-02	-2.98862546e+00
2.96872045e-02	-2.99358966e+00
2.98539865e-02	-2.99848124e+00
3.00207686e-02	-3.00329960e+00
3.01875506e-02	-3.00804410e+00
3.03543327e-02	-3.01271422e+00
3.05211147e-02	-3.01730960e+00
3.06878968e-02	-3.02182996e+00
3.08546788e-02	-3.02627508e+00
3.10214609e-02	-3.03064498e+00
3.11882429e-02	-3.03494012e+00
3.13550249e-02	-3.03916130e+00
3.15218070e-02	-3.04330932e+00
3.16885890e-02	-3.04738524e+00
3.18553711e-02	-3.05139030e+00
3.20221531e-02	-3.05532596e+00
3.21889352e-02	-3.05919362e+00
3.23557172e-02	-3.06299472e+00
3.25224993e-02	-3.06673094e+00
3.26892813e-02	-3.07040402e+00
3.28560634e-02	-3.07401586e+00
3.30228454e-02	-3.07756866e+00
3.31896275e-02	-3.08106490e+00
3.33564095e-02	-3.08450710e+00
3.35231916e-02	-3.08789782e+00
3.36899736e-02	-3.09123960e+00
3.38567557e-02	-3.09453508e+00
3.40235377e-02	-3.09778680e+00
3.41903198e-02	-3.10099734e+00
3.43571018e-02	-3.10416930e+00
3.45238839e-02	-3.10730532e+00
3.46906659e-02	-3.11040796e+00
3.48574479e-02	-3.11347982e+00
3.50242300e-02	-3.11652328e+00
3.51910120e-02	-3.11954050e+00
3.53577941e-02	-3.12253350e+00
3.55245761e-02	-3.12550412e+00
3.56913582e-02	-3.12845398e+00
3.58581402e-02	-3.13138460e+00
3.60249223e-02	-3.13429730e+00
3.61917043e-02	-3.13719334e+00
3.63584864e-02	-3.14007360e+00
3.65252684e-02	-3.14293892e+00
3.66920505e-02	-3.14579008e+00
3.68588325e-02	-3.14862788e+00
3.70256146e-02	-3.15145310e+00
3.71923966e-02	-3.15426658e+00
3.73591787e-02	-3.15706928e+00
3.75259607e-02	-3.15986210e+00
3.76927428e-02	-3.16264612e+00
3.78595248e-02	-3.16542252e+00
3.80263069e-02	-3.16819268e+00
3.81930889e-02	-3.17095822e+00
3.83598709e-02	-3.17372094e+00
3.85266530e-02	-3.17648278e+00
3.86934350e-02	-3.17924574e+00
3.88602171e-02	-3.18201190e+00
3.90269991e-02	-3.18478332e+00
3.91937812e-02	-3.18756212e+00
3.93605632e-02	-3.19035048e+00
3.95273453e-02	-3.19315054e+00
3.96941273e-02	-3.19596438e+00
3.98609094e-02	-3.19879386e+00
4.00276914e-02	-3.20164070e+00
4.01944735e-02	-3.20450646e+00
4.03612555e-02	-3.20739254e+00
4.05280376e-02	-3.21030030e+00
4.06948196e-02	-3.21323096e+00
4.08616017e-02	-3.21618552e+00
4.10283837e-02	-3.21916494e+00
4.11951658e-02	-3.22217002e+00
4.13619478e-02	-3.22520162e+00
4.15287299e-02	-3.22826050e+00
4.16955119e-02	-3.23134744e+00
4.18622939e-02	-3.23446302e+00
4.20290760e-02	-3.23760770e+00
4.21958580e-02	-3.24078176e+00
4.23626401e-02	-3.24398524e+00
4.25294221e-02	-3.24721786e+00
4.26962042e-02	-3.25047902e+00
4.28629862e-02	-3.25376770e+00
4.30297683e-02	-3.25708248e+00
4.31965503e-02	-3.26042176e+00
4.33633324e-02	-3.26378392e+00
4.35301144e-02	-3.26716758e+00
4.36968965e-02	-3.27057178e+00
4.38636785e-02	-3.27399600e+00
4.40304606e-02	-3.27744030e+00
4.41972426e-02	-3.28090496e+00
4.43640247e-02	-3.28439038e+00
4.45308067e-02	-3.28789656e+00
4.46975888e-02	-3.29142274e+00
4.48643708e-02	-3.29496746e+00
4.50311529e-02	-3.29852854e+00
4.51979349e-02	-3.30210356e+00
4.53647169e-02	-3.30569046e+00
4.55314990e-02	-3.30928782e+00
4.56982810e-02	-3.31289514e+00
4.58650631e-02	-3.31651264e+00
4.60318451e-02	-3.32014080e+00
4.61986272e-02	-3.32377982e+00
4.63654092e-02	-3.32742904e+00
4.65321913e-02	-3.33108694e+00
4.66989733e-02	-3.33475138e+00
4.68657554e-02	-3.33842014e+00
4.70325374e-02	-3.34209160e+00
4.71993195e-02	-3.34576494e+00
4.73661015e-02	-3.34943994e+00
4.75328836e-02	-3.35311656e+00
4.76996656e-02	-3.35679440e+00
4.78664477e-02	-3.36047236e+00
4.80332297e-02	-3.36414890e+00
4.82000118e-02	-3.36782240e+00
4.83667938e-02	-3.37149170e+00
4.85335759e-02	-3.37515632e+00
4.87003579e-02	-3.37881626e+00
4.88671399e-02	-3.38247152e+00
4.90339220e-02	-3.38612176e+00
4.92007040e-02	-3.38976600e+00
4.93674861e-02	-3.39340300e+00
4.95342681e-02	-3.39703164e+00
4.97010502e-02	-3.40065116e+00
4.98678322e-02	-3.40426112e+00
5.00346143e-02	-3.40786114e+00
5.02013963e-02	-3.41145046e+00
5.03681784e-02	-3.41502804e+00
5.05349604e-02	-3.41859268e+00
5.07017425e-02	-3.42214342e+00
5.08685245e-02	-3.42567970e+00
5.10353066e-02	-3.42920120e+00
5.12020886e-02	-3.43270754e+00
5.13688707e-02	-3.43619798e+00
5.15356527e-02	-3.43967140e+00
5.17024348e-02	-3.44312670e+00
5.18692168e-02	-3.44656294e+00
5.20359989e-02	-3.44997954e+00
5.22027809e-02	-3.45337610e+00
5.23695629e-02	-3.45675216e+00
5.25363450e-02	-3.46010698e+00
5.27031270e-02	-3.46343978e+00
5.28699091e-02	-3.46674978e+00
5.30366911e-02	-3.47003640e+00
5.32034732e-02	-3.47329904e+00
5.33702552e-02	-3.47653710e+00
5.35370373e-02	-3.47974982e+00
5.37038193e-02	-3.48293644e+00
5.38706014e-02	-3.48609644e+00
5.40373834e-02	-3.48922950e+00
5.42041655e-02	-3.49233532e+00
5.43709475e-02	-3.49541350e+00
5.45377296e-02	-3.49846344e+00
5.47045116e-02	-3.50148450e+00
5.48712937e-02	-3.50447614e+00
5.50380757e-02	-3.50743802e+00
5.52048578e-02	-3.51036996e+00
5.53716398e-02	-3.51327186e+00
5.55384219e-02	-3.51614356e+00
5.57052039e-02	-3.51898490e+00
5.58719859e-02	-3.52179582e+00
5.60387680e-02	-3.52457628e+00
5.62055500e-02	-3.52732638e+00
5.63723321e-02	-3.53004614e+00
5.65391141e-02	-3.53273566e+00
5.67058962e-02	-3.53539502e+00
5.68726782e-02	-3.53802440e+00
5.70394603e-02	-3.54062394e+00
5.72062423e-02	-3.54319374e+00
5.73730244e-02	-3.54573384e+00
5.75398064e-02	-3.54824426e+00
5.77065885e-02	-3.55072496e+00
5.78733705e-02	-3.55317584e+00
5.80401526e-02	-3.55559668e+00
5.82069346e-02	-3.55798718e+00
5.83737167e-02	-3.56034696e+00
5.85404987e-02	-3.56267564e+00
5.87072808e-02	-3.56497276e+00
5.88740628e-02	-3.56723776e+00
5.90408449e-02	-3.56947006e+00
5.92076269e-02	-3.57166912e+00
5.93744089e-02	-3.57383440e+00
5.95411910e-02	-3.57596550e+00
5.97079730e-02	-3.57806206e+00
5.98747551e-02	-3.58012382e+00
6.00415371e-02	-3.58215058e+00
6.02083192e-02	-3.58414214e+00
6.03751012e-02	-3.58609842e+00
6.05418833e-02	-3.58801942e+00
6.07086653e-02	-3.58990516e+00
6.08754474e-02	-3.59175570e+00
6.10422294e-02	-3.59357118e+00
6.12090115e-02	-3.59535176e+00
6.13757935e-02	-3.59709764e+00
6.15425756e-02	-3.59880910e+00
6.17093576e-02	-3.60048646e+00
6.18761397e-02	-3.60213010e+00
6.20429217e-02	-3.60374038e+00
6.22097038e-02	-3.60531768e+00
6.23764858e-02	-3.60686236e+00
6.25432678e-02	-3.60837480e+00
6.27100499e-02	-3.60985546e+00
6.28768319e-02	-3.61130482e+00
6.30436140e-02	-3.61272340e+00
6.32103960e-02	-3.61411172e+00
6.33771781e-02	-3.61547024e+00
6.35439601e-02	-3.61679944e+00
6.37107422e-02	-3.61809974e+00
6.38775242e-02	-3.61937150e+00
6.40443063e-02	-3.62061494e+00
6.42110883e-02	-3.62183022e+00
6.43778704e-02	-3.62301740e+00
6.45446524e-02	-3.62417660e+00
6.47114345e-02	-3.62530800e+00
6.48782165e-02	-3.62641190e+00
6.50449986e-02	-3.62748876e+00
6.52117806e-02	-3.62853916e+00
6.53785627e-02	-3.62956390e+00
6.55453447e-02	-3.63056392e+00
6.57121268e-02	-3.63154018e+00
6.58789088e-02	-3.63249366e+00
6.60456908e-02	-3.63342532e+00
6.62124729e-02	-3.63433602e+00
6.63792549e-02	-3.63522646e+00
6.65460370e-02	-3.63609726e+00
6.67128190e-02	-3.63694900e+00
6.68796011e-02	-3.63778234e+00
6.70463831e-02	-3.63859808e+00
6.72131652e-02	-3.63939716e+00
6.73799472e-02	-3.64018066e+00
6.75467293e-02	-3.64094974e+00
6.77135113e-02	-3.64170556e+00
6.78802934e-02	-3.64244916e+00
6.80470754e-02	-3.64318140e+00
6.82138575e-02	-3.64390304e+00
6.83806395e-02	-3.64461466e+00
6.85474216e-02	-3.64531680e+00
6.87142036e-02	-3.64601002e+00
6.88809857e-02	-3.64669494e+00
6.90477677e-02	-3.64737230e+00
6.92145498e-02	-3.64804284e+00
6.93813318e-02	-3.64870722e+00
6.95481138e-02	-3.64936594e+00
6.97148959e-02	-3.65001926e+00
6.98816779e-02	-3.65066722e+00
7.00484600e-02	-3.65130980e+00
7.02152420e-02	-3.65194700e+00
7.03820241e-02	-3.65257888e+00
7.05488061e-02	-3.65320560e+00
7.07155882e-02	-3.65382734e+00
7.08823702e-02	-3.65444424e+00
7.10491523e-02	-3.65505630e+00
7.12159343e-02	-3.65566350e+00
7.13827164e-02	-3.65626576e+00
7.15494984e-02	-3.65686300e+00
7.17162805e-02	-3.65745528e+00
7.18830625e-02	-3.65804272e+00
7.20498446e-02	-3.65862562e+00
7.22166266e-02	-3.65920426e+00
7.23834087e-02	-3.65977882e+00
7.25501907e-02	-3.66034940e+00
7.27169728e-02	-3.66091602e+00
7.28837548e-02	-3.66147864e+00
7.30505368e-02	-3.66203734e+00
7.32173189e-02	-3.66259222e+00
7.33841009e-02	-3.66314350e+00
7.35508830e-02	-3.66369138e+00
7.37176650e-02	-3.66423598e+00
7.38844471e-02	-3.66477740e+00
7.40512291e-02	-3.66531568e+00
7.42180112e-02	-3.66585088e+00
7.43847932e-02	-3.66638310e+00
7.45515753e-02	-3.66691244e+00
7.47183573e-02	-3.66743892e+00
7.48851394e-02	-3.66796256e+00
7.50519214e-02	-3.66848332e+00
7.52187035e-02	-3.66900110e+00
7.53854855e-02	-3.66951582e+00
7.55522676e-02	-3.67002744e+00
7.57190496e-02	-3.67053596e+00
7.58858317e-02	-3.67104138e+00
7.60526137e-02	-3.67154368e+00
7.62193958e-02	-3.67204270e+00
7.63861778e-02	-3.67253832e+00
7.65529598e-02	-3.67303034e+00
7.67197419e-02	-3.67351870e+00
7.68865239e-02	-3.67400330e+00
7.70533060e-02	-3.67448406e+00
7.72200880e-02	-3.67496084e+00
7.73868701e-02	-3.67543348e+00
7.75536521e-02	-3.67590186e+00
7.77204342e-02	-3.67636586e+00
7.78872162e-02	-3.67682546e+00
7.80539983e-02	-3.67728062e+00
7.82207803e-02	-3.67773128e+00
7.83875624e-02	-3.67817738e+00
7.85543444e-02	-3.67861884e+00
7.87211265e-02	-3.67905568e+00
7.88879085e-02	-3.67948794e+00
7.90546906e-02	-3.67991570e+00
7.92214726e-02	-3.68033904e+00
7.93882547e-02	-3.68075806e+00
7.95550367e-02	-3.68117280e+00
7.97218188e-02	-3.68158340e+00
7.98886008e-02	-3.68198992e+00
8.00553828e-02	-3.68239252e+00
8.02221649e-02	-3.68279134e+00
8.03889469e-02	-3.68318654e+00
8.05557290e-02	-3.68357826e+00
8.07225110e-02	-3.68396660e+00
8.08892931e-02	-3.68435176e+00
8.10560751e-02	-3.68473392e+00
8.12228572e-02	-3.68511330e+00
8.13896392e-02	-3.68549004e+00
8.15564213e-02	-3.68586424e+00
8.17232033e-02	-3.68623596e+00
8.18899854e-02	-3.68660532e+00
8.20567674e-02	-3.68697246e+00
8.22235495e-02	-3.68733746e+00
8.23903315e-02	-3.68770048e+00
8.25571136e-02	-3.68806154e+00
8.27238956e-02	-3.68842076e+00
8.28906777e-02	-3.68877820e+00
8.30574597e-02	-3.68913396e+00
8.32242418e-02	-3.68948802e+00
8.33910238e-02	-3.68984042e+00
8.35578058e-02	-3.69019112e+00
8.37245879e-02	-3.69054014e+00
8.38913699e-02	-3.69088748e+00
8.40581520e-02	-3.69123312e+00
8.42249340e-02	-3.69157706e+00
8.43917161e-02	-3.69191926e+00
8.45584981e-02	-3.69225970e+00
8.47252802e-02	-3.69259830e+00
8.48920622e-02	-3.69293508e+00
8.50588443e-02	-3.69326996e+00
8.52256263e-02	-3.69360288e+00
8.53924084e-02	-3.69393378e+00
8.55591904e-02	-3.69426256e+00
8.57259725e-02	-3.69458916e+00
8.58927545e-02	-3.69491354e+00
8.60595366e-02	-3.69523562e+00
8.62263186e-02	-3.69555538e+00
8.63931007e-02	-3.69587268e+00
8.65598827e-02	-3.69618742e+00
8.67266648e-02	-3.69649948e+00
8.68934468e-02	-3.69680870e+00
8.70602288e-02	-3.69711498e+00
8.72270109e-02	-3.69741820e+00
8.73937929e-02	-3.69771822e+00
8.75605750e-02	-3.69801490e+00
8.77273570e-02	-3.69830816e+00
8.78941391e-02	-3.69859788e+00
8.80609211e-02	-3.69888392e+00
8.82277032e-02	-3.69916620e+00
8.83944852e-02	-3.69944462e+00
8.85612673e-02	-3.69971906e+00
8.87280493e-02	-3.69998938e+00
8.88948314e-02	-3.70025546e+00
8.90616134e-02	-3.70051718e+00
8.92283955e-02	-3.70077446e+00
8.93951775e-02	-3.70102730e+00
8.95619596e-02	-3.70127562e+00
8.97287416e-02	-3.70151946e+00
8.98955237e-02	-3.70175878e+00
9.00623057e-02	-3.70199358e+00
9.02290878e-02	-3.70222384e+00
9.03958698e-02	-3.70244952e+00
9.05626518e-02	-3.70267052e+00
9.07294339e-02	-3.70288680e+00
9.08962159e-02	-3.70309826e+00
9.10629980e-02	-3.70330476e+00
9.12297800e-02	-3.70350618e+00
9.13965621e-02	-3.70370230e+00
9.15633441e-02	-3.70389284e+00
9.17301262e-02	-3.70407756e+00
9.18969082e-02	-3.70425602e+00
9.20636903e-02	-3.70442782e+00
9.22304723e-02	-3.70459244e+00
9.23972544e-02	-3.70474928e+00
9.25640364e-02	-3.70489772e+00
9.27308185e-02	-3.70503712e+00
9.28976005e-02	-3.70516676e+00
9.30643826e-02	-3.70528594e+00
9.32311646e-02	-3.70539392e+00
9.33979467e-02	-3.70549002e+00
9.35647287e-02	-3.70557354e+00
9.37315108e-02	-3.70564382e+00
9.38982928e-02	-3.70570024e+00
9.40650748e-02	-3.70574224e+00
9.42318569e-02	-3.70576940e+00
9.43986389e-02	-3.70578142e+00
9.45654210e-02	-3.70577816e+00
9.47322030e-02	-3.70575970e+00
9.48989851e-02	-3.70572628e+00
9.50657671e-02	-3.70567838e+00
9.52325492e-02	-3.70561668e+00
9.53993312e-02	-3.70554208e+00
9.55661133e-02	-3.70545554e+00
9.57328953e-02	-3.70535816e+00
9.58996774e-02	-3.70525110e+00
9.60664594e-02	-3.70513546e+00
9.62332415e-02	-3.70501230e+00
9.64000235e-02	-3.70488258e+00
9.65668056e-02	-3.70474708e+00
9.67335876e-02	-3.70460642e+00
9.69003697e-02	-3.70446100e+00
9.70671517e-02	-3.70431098e+00
9.72339338e-02	-3.70415626e+00
9.74007158e-02	-3.70399650e+00
9.75674978e-02	-3.70383100e+00
9.77342799e-02	-3.70365884e+00
9.79010619e-02	-3.70347886e+00
9.80678440e-02	-3.70328964e+00
9.82346260e-02	-3.70308968e+00
9.84014081e-02	-3.70287744e+00
9.85681901e-02	-3.70265144e+00
9.87349722e-02	-3.70241036e+00
9.89017542e-02	-3.70215308e+00
9.90685363e-02	-3.70187880e+00
9.92353183e-02	-3.70158704e+00
9.94021004e-02	-3.70127776e+00
9.95688824e-02	-3.70095138e+00
9.97356645e-02	-3.70060868e+00
9.99024465e-02	-3.70025094e+00
1.00069229e-01	-3.69987968e+00
1.00236011e-01	-3.69949668e+00
1.00402793e-01	-3.69910378e+00
1.00569575e-01	-3.69870266e+00
1.00736357e-01	-3.69829470e+00
1.00903139e-01	-3.69788082e+00
1.01069921e-01	-3.69746130e+00
1.01236703e-01	-3.69703578e+00
1.01403485e-01	-3.69660320e+00
1.01570267e-01	-3.69616202e+00
1.01737049e-01	-3.69571032e+00
1.01903831e-01	-3.69524610e+00
1.02070613e-01	-3.69476754e+00
1.02237395e-01	-3.69427332e+00
1.02404177e-01	-3.69376276e+00
1.02570959e-01	-3.69323600e+00
1.02737741e-01	-3.69269392e+00
1.02904523e-01	-3.69213804e+00
1.03071305e-01	-3.69157024e+00
1.03238087e-01	-3.69099242e+00
1.03404870e-01	-3.69040610e+00
1.03571652e-01	-3.68981220e+00
1.03738434e-01	-3.68921084e+00
1.03905216e-01	-3.68860136e+00
1.04071998e-01	-3.68798256e+00
1.04238780e-01	-3.68735290e+00
1.04405562e-01	-3.68671100e+00
1.04572344e-01	-3.68605592e+00
1.04739126e-01	-3.68538746e+00
1.04905908e-01	-3.68470614e+00
1.05072690e-01	-3.68401312e+00
1.05239472e-01	-3.68330996e+00
1.05406254e-01	-3.68259814e+00
1.05573036e-01	-3.68187870e+00
1.05739818e-01	-3.68115208e+00
1.05906600e-01	-3.68041786e+00
1.06073382e-01	-3.67967504e+00
1.06240164e-01	-3.67892226e+00
1.06406946e-01	-3.67815830e+00
1.06573728e-01	-3.67738236e+00
1.06740510e-01	-3.67659426e+00
1.06907293e-01	-3.67579462e+00
1.07074075e-01	-3.67498444e+00
1.07240857e-01	-3.67416490e+00
1.07407639e-01	-3.67333680e+00
1.07574421e-01	-3.67250040e+00
1.07741203e-01	-3.67165520e+00
1.07907985e-01	-3.67080020e+00
1.08074767e-01	-3.66993410e+00
1.08241549e-01	-3.66905576e+00
1.08408331e-01	-3.66816452e+00
1.08575113e-01	-3.66726036e+00
1.08741895e-01	-3.66634374e+00
1.08908677e-01	-3.66541542e+00
1.09075459e-01	-3.66447610e+00
1.09242241e-01	-3.66352612e+00
1.09409023e-01	-3.66256536e+00
1.09575805e-01	-3.66159328e+00
1.09742587e-01	-3.66060914e+00
1.09909369e-01	-3.65961230e+00
1.10076151e-01	-3.65860248e+00
1.10242933e-01	-3.65757986e+00
1.10409716e-01	-3.65654498e+00
1.10576498e-01	-3.65549860e+00
1.10743280e-01	-3.65444136e+00
1.10910062e-01	-3.65337362e+00
1.11076844e-01	-3.65229538e+00
1.11243626e-01	-3.65120636e+00
1.11410408e-01	-3.65010620e+00
1.11577190e-01	-3.64899462e+00
1.11743972e-01	-3.64787164e+00
1.11910754e-01	-3.64673746e+00
1.12077536e-01	-3.64559240e+00
1.12244318e-01	-3.64443672e+00
1.12411100e-01	-3.64327044e+00
1.12577882e-01	-3.64209340e+00
1.12744664e-01	-3.64090532e+00
1.12911446e-01	-3.63970592e+00
1.13078228e-01	-3.63849508e+00
1.13245010e-01	-3.63727290e+00
1.13411792e-01	-3.63603958e+00
1.13578574e-01	-3.63479540e+00
1.13745356e-01	-3.63354060e+00
1.13912139e-01	-3.63227532e+00
1.14078921e-01	-3.63099972e+00
1.14245703e-01	-3.62971394e+00
1.14412485e-01	-3.62841812e+00
1.14579267e-01	-3.62711246e+00
1.14746049e-01	-3.62579704e+00
1.14912831e-01	-3.62447190e+00
1.15079613e-01	-3.62313706e+00
1.15246395e-01	-3.62179244e+00
1.15413177e-01	-3.62043800e+00
1.15579959e-01	-3.61907382e+00
1.15746741e-01	-3.61770000e+00
1.15913523e-01	-3.61631662e+00
1.16080305e-01	-3.61492378e+00
1.16247087e-01	-3.61352148e+00
1.16413869e-01	-3.61210968e+00
1.16580651e-01	-3.61068834e+00
1.16747433e-01	-3.60925750e+00
1.16914215e-01	-3.60781720e+00
1.17080997e-01	-3.60636752e+00
1.17247779e-01	-3.60490846e+00
1.17414562e-01	-3.60343990e+00
1.17581344e-01	-3.60196148e+00
1.17748126e-01	-3.60047276e+00
1.17914908e-01	-3.59897334e+00
1.18081690e-01	-3.59746288e+00
1.18248472e-01	-3.59594124e+00
1.18415254e-01	-3.59440838e+00
1.18582036e-01	-3.59286430e+00
1.18748818e-01	-3.59130890e+00
1.18915600e-01	-3.58974190e+00
1.19082382e-01	-3.58816304e+00
1.19249164e-01	-3.58657202e+00
1.19415946e-01	-3.58496876e+00
1.19582728e-01	-3.58335330e+00
1.19749510e-01	-3.58172584e+00
1.19916292e-01	-3.58008658e+00
1.20083074e-01	-3.57843574e+00
1.20249856e-01	-3.57677358e+00
1.20416638e-01	-3.57510036e+00
1.20583420e-01	-3.57341652e+00
1.20750202e-01	-3.57172256e+00
1.20916985e-01	-3.57001908e+00
1.21083767e-01	-3.56830658e+00
1.21250549e-01	-3.56658554e+00
1.21417331e-01	-3.56485636e+00
1.21584113e-01	-3.56311936e+00
1.21750895e-01	-3.56137490e+00
1.21917677e-01	-3.55962328e+00
1.22084459e-01	-3.55786482e+00
1.22251241e-01	-3.55609978e+00
1.22418023e-01	-3.55432824e+00
1.22584805e-01	-3.55255016e+00
1.22751587e-01	-3.55076534e+00
1.22918369e-01	-3.54897338e+00
1.23085151e-01	-3.54717386e+00
1.23251933e-01	-3.54536636e+00
1.23418715e-01	-3.54355042e+00
1.23585497e-01	-3.54172570e+00
1.23752279e-01	-3.53989178e+00
1.23919061e-01	-3.53804828e+00
1.24085843e-01	-3.53619486e+00
1.24252625e-01	-3.53433120e+00
1.24419408e-01	-3.53245702e+00
1.24586190e-01	-3.53057222e+00
1.24752972e-01	-3.52867674e+00
1.24919754e-01	-3.52677066e+00
1.25086536e-01	-3.52485406e+00
1.25253318e-01	-3.52292720e+00
1.25420100e-01	-3.52099040e+00
1.25586882e-01	-3.51904410e+00
1.25753664e-01	-3.51708884e+00
1.25920446e-01	-3.51512514e+00
1.26087228e-01	-3.51315354e+00
1.26254010e-01	-3.51117444e+00
1.26420792e-01	-3.50918820e+00
1.26587574e-01	-3.50719498e+00
1.26754356e-01	-3.50519478e+00
1.26921138e-01	-3.50318754e+00
1.27087920e-01	-3.50117296e+00
1.27254702e-01	-3.49915070e+00
1.27421484e-01	-3.49712028e+00
1.27588266e-01	-3.49508116e+00
1.27755048e-01	-3.49303264e+00
1.27921831e-01	-3.49097406e+00
1.28088613e-01	-3.48890476e+00
1.28255395e-01	-3.48682420e+00
1.28422177e-01	-3.48473198e+00
1.28588959e-01	-3.48262796e+00
1.28755741e-01	-3.48051220e+00
1.28922523e-01	-3.47838500e+00
1.29089305e-01	-3.47624692e+00
1.29256087e-01	-3.47409860e+00
1.29422869e-01	-3.47194074e+00
1.29589651e-01	-3.46977392e+00
1.29756433e-01	-3.46759856e+00
1.29923215e-01	-3.46541484e+00
1.30089997e-01	-3.46322270e+00
1.30256779e-01	-3.46102182e+00
1.30423561e-01	-3.45881176e+00
1.30590343e-01	-3.45659192e+00
1.30757125e-01	-3.45436166e+00
1.30923907e-01	-3.45212036e+00
1.31090689e-01	-3.44986754e+00
1.31257471e-01	-3.44760286e+00
1.31424254e-01	-3.44532612e+00
1.31591036e-01	-3.44303730e+00
1.31757818e-01	-3.44073646e+00
1.31924600e-01	-3.43842362e+00
1.32091382e-01	-3.43609876e+00
1.32258164e-01	-3.43376160e+00
1.32424946e-01	-3.43141170e+00
1.32591728e-01	-3.42904834e+00
1.32758510e-01	-3.42667068e+00
1.32925292e-01	-3.42427792e+00
1.33092074e-01	-3.42186926e+00
1.33258856e-01	-3.41944428e+00
1.33425638e-01	-3.41700278e+00
1.33592420e-01	-3.41454500e+00
1.33759202e-01	-3.41207154e+00
1.33925984e-01	-3.40958320e+00
1.34092766e-01	-3.40708100e+00
1.34259548e-01	-3.40456592e+00
1.34426330e-01	-3.40203880e+00
1.34593112e-01	-3.39950028e+00
1.34759894e-01	-3.39695072e+00
1.34926677e-01	-3.39439024e+00
1.35093459e-01	-3.39181868e+00
1.35260241e-01	-3.38923568e+00
1.35427023e-01	-3.38664072e+00
1.35593805e-01	-3.38403306e+00
1.35760587e-01	-3.38141180e+00
1.35927369e-01	-3.37877572e+00
1.36094151e-01	-3.37612326e+00
1.36260933e-01	-3.37345266e+00
1.36427715e-01	-3.37076192e+00
1.36594497e-01	-3.36804910e+00
1.36761279e-01	-3.36531250e+00
1.36928061e-01	-3.36255100e+00
1.37094843e-01	-3.35976416e+00
1.37261625e-01	-3.35695250e+00
1.37428407e-01	-3.35411748e+00
1.37595189e-01	-3.35126134e+00
1.37761971e-01	-3.34838700e+00
1.37928753e-01	-3.34549768e+00
1.38095535e-01	-3.34259666e+00
1.38262317e-01	-3.33968698e+00
1.38429100e-01	-3.33677112e+00
1.38595882e-01	-3.33385084e+00
1.38762664e-01	-3.33092696e+00
1.38929446e-01	-3.32799944e+00
1.39096228e-01	-3.32506728e+00
1.39263010e-01	-3.32212864e+00
1.39429792e-01	-3.31918118e+00
1.39596574e-01	-3.31622222e+00
1.39763356e-01	-3.31324928e+00
1.39930138e-01	-3.31026038e+00
1.40096920e-01	-3.30725440e+00
1.40263702e-01	-3.30423136e+00
1.40430484e-01	-3.30119246e+00
1.40597266e-01	-3.29813988e+00
1.40764048e-01	-3.29507654e+00
1.40930830e-01	-3.29200550e+00
1.41097612e-01	-3.28892958e+00
1.41264394e-01	-3.28585084e+00
1.41431176e-01	-3.28277030e+00
1.41597958e-01	-3.27968792e+00
1.41764740e-01	-3.27660264e+00
1.41931523e-01	-3.27351274e+00
1.42098305e-01	-3.27041618e+00
1.42265087e-01	-3.26731118e+00
1.42431869e-01	-3.26419648e+00
1.42598651e-01	-3.26107162e+00
1.42765433e-01	-3.25793704e+00
1.42932215e-01	-3.25479400e+00
1.43098997e-01	-3.25164426e+00
1.43265779e-01	-3.24848980e+00
1.43432561e-01	-3.24533240e+00
1.43599343e-01	-3.24217326e+00
1.43766125e-01	-3.23901284e+00
1.43932907e-01	-3.23585074e+00
1.44099689e-01	-3.23268588e+00
1.44266471e-01	-3.22951678e+00
1.44433253e-01	-3.22634196e+00
1.44600035e-01	-3.22316026e+00
1.44766817e-01	-3.21997116e+00
1.44933599e-01	-3.21677486e+00
1.45100381e-01	-3.21357220e+00
1.45267163e-01	-3.21036434e+00
1.45433946e-01	-3.20715244e+00
1.45600728e-01	-3.20393732e+00
1.45767510e-01	-3.20071918e+00
1.45934292e-01	-3.19749768e+00
1.46101074e-01	-3.19427200e+00
1.46267856e-01	-3.19104108e+00
1.46434638e-01	-3.18780402e+00
1.46601420e-01	-3.18456030e+00
1.46768202e-01	-3.18130988e+00
1.46934984e-01	-3.17805320e+00
1.47101766e-01	-3.17479104e+00
1.47268548e-01	-3.17152428e+00
1.47435330e-01	-3.16825362e+00
1.47602112e-01	-3.16497946e+00
1.47768894e-01	-3.16170180e+00
1.47935676e-01	-3.15842032e+00
1.48102458e-01	-3.15513452e+00
1.48269240e-01	-3.15184394e+00
1.48436022e-01	-3.14854830e+00
1.48602804e-01	-3.14524762e+00
1.48769586e-01	-3.14194222e+00
1.48936369e-01	-3.13863256e+00
1.49103151e-01	-3.13531916e+00
1.49269933e-01	-3.13200240e+00
1.49436715e-01	-3.12868246e+00
1.49603497e-01	-3.12535920e+00
1.49770279e-01	-3.12203234e+00
1.49937061e-01	-3.11870156e+00
1.50103843e-01	-3.11536654e+00
1.50270625e-01	-3.11202720e+00
1.50437407e-01	-3.10868360e+00
1.50604189e-01	-3.10533592e+00
1.50770971e-01	-3.10198444e+00
1.50937753e-01	-3.09862924e+00
1.51104535e-01	-3.09527036e+00
1.51271317e-01	-3.09190758e+00
1.51438099e-01	-3.08854062e+00
1.51604881e-01	-3.08516920e+00
1.51771663e-01	-3.08179310e+00
1.51938445e-01	-3.07841220e+00
1.52105227e-01	-3.07502652e+00
1.52272009e-01	-3.07163614e+00
1.52438792e-01	-3.06824118e+00
1.52605574e-01	-3.06484166e+00
1.52772356e-01	-3.06143752e+00
1.52939138e-01	-3.05802864e+00
1.53105920e-01	-3.05461486e+00
1.53272702e-01	-3.05119598e+00
1.53439484e-01	-3.04777192e+00
1.53606266e-01	-3.04434260e+00
1.53773048e-01	-3.04090802e+00
1.53939830e-01	-3.03746824e+00
1.54106612e-01	-3.03402326e+00
1.54273394e-01	-3.03057304e+00
1.54440176e-01	-3.02711754e+00
1.54606958e-01	-3.02365658e+00
1.54773740e-01	-3.02019000e+00
1.54940522e-01	-3.01671764e+00
1.55107304e-01	-3.01323936e+00
1.55274086e-01	-3.00975512e+00
1.55440868e-01	-3.00626488e+00
1.55607650e-01	-3.00276870e+00
1.55774432e-01	-2.99926664e+00
1.55941215e-01	-2.99575876e+00
1.56107997e-01	-2.99224514e+00
1.56274779e-01	-2.98872580e+00
1.56441561e-01	-2.98520076e+00
1.56608343e-01	-2.98167004e+00
1.56775125e-01	-2.97813362e+00
1.56941907e-01	-2.97459150e+00
1.57108689e-01	-2.97104364e+00
1.57275471e-01	-2.96748998e+00
1.57442253e-01	-2.96393042e+00
1.57609035e-01	-2.96036486e+00
1.57775817e-01	-2.95679312e+00
1.57942599e-01	-2.95321508e+00
1.58109381e-01	-2.94963056e+00
1.58276163e-01	-2.94603942e+00
1.58442945e-01	-2.94244154e+00
1.58609727e-01	-2.93883678e+00
1.58776509e-01	-2.93522508e+00
1.58943291e-01	-2.93160644e+00
1.59110073e-01	-2.92798084e+00
1.59276855e-01	-2.92434830e+00
1.59443638e-01	-2.92070882e+00
1.59610420e-01	-2.91706240e+00
1.59777202e-01	-2.91340902e+00
1.59943984e-01	-2.90974862e+00
1.60110766e-01	-2.90608118e+00
1.60277548e-01	-2.90240670e+00
1.60444330e-01	-2.89872516e+00
1.60611112e-01	-2.89503654e+00
1.60777894e-01	-2.89134084e+00
1.60944676e-01	-2.88763806e+00
1.61111458e-01	-2.88392824e+00
1.61278240e-01	-2.88021142e+00
1.61445022e-01	-2.87648762e+00
1.61611804e-01	-2.87275688e+00
1.61778586e-01	-2.86901926e+00
1.61945368e-01	-2.86527476e+00
1.62112150e-01	-2.86152344e+00
1.62278932e-01	-2.85776534e+00
1.62445714e-01	-2.85400054e+00
1.62612496e-01	-2.85022912e+00
1.62779278e-01	-2.84645110e+00
1.62946061e-01	-2.84266652e+00
1.63112843e-01	-2.83887542e+00
1.63279625e-01	-2.83507782e+00
1.63446407e-01	-2.83127384e+00
1.63613189e-01	-2.82746356e+00
1.63779971e-01	-2.82364718e+00
1.63946753e-01	-2.81982484e+00
1.64113535e-01	-2.81599676e+00
1.64280317e-01	-2.81216316e+00
1.64447099e-01	-2.80832428e+00
1.64613881e-01	-2.80448030e+00
1.64780663e-01	-2.80063146e+00
1.64947445e-01	-2.79677788e+00
1.65114227e-01	-2.79291968e+00
1.65281009e-01	-2.78905698e+00
1.65447791e-01	-2.78518982e+00
1.65614573e-01	-2.78131832e+00
1.65781355e-01	-2.77744256e+00
1.65948137e-01	-2.77356268e+00
1.66114919e-01	-2.76967886e+00
1.66281701e-01	-2.76579122e+00
1.66448484e-01	-2.76189998e+00
1.66615266e-01	-2.75800526e+00
1.66782048e-01	-2.75410728e+00
1.66948830e-01	-2.75020622e+00
1.67115612e-01	-2.74630226e+00
1.67282394e-01	-2.74239566e+00
1.67449176e-01	-2.73848664e+00
1.67615958e-01	-2.73457550e+00
1.67782740e-01	-2.73066250e+00
1.67949522e-01	-2.72674798e+00
1.68116304e-01	-2.72283222e+00
1.68283086e-01	-2.71891552e+00
1.68449868e-01	-2.71499816e+00
1.68616650e-01	-2.71108036e+00
1.68783432e-01	-2.70716240e+00
1.68950214e-01	-2.70324456e+00
1.69116996e-01	-2.69932712e+00
1.69283778e-01	-2.69541048e+00
1.69450560e-01	-2.69149502e+00
1.69617342e-01	-2.68758118e+00
1.69784124e-01	-2.68366938e+00
1.69950907e-01	-2.67976006e+00
1.70117689e-01	-2.67585362e+00
1.70284471e-01	-2.67195038e+00
1.70451253e-01	-2.66805066e+00
1.70618035e-01	-2.66415472e+00
1.70784817e-01	-2.66026286e+00
1.70951599e-01	-2.65637532e+00
1.71118381e-01	-2.65249240e+00
1.71285163e-01	-2.64861436e+00
1.71451945e-01	-2.64474152e+00
1.71618727e-01	-2.64087414e+00
1.71785509e-01	-2.63701246e+00
1.71952291e-01	-2.63315670e+00
1.72119073e-01	-2.62930698e+00
1.72285855e-01	-2.62546346e+00
1.72452637e-01	-2.62162622e+00
1.72619419e-01	-2.61779534e+00
1.72786201e-01	-2.61397090e+00
1.72952983e-01	-2.61015298e+00
1.73119765e-01	-2.60634164e+00
1.73286547e-01	-2.60253694e+00
1.73453330e-01	-2.59873894e+00
1.73620112e-01	-2.59494766e+00
1.73786894e-01	-2.59116316e+00
1.73953676e-01	-2.58738544e+00
1.74120458e-01	-2.58361450e+00
1.74287240e-01	-2.57985034e+00
1.74454022e-01	-2.57609296e+00
1.74620804e-01	-2.57234238e+00
1.74787586e-01	-2.56859858e+00
1.74954368e-01	-2.56486158e+00
1.75121150e-01	-2.56113134e+00
1.75287932e-01	-2.55740786e+00
1.75454714e-01	-2.55369114e+00
1.75621496e-01	-2.54998112e+00
1.75788278e-01	-2.54627782e+00
1.75955060e-01	-2.54258120e+00
1.76121842e-01	-2.53889122e+00
1.76288624e-01	-2.53520780e+00
1.76455406e-01	-2.53153090e+00
1.76622188e-01	-2.52786044e+00
1.76788970e-01	-2.52419636e+00
1.76955753e-01	-2.52053864e+00
1.77122535e-01	-2.51688720e+00
1.77289317e-01	-2.51324204e+00
1.77456099e-01	-2.50960314e+00
1.77622881e-01	-2.50597052e+00
1.77789663e-01	-2.50234410e+00
1.77956445e-01	-2.49872386e+00
1.78123227e-01	-2.49510974e+00
1.78290009e-01	-2.49150166e+00
1.78456791e-01	-2.48789958e+00
1.78623573e-01	-2.48430344e+00
1.78790355e-01	-2.48071320e+00
1.78957137e-01	-2.47712886e+00
1.79123919e-01	-2.47355034e+00
1.79290701e-01	-2.46997760e+00
1.79457483e-01	-2.46641058e+00
1.79624265e-01	-2.46284920e+00
1.79791047e-01	-2.45929338e+00
1.79957829e-01	-2.45574310e+00
1.80124611e-01	-2.45219832e+00
1.80291393e-01	-2.44865904e+00
1.80458176e-01	-2.44512536e+00
1.80624958e-01	-2.44159732e+00
1.80791740e-01	-2.43807508e+00
1.80958522e-01	-2.43455874e+00
1.81125304e-01	-2.43104848e+00
1.81292086e-01	-2.42754452e+00
1.81458868e-01	-2.42404710e+00
1.81625650e-01	-2.42055658e+00
1.81792432e-01	-2.41707332e+00
1.81959214e-01	-2.41359780e+00
1.82125996e-01	-2.41013056e+00
1.82292778e-01	-2.40667214e+00
1.82459560e-01	-2.40322312e+00
1.82626342e-01	-2.39978408e+00
1.82793124e-01	-2.39635564e+00
1.82959906e-01	-2.39293834e+00
1.83126688e-01	-2.38953270e+00
1.83293470e-01	-2.38613926e+00
1.83460252e-01	-2.38275844e+00
1.83627034e-01	-2.37939064e+00
1.83793816e-01	-2.37603618e+00
1.83960599e-01	-2.37269532e+00
1.84127381e-01	-2.36936818e+00
1.84294163e-01	-2.36605484e+00
1.84460945e-01	-2.36275524e+00
1.84627727e-01	-2.35946924e+00
1.84794509e-01	-2.35619668e+00
1.84961291e-01	-2.35293724e+00
1.85128073e-01	-2.34969062e+00
1.85294855e-01	-2.34645638e+00
1.85461637e-01	-2.34323412e+00
1.85628419e-01	-2.34002330e+00
1.85795201e-01	-2.33682340e+00
1.85961983e-01	-2.33363384e+00
1.86128765e-01	-2.33045404e+00
1.86295547e-01	-2.32728344e+00
1.86462329e-01	-2.32412142e+00
1.86629111e-01	-2.32096744e+00
1.86795893e-01	-2.31782092e+00
1.86962675e-01	-2.31468140e+00
1.87129457e-01	-2.31154834e+00
1.87296239e-01	-2.30842132e+00
1.87463022e-01	-2.30529992e+00
1.87629804e-01	-2.30218374e+00
1.87796586e-01	-2.29907246e+00
1.87963368e-01	-2.29596572e+00
1.88130150e-01	-2.29286322e+00
1.88296932e-01	-2.28976472e+00
1.88463714e-01	-2.28666996e+00
1.88630496e-01	-2.28357870e+00
1.88797278e-01	-2.28049076e+00
1.88964060e-01	-2.27740598e+00
1.89130842e-01	-2.27432420e+00
1.89297624e-01	-2.27124528e+00
1.89464406e-01	-2.26816910e+00
1.89631188e-01	-2.26509554e+00
1.89797970e-01	-2.26202446e+00
1.89964752e-01	-2.25895572e+00
1.90131534e-01	-2.25588916e+00
1.90298316e-01	-2.25282462e+00
1.90465098e-01	-2.24976192e+00
1.90631880e-01	-2.24670084e+00
1.90798662e-01	-2.24364116e+00
1.90965445e-01	-2.24058270e+00
1.91132227e-01	-2.23752520e+00
1.91299009e-01	-2.23446848e+00
1.91465791e-01	-2.23141230e+00
1.91632573e-01	-2.22835648e+00
1.91799355e-01	-2.22530080e+00
1.91966137e-01	-2.22224508e+00
1.92132919e-01	-2.21918916e+00
1.92299701e-01	-2.21613288e+00
1.92466483e-01	-2.21307606e+00
1.92633265e-01	-2.21001856e+00
1.92800047e-01	-2.20696020e+00
1.92966829e-01	-2.20390086e+00
1.93133611e-01	-2.20084036e+00
1.93300393e-01	-2.19777852e+00
1.93467175e-01	-2.19471518e+00
1.93633957e-01	-2.19165014e+00
1.93800739e-01	-2.18858320e+00
1.93967521e-01	-2.18551416e+00
1.94134303e-01	-2.18244284e+00
1.94301085e-01	-2.17936902e+00
1.94467868e-01	-2.17629254e+00
1.94634650e-01	-2.17321324e+00
1.94801432e-01	-2.17013102e+00
1.94968214e-01	-2.16704574e+00
1.95134996e-01	-2.16395734e+00
1.95301778e-01	-2.16086574e+00
1.95468560e-01	-2.15777088e+00
1.95635342e-01	-2.15467268e+00
1.95802124e-01	-2.15157108e+00
1.95968906e-01	-2.14846600e+00
1.96135688e-01	-2.14535734e+00
1.96302470e-01	-2.14224502e+00
1.96469252e-01	-2.13912894e+00
1.96636034e-01	-2.13600898e+00
1.96802816e-01	-2.13288510e+00
1.96969598e-01	-2.12975718e+00
1.97136380e-01	-2.12662516e+00
1.97303162e-01	-2.12348894e+00
1.97469944e-01	-2.12034848e+00
1.97636726e-01	-2.11720370e+00
1.97803508e-01	-2.11405454e+00
1.97970291e-01	-2.11090094e+00
1.98137073e-01	-2.10774284e+00
1.98303855e-01	-2.10458020e+00
1.98470637e-01	-2.10141298e+00
1.98637419e-01	-2.09824114e+00
1.98804201e-01	-2.09506468e+00
1.98970983e-01	-2.09188360e+00
1.99137765e-01	-2.08869792e+00
1.99304547e-01	-2.08550764e+00
1.99471329e-01	-2.08231278e+00
1.99638111e-01	-2.07911336e+00
1.99804893e-01	-2.07590938e+00
1.99971675e-01	-2.07270086e+00
2.00138457e-01	-2.06948778e+00
2.00305239e-01	-2.06627014e+00
2.00472021e-01	-2.06304796e+00
2.00638803e-01	-2.05982120e+00
2.00805585e-01	-2.05658990e+00
2.00972367e-01	-2.05335406e+00
2.01139149e-01	-2.05011370e+00
2.01305931e-01	-2.04686884e+00
2.01472713e-01	-2.04361952e+00
2.01639496e-01	-2.04036580e+00
2.01806278e-01	-2.03710770e+00
2.01973060e-01	-2.03384526e+00
2.02139842e-01	-2.03057852e+00
2.02306624e-01	-2.02730750e+00
2.02473406e-01	-2.02403222e+00
2.02640188e-01	-2.02075268e+00
2.02806970e-01	-2.01746894e+00
2.02973752e-01	-2.01418096e+00
2.03140534e-01	-2.01088878e+00
2.03307316e-01	-2.00759240e+00
2.03474098e-01	-2.00429190e+00
2.03640880e-01	-2.00098726e+00
2.03807662e-01	-1.99767853e+00
2.03974444e-01	-1.99436574e+00
2.04141226e-01	-1.99104892e+00
2.04308008e-01	-1.98772806e+00
2.04474790e-01	-1.98440318e+00
2.04641572e-01	-1.98107425e+00
2.04808354e-01	-1.97774124e+00
2.04975136e-01	-1.97440410e+00
2.05141919e-01	-1.97106277e+00
2.05308701e-01	-1.96771716e+00
2.05475483e-01	-1.96436720e+00
2.05642265e-01	-1.96101277e+00
2.05809047e-01	-1.95765375e+00
2.05975829e-01	-1.95429004e+00
2.06142611e-01	-1.95092149e+00
2.06309393e-01	-1.94754799e+00
2.06476175e-01	-1.94416940e+00
2.06642957e-01	-1.94078556e+00
2.06809739e-01	-1.93739631e+00
2.06976521e-01	-1.93400149e+00
2.07143303e-01	-1.93060095e+00
2.07310085e-01	-1.92719457e+00
2.07476867e-01	-1.92378223e+00
2.07643649e-01	-1.92036389e+00
2.07810431e-01	-1.91693953e+00
2.07977213e-01	-1.91350918e+00
2.08143995e-01	-1.91007294e+00
2.08310777e-01	-1.90663092e+00
2.08477559e-01	-1.90318327e+00
2.08644342e-01	-1.89973020e+00
2.08811124e-01	-1.89627193e+00
2.08977906e-01	-1.89280868e+00
2.09144688e-01	-1.88934072e+00
2.09311470e-01	-1.88586830e+00
2.09478252e-01	-1.88239169e+00
2.09645034e-01	-1.87891112e+00
2.09811816e-01	-1.87542681e+00
2.09978598e-01	-1.87193893e+00
2.10145380e-01	-1.86844760e+00
2.10312162e-01	-1.86495291e+00
2.10478944e-01	-1.86145482e+00
2.10645726e-01	-1.85795325e+00
2.10812508e-01	-1.85444804e+00
2.10979290e-01	-1.85093897e+00
2.11146072e-01	-1.84742577e+00
2.11312854e-01	-1.84390817e+00
2.11479636e-01	-1.84038586e+00
2.11646418e-01	-1.83685860e+00
2.11813200e-01	-1.83332618e+00
2.11979982e-01	-1.82978847e+00
2.12146765e-01	-1.82624544e+00
2.12313547e-01	-1.82269716e+00
2.12480329e-01	-1.81914380e+00
2.12647111e-01	-1.81558564e+00
2.12813893e-01	-1.81202301e+00
2.12980675e-01	-1.80845635e+00
2.13147457e-01	-1.80488611e+00
2.13314239e-01	-1.80131273e+00
2.13481021e-01	-1.79773663e+00
2.13647803e-01	-1.79415815e+00
2.13814585e-01	-1.79057752e+00
2.13981367e-01	-1.78699484e+00
2.14148149e-01	-1.78341006e+00
2.14314931e-01	-1.77982297e+00
2.14481713e-01	-1.77623323e+00
2.14648495e-01	-1.77264040e+00
2.14815277e-01	-1.76904393e+00
2.14982059e-01	-1.76544328e+00
2.15148841e-01	-1.76183790e+00
2.15315623e-01	-1.75822730e+00
2.15482405e-01	-1.75461113e+00
2.15649188e-01	-1.75098916e+00
2.15815970e-01	-1.74736136e+00
2.15982752e-01	-1.74372787e+00
2.16149534e-01	-1.74008900e+00
2.16316316e-01	-1.73644523e+00
2.16483098e-01	-1.73279711e+00
2.16649880e-01	-1.72914525e+00
2.16816662e-01	-1.72549022e+00
2.16983444e-01	-1.72183253e+00
2.17150226e-01	-1.71817253e+00
2.17317008e-01	-1.71451040e+00
2.17483790e-01	-1.71084613e+00
2.17650572e-01	-1.70717954e+00
2.17817354e-01	-1.70351031e+00
2.17984136e-01	-1.69983804e+00
2.18150918e-01	-1.69616231e+00
2.18317700e-01	-1.69248274e+00
2.18484482e-01	-1.68879905e+00
2.18651264e-01	-1.68511113e+00
2.18818046e-01	-1.68141900e+00
2.18984828e-01	-1.67772285e+00
2.19151611e-01	-1.67402298e+00
2.19318393e-01	-1.67031978e+00
2.19485175e-01	-1.66661365e+00
2.19651957e-01	-1.66290496e+00
2.19818739e-01	-1.65919399e+00
2.19985521e-01	-1.65548087e+00
2.20152303e-01	-1.65176565e+00
2.20319085e-01	-1.64804820e+00
2.20485867e-01	-1.64432833e+00
2.20652649e-01	-1.64060581e+00
2.20819431e-01	-1.63688041e+00
2.20986213e-01	-1.63315195e+00
2.21152995e-01	-1.62942034e+00
2.21319777e-01	-1.62568559e+00
2.21486559e-01	-1.62194781e+00
2.21653341e-01	-1.61820717e+00
2.21820123e-01	-1.61446383e+00
2.21986905e-01	-1.61071793e+00
2.22153687e-01	-1.60696953e+00
2.22320469e-01	-1.60321856e+00
2.22487251e-01	-1.59946489e+00
2.22654034e-01	-1.59570829e+00
2.22820816e-01	-1.59194848e+00
2.22987598e-01	-1.58818520e+00
2.23154380e-01	-1.58441823e+00
2.23321162e-01	-1.58064744e+00
2.23487944e-01	-1.57687276e+00
2.23654726e-01	-1.57309422e+00
2.23821508e-01	-1.56931192e+00
2.23988290e-01	-1.56552596e+00
2.24155072e-01	-1.56173642e+00
2.24321854e-01	-1.55794335e+00
2.24488636e-01	-1.55414672e+00
2.24655418e-01	-1.55034645e+00
2.24822200e-01	-1.54654237e+00
2.24988982e-01	-1.54273433e+00
2.25155764e-01	-1.53892214e+00
2.25322546e-01	-1.53510569e+00
2.25489328e-01	-1.53128488e+00
2.25656110e-01	-1.52745969e+00
2.25822892e-01	-1.52363013e+00
2.25989674e-01	-1.51979621e+00
2.26156457e-01	-1.51595792e+00
2.26323239e-01	-1.51211521e+00
2.26490021e-01	-1.50826797e+00
2.26656803e-01	-1.50441607e+00
2.26823585e-01	-1.50055935e+00
2.26990367e-01	-1.49669766e+00
2.27157149e-01	-1.49283092e+00
2.27323931e-01	-1.48895910e+00
2.27490713e-01	-1.48508228e+00
2.27657495e-01	-1.48120058e+00
2.27824277e-01	-1.47731413e+00
2.27991059e-01	-1.47342307e+00
2.28157841e-01	-1.46952750e+00
2.28324623e-01	-1.46562742e+00
2.28491405e-01	-1.46172279e+00
2.28658187e-01	-1.45781351e+00
2.28824969e-01	-1.45389946e+00
2.28991751e-01	-1.44998051e+00
2.29158533e-01	-1.44605660e+00
2.29325315e-01	-1.44212773e+00
2.29492097e-01	-1.43819395e+00
2.29658880e-01	-1.43425532e+00
2.29825662e-01	-1.43031192e+00
2.29992444e-01	-1.42636377e+00
2.30159226e-01	-1.42241083e+00
2.30326008e-01	-1.41845296e+00
2.30492790e-01	-1.41449001e+00
2.30659572e-01	-1.41052178e+00
2.30826354e-01	-1.40654811e+00
2.30993136e-01	-1.40256889e+00
2.31159918e-01	-1.39858410e+00
2.31326700e-01	-1.39459378e+00
2.31493482e-01	-1.39059804e+00
2.31660264e-01	-1.38659696e+00
2.31827046e-01	-1.38259060e+00
2.31993828e-01	-1.37857896e+00
2.32160610e-01	-1.37456194e+00
2.32327392e-01	-1.37053943e+00
2.32494174e-01	-1.36651127e+00
2.32660956e-01	-1.36247730e+00
2.32827738e-01	-1.35843741e+00
2.32994520e-01	-1.35439151e+00
2.33161303e-01	-1.35033953e+00
2.33328085e-01	-1.34628141e+00
2.33494867e-01	-1.34221703e+00
2.33661649e-01	-1.33814625e+00
2.33828431e-01	-1.33406888e+00
2.33995213e-01	-1.32998473e+00
2.34161995e-01	-1.32589362e+00
2.34328777e-01	-1.32179543e+00
2.34495559e-01	-1.31769012e+00
2.34662341e-01	-1.31357769e+00
2.34829123e-01	-1.30945818e+00
2.34995905e-01	-1.30533166e+00
2.35162687e-01	-1.30119813e+00
2.35329469e-01	-1.29705758e+00
2.35496251e-01	-1.29290994e+00
2.35663033e-01	-1.28875513e+00
2.35829815e-01	-1.28459309e+00
2.35996597e-01	-1.28042380e+00
2.36163379e-01	-1.27624736e+00
2.36330161e-01	-1.27206389e+00
2.36496943e-01	-1.26787358e+00
2.36663726e-01	-1.26367666e+00
2.36830508e-01	-1.25947334e+00
2.36997290e-01	-1.25526379e+00
2.37164072e-01	-1.25104817e+00
2.37330854e-01	-1.24682664e+00
2.37497636e-01	-1.24259937e+00
2.37664418e-01	-1.23836655e+00
2.37831200e-01	-1.23412844e+00
2.37997982e-01	-1.22988533e+00
2.38164764e-01	-1.22563752e+00
2.38331546e-01	-1.22138529e+00
2.38498328e-01	-1.21712889e+00
2.38665110e-01	-1.21286853e+00
2.38831892e-01	-1.20860440e+00
2.38998674e-01	-1.20433666e+00
2.39165456e-01	-1.20006547e+00
2.39332238e-01	-1.19579104e+00
2.39499020e-01	-1.19151356e+00
2.39665802e-01	-1.18723325e+00
2.39832584e-01	-1.18295031e+00
2.39999366e-01	-1.17866488e+00
2.40166149e-01	-1.17437704e+00
2.40332931e-01	-1.17008685e+00
2.40499713e-01	-1.16579433e+00
2.40666495e-01	-1.16149949e+00
2.40833277e-01	-1.15720237e+00
2.41000059e-01	-1.15290304e+00
2.41166841e-01	-1.14860161e+00
2.41333623e-01	-1.14429818e+00
2.41500405e-01	-1.13999284e+00
2.41667187e-01	-1.13568564e+00
2.41833969e-01	-1.13137660e+00
2.42000751e-01	-1.12706569e+00
2.42167533e-01	-1.12275292e+00
2.42334315e-01	-1.11843827e+00
2.42501097e-01	-1.11412177e+00
2.42667879e-01	-1.10980350e+00
2.42834661e-01	-1.10548355e+00
2.43001443e-01	-1.10116199e+00
2.43168225e-01	-1.09683891e+00
2.43335007e-01	-1.09251435e+00
2.43501789e-01	-1.08818832e+00
2.43668572e-01	-1.08386085e+00
2.43835354e-01	-1.07953195e+00
2.44002136e-01	-1.07520165e+00
2.44168918e-01	-1.07086999e+00
2.44335700e-01	-1.06653704e+00
2.44502482e-01	-1.06220282e+00
2.44669264e-01	-1.05786736e+00
2.44836046e-01	-1.05353066e+00
2.45002828e-01	-1.04919268e+00
2.45169610e-01	-1.04485342e+00
2.45336392e-01	-1.04051287e+00
2.45503174e-01	-1.03617103e+00
2.45669956e-01	-1.03182796e+00
2.45836738e-01	-1.02748370e+00
2.46003520e-01	-1.02313830e+00
2.46170302e-01	-1.01879178e+00
2.46337084e-01	-1.01444417e+00
2.46503866e-01	-1.01009548e+00
2.46670648e-01	-1.00574571e+00
2.46837430e-01	-1.00139488e+00
2.47004212e-01	-9.97043042e-01
2.47170995e-01	-9.92690236e-01
2.47337777e-01	-9.88336528e-01
2.47504559e-01	-9.83981980e-01
2.47671341e-01	-9.79626648e-01
2.47838123e-01	-9.75270582e-01
2.48004905e-01	-9.70913838e-01
2.48171687e-01	-9.66556476e-01
2.48338469e-01	-9.62198562e-01
2.48505251e-01	-9.57840174e-01
2.48672033e-01	-9.53481384e-01
2.48838815e-01	-9.49122270e-01
2.49005597e-01	-9.44762896e-01
2.49172379e-01	-9.40403320e-01
2.49339161e-01	-9.36043600e-01
2.49505943e-01	-9.31683794e-01
2.49672725e-01	-9.27323968e-01
2.49839507e-01	-9.22964192e-01
2.50006289e-01	-9.18604530e-01
2.50173071e-01	-9.14245034e-01
2.50339853e-01	-9.09885750e-01
2.50506635e-01	-9.05526706e-01
2.50673418e-01	-9.01167926e-01
2.50840200e-01	-8.96809430e-01
2.51006982e-01	-8.92451236e-01
2.51173764e-01	-8.88093372e-01
2.51340546e-01	-8.83735852e-01
2.51507328e-01	-8.79378682e-01
2.51674110e-01	-8.75021858e-01
2.51840892e-01	-8.70665350e-01
2.52007674e-01	-8.66309124e-01
2.52174456e-01	-8.61953138e-01
2.52341238e-01	-8.57597354e-01
2.52508020e-01	-8.53241734e-01
2.52674802e-01	-8.48886244e-01
2.52841584e-01	-8.44530854e-01
2.53008366e-01	-8.40175520e-01
2.53175148e-01	-8.35820198e-01
2.53341930e-01	-8.31464842e-01
2.53508712e-01	-8.27109396e-01
2.53675494e-01	-8.22753804e-01
2.53842276e-01	-8.18398014e-01
2.54009058e-01	-8.14041964e-01
2.54175841e-01	-8.09685596e-01
2.54342623e-01	-8.05328842e-01
2.54509405e-01	-8.00971632e-01
2.54676187e-01	-7.96613900e-01
2.54842969e-01	-7.92255574e-01
2.55009751e-01	-7.87896588e-01
2.55176533e-01	-7.83536876e-01
2.55343315e-01	-7.79176368e-01
2.55510097e-01	-7.74814990e-01
2.55676879e-01	-7.70452656e-01
2.55843661e-01	-7.66089272e-01
2.56010443e-01	-7.61724736e-01
2.56177225e-01	-7.57358934e-01
2.56344007e-01	-7.52991748e-01
2.56510789e-01	-7.48623048e-01
2.56677571e-01	-7.44252694e-01
2.56844353e-01	-7.39880536e-01
2.57011135e-01	-7.35506420e-01
2.57177917e-01	-7.31130186e-01
2.57344699e-01	-7.26751684e-01
2.57511481e-01	-7.22370778e-01
2.57678264e-01	-7.17987362e-01
2.57845046e-01	-7.13601364e-01
2.58011828e-01	-7.09212758e-01
2.58178610e-01	-7.04821572e-01
2.58345392e-01	-7.00427890e-01
2.58512174e-01	-6.96031856e-01
2.58678956e-01	-6.91633682e-01
2.58845738e-01	-6.87233644e-01
2.59012520e-01	-6.82832090e-01
2.59179302e-01	-6.78429432e-01
2.59346084e-01	-6.74026150e-01
2.59512866e-01	-6.69622774e-01
2.59679648e-01	-6.65219886e-01
2.59846430e-01	-6.60818094e-01
2.60013212e-01	-6.56418028e-01
2.60179994e-01	-6.52020302e-01
2.60346776e-01	-6.47625502e-01
2.60513558e-01	-6.43234158e-01
2.60680340e-01	-6.38846708e-01
2.60847122e-01	-6.34463474e-01
2.61013904e-01	-6.30084638e-01
2.61180687e-01	-6.25710236e-01
2.61347469e-01	-6.21340140e-01
2.61514251e-01	-6.16974066e-01
2.61681033e-01	-6.12611582e-01
2.61847815e-01	-6.08252134e-01
2.62014597e-01	-6.03895080e-01
2.62181379e-01	-5.99539714e-01
2.62348161e-01	-5.95185324e-01
2.62514943e-01	-5.90831232e-01
2.62681725e-01	-5.86476838e-01
2.62848507e-01	-5.82121668e-01
2.63015289e-01	-5.77765396e-01
2.63182071e-01	-5.73407872e-01
2.63348853e-01	-5.69049140e-01
2.63515635e-01	-5.64689414e-01
2.63682417e-01	-5.60329076e-01
2.63849199e-01	-5.55968642e-01
2.64015981e-01	-5.51608714e-01
2.64182763e-01	-5.47249944e-01
2.64349545e-01	-5.42892976e-01
2.64516327e-01	-5.38538398e-01
2.64683110e-01	-5.34186700e-01
2.64849892e-01	-5.29838238e-01
2.65016674e-01	-5.25493202e-01
2.65183456e-01	-5.21151612e-01
2.65350238e-01	-5.16813320e-01
2.65517020e-01	-5.12478030e-01
2.65683802e-01	-5.08145336e-01
2.65850584e-01	-5.03814756e-01
2.66017366e-01	-4.99485806e-01
2.66184148e-01	-4.95158032e-01
2.66350930e-01	-4.90831084e-01
2.66517712e-01	-4.86504736e-01
2.66684494e-01	-4.82178928e-01
2.66851276e-01	-4.77853760e-01
2.67018058e-01	-4.73529492e-01
2.67184840e-01	-4.69206498e-01
2.67351622e-01	-4.64885234e-01
2.67518404e-01	-4.60566174e-01
2.67685186e-01	-4.56249752e-01
2.67851968e-01	-4.51936318e-01
2.68018750e-01	-4.47626098e-01
2.68185533e-01	-4.43319178e-01
2.68352315e-01	-4.39015508e-01
2.68519097e-01	-4.34714924e-01
2.68685879e-01	-4.30417188e-01
2.68852661e-01	-4.26122040e-01
2.69019443e-01	-4.21829242e-01
2.69186225e-01	-4.17538624e-01
2.69353007e-01	-4.13250112e-01
2.69519789e-01	-4.08963750e-01
2.69686571e-01	-4.04679696e-01
2.69853353e-01	-4.00398196e-01
2.70020135e-01	-3.96119560e-01
2.70186917e-01	-3.91844112e-01
2.70353699e-01	-3.87572144e-01
2.70520481e-01	-3.83303886e-01
2.70687263e-01	-3.79039470e-01
2.70854045e-01	-3.74778932e-01
2.71020827e-01	-3.70522212e-01
2.71187609e-01	-3.66269180e-01
2.71354391e-01	-3.62019678e-01
2.71521173e-01	-3.57773556e-01
2.71687956e-01	-3.53530708e-01
2.71854738e-01	-3.49291102e-01
2.72021520e-01	-3.45054792e-01
2.72188302e-01	-3.40821916e-01
2.72355084e-01	-3.36592672e-01
2.72521866e-01	-3.32367282e-01
2.72688648e-01	-3.28145960e-01
2.72855430e-01	-3.23928872e-01
2.73022212e-01	-3.19716114e-01
2.73188994e-01	-3.15507704e-01
2.73355776e-01	-3.11303584e-01
2.73522558e-01	-3.07103654e-01
2.73689340e-01	-3.02907800e-01
2.73856122e-01	-2.98715918e-01
2.74022904e-01	-2.94527964e-01
2.74189686e-01	-2.90343958e-01
2.74356468e-01	-2.86163996e-01
2.74523250e-01	-2.81988248e-01
2.74690032e-01	-2.77816920e-01
2.74856814e-01	-2.73650232e-01
2.75023596e-01	-2.69488388e-01
2.75190379e-01	-2.65331544e-01
2.75357161e-01	-2.61179802e-01
2.75523943e-01	-2.57033202e-01
2.75690725e-01	-2.52891748e-01
2.75857507e-01	-2.48755422e-01
2.76024289e-01	-2.44624220e-01
2.76191071e-01	-2.40498178e-01
2.76357853e-01	-2.36377392e-01
2.76524635e-01	-2.32262018e-01
2.76691417e-01	-2.28152266e-01
2.76858199e-01	-2.24048382e-01
2.77024981e-01	-2.19950606e-01
2.77191763e-01	-2.15859164e-01
2.77358545e-01	-2.11774226e-01
2.77525327e-01	-2.07695900e-01
2.77692109e-01	-2.03624232e-01
2.77858891e-01	-1.99559217e-01
2.78025673e-01	-1.95500812e-01
2.78192455e-01	-1.91448966e-01
2.78359237e-01	-1.87403631e-01
2.78526019e-01	-1.83364777e-01
2.78692802e-01	-1.79332387e-01
2.78859584e-01	-1.75306458e-01
2.79026366e-01	-1.71286980e-01
2.79193148e-01	-1.67273922e-01
2.79359930e-01	-1.63267222e-01
2.79526712e-01	-1.59266781e-01
2.79693494e-01	-1.55272469e-01
2.79860276e-01	-1.51284141e-01
2.80027058e-01	-1.47301650e-01
2.80193840e-01	-1.43324874e-01
2.80360622e-01	-1.39353734e-01
2.80527404e-01	-1.35388200e-01
2.80694186e-01	-1.31428300e-01
2.80860968e-01	-1.27474100e-01
2.81027750e-01	-1.23525696e-01
2.81194532e-01	-1.19583185e-01
2.81361314e-01	-1.15646646e-01
2.81528096e-01	-1.11716125e-01
2.81694878e-01	-1.07791624e-01
2.81861660e-01	-1.03873103e-01
2.82028442e-01	-9.99604792e-02
2.82195225e-01	-9.60536430e-02
2.82362007e-01	-9.21524604e-02
2.82528789e-01	-8.82567820e-02
2.82695571e-01	-8.43664364e-02
2.82862353e-01	-8.04812268e-02
2.83029135e-01	-7.66009218e-02
2.83195917e-01	-7.27252498e-02
2.83362699e-01	-6.88538956e-02
2.83529481e-01	-6.49865018e-02
2.83696263e-01	-6.11226766e-02
2.83863045e-01	-5.72620034e-02
2.84029827e-01	-5.34040572e-02
2.84196609e-01	-4.95484148e-02
2.84363391e-01	-4.56946668e-02
2.84530173e-01	-4.18424240e-02
2.84696955e-01	-3.79913194e-02
2.84863737e-01	-3.41410112e-02
2.85030519e-01	-3.02911764e-02
2.85197301e-01	-2.64415082e-02
2.85364083e-01	-2.25917136e-02
2.85530865e-01	-1.87415206e-02
2.85697648e-01	-1.48906777e-02
2.85864430e-01	-1.10389673e-02
2.86031212e-01	-7.18621630e-03
2.86197994e-01	-3.33230866e-03
2.86364776e-01	5.22799780e-04
2.86531558e-01	4.37907340e-03
2.86698340e-01	8.23638546e-03
2.86865122e-01	1.20945144e-02
2.87031904e-01	1.59531434e-02
2.87198686e-01	1.98118691e-02
2.87365468e-01	2.36702062e-02
2.87532250e-01	2.75276006e-02
2.87699032e-01	3.13834406e-02
2.87865814e-01	3.52370656e-02
2.88032596e-01	3.90877776e-02
2.88199378e-01	4.29348466e-02
2.88366160e-01	4.67775210e-02
2.88532942e-01	5.06150382e-02
2.88699724e-01	5.44466392e-02
2.88866506e-01	5.82715822e-02
2.89033288e-01	6.20891618e-02
2.89200071e-01	6.58987216e-02
2.89366853e-01	6.96996614e-02
2.89533635e-01	7.34914456e-02
2.89700417e-01	7.72736006e-02
2.89867199e-01	8.10457162e-02
2.90033981e-01	8.48074428e-02
2.90200763e-01	8.85584932e-02
2.90367545e-01	9.22986446e-02
2.90534327e-01	9.60277470e-02
2.90701109e-01	9.97457244e-02
2.90867891e-01	1.03452576e-01
2.91034673e-01	1.07148374e-01
2.91201455e-01	1.10833250e-01
2.91368237e-01	1.14507384e-01
2.91535019e-01	1.18170981e-01
2.91701801e-01	1.21824261e-01
2.91868583e-01	1.25467439e-01
2.92035365e-01	1.29100720e-01
2.92202147e-01	1.32724302e-01
2.92368929e-01	1.36338377e-01
2.92535711e-01	1.39943136e-01
2.92702494e-01	1.43538767e-01
2.92869276e-01	1.47125455e-01
2.93036058e-01	1.50703375e-01
2.93202840e-01	1.54272685e-01
2.93369622e-01	1.57833527e-01
2.93536404e-01	1.61386029e-01
2.93703186e-01	1.64930317e-01
2.93869968e-01	1.68466533e-01
2.94036750e-01	1.71994845e-01
2.94203532e-01	1.75515453e-01
2.94370314e-01	1.79028591e-01
2.94537096e-01	1.82534518e-01
2.94703878e-01	1.86033495e-01
2.94870660e-01	1.89525783e-01
2.95037442e-01	1.93011622e-01
2.95204224e-01	1.96491241e-01
2.95371006e-01	1.99964852e-01
2.95537788e-01	2.03432668e-01
2.95704570e-01	2.06894906e-01
2.95871352e-01	2.10351794e-01
2.96038134e-01	2.13803564e-01
2.96204917e-01	2.17250450e-01
2.96371699e-01	2.20692676e-01
2.96538481e-01	2.24130448e-01
2.96705263e-01	2.27563950e-01
2.96872045e-01	2.30993348e-01
2.97038827e-01	2.34418798e-01
2.97205609e-01	2.37840446e-01
2.97372391e-01	2.41258434e-01
2.97539173e-01	2.44672904e-01
2.97705955e-01	2.48083984e-01
2.97872737e-01	2.51491784e-01
2.98039519e-01	2.54896394e-01
2.98206301e-01	2.58297890e-01
2.98373083e-01	2.61696328e-01
2.98539865e-01	2.65091762e-01
2.98706647e-01	2.68484248e-01
2.98873429e-01	2.71873850e-01
2.99040211e-01	2.75260636e-01
2.99206993e-01	2.78644670e-01
2.99373775e-01	2.82026002e-01
2.99540557e-01	2.85404674e-01
2.99707340e-01	2.88780702e-01
2.99874122e-01	2.92154098e-01
3.00040904e-01	2.95524872e-01
3.00207686e-01	2.98893048e-01
3.00374468e-01	3.02258672e-01
3.00541250e-01	3.05621812e-01
3.00708032e-01	3.08982546e-01
3.00874814e-01	3.12340964e-01
3.01041596e-01	3.15697148e-01
3.01208378e-01	3.19051160e-01
3.01375160e-01	3.22403050e-01
3.01541942e-01	3.25752854e-01
3.01708724e-01	3.29100604e-01
3.01875506e-01	3.32446336e-01
3.02042288e-01	3.35790100e-01
3.02209070e-01	3.39131964e-01
3.02375852e-01	3.42472004e-01
3.02542634e-01	3.45810314e-01
3.02709416e-01	3.49146998e-01
3.02876198e-01	3.52482164e-01
3.03042980e-01	3.55815940e-01
3.03209763e-01	3.59148454e-01
3.03376545e-01	3.62479846e-01
3.03543327e-01	3.65810258e-01
3.03710109e-01	3.69139826e-01
3.03876891e-01	3.72468682e-01
3.04043673e-01	3.75796942e-01
3.04210455e-01	3.79124712e-01
3.04377237e-01	3.82452088e-01
3.04544019e-01	3.85779162e-01
3.04710801e-01	3.89106030e-01
3.04877583e-01	3.92432792e-01
3.05044365e-01	3.95759558e-01
3.05211147e-01	3.99086434e-01
3.05377929e-01	4.02413528e-01
3.05544711e-01	4.05740946e-01
3.05711493e-01	4.09068784e-01
3.05878275e-01	4.12397134e-01
3.06045057e-01	4.15726086e-01
3.06211839e-01	4.19055712e-01
3.06378621e-01	4.22386078e-01
3.06545403e-01	4.25717228e-01
3.06712186e-01	4.29049190e-01
3.06878968e-01	4.32381962e-01
3.07045750e-01	4.35715522e-01
3.07212532e-01	4.39049826e-01
3.07379314e-01	4.42384814e-01
3.07546096e-01	4.45720416e-01
3.07712878e-01	4.49056552e-01
3.07879660e-01	4.52393146e-01
3.08046442e-01	4.55730108e-01
3.08213224e-01	4.59067344e-01
3.08380006e-01	4.62404752e-01
3.08546788e-01	4.65742214e-01
3.08713570e-01	4.69079618e-01
3.08880352e-01	4.72416830e-01
3.09047134e-01	4.75753714e-01
3.09213916e-01	4.79090126e-01
3.09380698e-01	4.82425920e-01
3.09547480e-01	4.85760944e-01
3.09714262e-01	4.89095044e-01
3.09881044e-01	4.92428074e-01
3.10047826e-01	4.95759894e-01
3.10214609e-01	4.99090380e-01
3.10381391e-01	5.02419424e-01
3.10548173e-01	5.05746936e-01
3.10714955e-01	5.09072848e-01
3.10881737e-01	5.12397098e-01
3.11048519e-01	5.15719642e-01
3.11215301e-01	5.19040438e-01
3.11382083e-01	5.22359440e-01
3.11548865e-01	5.25676610e-01
3.11715647e-01	5.28991904e-01
3.11882429e-01	5.32305270e-01
3.12049211e-01	5.35616654e-01
3.12215993e-01	5.38925992e-01
3.12382775e-01	5.42233210e-01
3.12549557e-01	5.45538222e-01
3.12716339e-01	5.48840932e-01
3.12883121e-01	5.52141240e-01
3.13049903e-01	5.55439044e-01
3.13216685e-01	5.58734258e-01
3.13383467e-01	5.62026802e-01
3.13550249e-01	5.65316626e-01
3.13717032e-01	5.68603694e-01
3.13883814e-01	5.71887996e-01
3.14050596e-01	5.75169542e-01
3.14217378e-01	5.78448356e-01
3.14384160e-01	5.81724480e-01
3.14550942e-01	5.84997956e-01
3.14717724e-01	5.88268826e-01
3.14884506e-01	5.91537132e-01
3.15051288e-01	5.94802912e-01
3.15218070e-01	5.98066200e-01
3.15384852e-01	6.01327024e-01
3.15551634e-01	6.04585410e-01
3.15718416e-01	6.07841382e-01
3.15885198e-01	6.11094962e-01
3.16051980e-01	6.14346176e-01
3.16218762e-01	6.17595042e-01
3.16385544e-01	6.20841572e-01
3.16552326e-01	6.24085774e-01
3.16719108e-01	6.27327644e-01
3.16885890e-01	6.30567164e-01
3.17052672e-01	6.33804316e-01
3.17219455e-01	6.37039070e-01
3.17386237e-01	6.40271400e-01
3.17553019e-01	6.43501280e-01
3.17719801e-01	6.46728692e-01
3.17886583e-01	6.49953626e-01
3.18053365e-01	6.53176074e-01
3.18220147e-01	6.56396030e-01
3.18386929e-01	6.59613478e-01
3.18553711e-01	6.62828396e-01
3.18720493e-01	6.66040750e-01
3.18887275e-01	6.69250502e-01
3.19054057e-01	6.72457606e-01
3.19220839e-01	6.75662012e-01
3.19387621e-01	6.78863686e-01
3.19554403e-01	6.82062598e-01
3.19721185e-01	6.85258732e-01
3.19887967e-01	6.88452088e-01
3.20054749e-01	6.91642672e-01
3.20221531e-01	6.94830492e-01
3.20388313e-01	6.98015552e-01
3.20555095e-01	7.01197852e-01
3.20721878e-01	7.04377380e-01
3.20888660e-01	7.07554114e-01
3.21055442e-01	7.10728022e-01
3.21222224e-01	7.13899068e-01
3.21389006e-01	7.17067218e-01
3.21555788e-01	7.20232444e-01
3.21722570e-01	7.23394714e-01
3.21889352e-01	7.26554004e-01
3.22056134e-01	7.29710286e-01
3.22222916e-01	7.32863534e-01
3.22389698e-01	7.36013716e-01
3.22556480e-01	7.39160806e-01
3.22723262e-01	7.42304770e-01
3.22890044e-01	7.45445566e-01
3.23056826e-01	7.48583152e-01
3.23223608e-01	7.51717486e-01
3.23390390e-01	7.54848524e-01
3.23557172e-01	7.57976218e-01
3.23723954e-01	7.61100524e-01
3.23890736e-01	7.64221392e-01
3.24057518e-01	7.67338774e-01
3.24224301e-01	7.70452618e-01
3.24391083e-01	7.73562876e-01
3.24557865e-01	7.76669492e-01
3.24724647e-01	7.79772412e-01
3.24891429e-01	7.82871580e-01
3.25058211e-01	7.85966934e-01
3.25224993e-01	7.89058416e-01
3.25391775e-01	7.92145968e-01
3.25558557e-01	7.95229532e-01
3.25725339e-01	7.98309052e-01
3.25892121e-01	8.01384476e-01
3.26058903e-01	8.04455750e-01
3.26225685e-01	8.07522826e-01
3.26392467e-01	8.10585650e-01
3.26559249e-01	8.13644174e-01
3.26726031e-01	8.16698356e-01
3.26892813e-01	8.19748168e-01
3.27059595e-01	8.22793584e-01
3.27226377e-01	8.25834590e-01
3.27393159e-01	8.28871180e-01
3.27559941e-01	8.31903352e-01
3.27726724e-01	8.34931114e-01
3.27893506e-01	8.37954480e-01
3.28060288e-01	8.40973472e-01
3.28227070e-01	8.43988114e-01
3.28393852e-01	8.46998440e-01
3.28560634e-01	8.50004480e-01
3.28727416e-01	8.53006276e-01
3.28894198e-01	8.56003868e-01
3.29060980e-01	8.58997298e-01
3.29227762e-01	8.61986608e-01
3.29394544e-01	8.64971846e-01
3.29561326e-01	8.67953052e-01
3.29728108e-01	8.70930268e-01
3.29894890e-01	8.73903528e-01
3.30061672e-01	8.76872864e-01
3.30228454e-01	8.79838308e-01
3.30395236e-01	8.82799890e-01
3.30562018e-01	8.85757632e-01
3.30728800e-01	8.88711560e-01
3.30895582e-01	8.91661688e-01
3.31062364e-01	8.94608032e-01
3.31229147e-01	8.97550600e-01
3.31395929e-01	9.00489406e-01
3.31562711e-01	9.03424454e-01
3.31729493e-01	9.06355752e-01
3.31896275e-01	9.09283298e-01
3.32063057e-01	9.12207090e-01
3.32229839e-01	9.15127122e-01
3.32396621e-01	9.18043382e-01
3.32563403e-01	9.20955860e-01
3.32730185e-01	9.23864534e-01
3.32896967e-01	9.26769384e-01
3.33063749e-01	9.29670386e-01
3.33230531e-01	9.32567514e-01
3.33397313e-01	9.35460736e-01
3.33564095e-01	9.38350024e-01
3.33730877e-01	9.41235346e-01
