-9.84014081e-03	0.00000000e+00
-9.67335876e-03	0.00000000e+00
-9.50657671e-03	0.00000000e+00
-9.33979467e-03	2.57373586e-10
-9.17301262e-03	9.83149598e-10
-9.00623057e-03	2.27754752e-09
-8.83944852e-03	4.53489124e-09
-8.67266648e-03	8.41490940e-09
-8.50588443e-03	1.50055025e-08
-8.33910238e-03	2.60806362e-08
-8.17232033e-03	4.45023720e-08
-8.00553828e-03	7.48393724e-08
-7.83875624e-03	1.24307563e-07
-7.67197419e-03	2.04183338e-07
-7.50519214e-03	3.31901126e-07
-7.33841009e-03	5.34128712e-07
-7.17162805e-03	8.51221108e-07
-7.00484600e-03	1.34358951e-06
-6.83806395e-03	2.10069378e-06
-6.67128190e-03	3.25357596e-06
-6.50449986e-03	4.99209764e-06
-6.33771781e-03	7.58832894e-06
-6.17093576e-03	1.14278513e-05
-6.00415371e-03	1.70510566e-05
-5.83737167e-03	2.52068454e-05
-5.67058962e-03	3.69214052e-05
-5.50380757e-03	5.35849214e-05
-5.33702552e-03	7.70591178e-05
-5.17024348e-03	1.09808362e-04
-5.00346143e-03	1.55056575e-04
-4.83667938e-03	2.16971366e-04
-4.66989733e-03	3.00875578e-04
-4.50311529e-03	4.13484592e-04
-4.33633324e-03	5.63165514e-04
-4.16955119e-03	7.60211592e-04
-4.00276914e-03	1.01712192e-03
-3.83598709e-03	1.34887304e-03
-3.66920505e-03	1.77316540e-03
-3.50242300e-03	2.31062436e-03
-3.33564095e-03	2.98493228e-03
-3.16885890e-03	3.82286682e-03
-3.00207686e-03	4.85421946e-03
-2.83529481e-03	6.11157012e-03
-2.66851276e-03	7.62989648e-03
-2.50173071e-03	9.44600270e-03
-2.33494867e-03	1.15977599e-02
-2.16816662e-03	1.41231607e-02
-2.00138457e-03	1.70592029e-02
-1.83460252e-03	2.04406284e-02
-1.66782048e-03	2.42985592e-02
-1.50103843e-03	2.86590816e-02
-1.33425638e-03	3.35418442e-02
-1.16747433e-03	3.89587372e-02
-1.00069229e-03	4.49127294e-02
-8.33910238e-04	5.13969354e-02
-6.67128190e-04	5.83939764e-02
-5.00346143e-04	6.58756922e-02
-3.33564095e-04	7.38032416e-02
-1.66782048e-04	8.21276082e-02
0.00000000e+00	9.07905078e-02
1.66782048e-04	9.97256710e-02
3.33564095e-04	1.08860450e-01
5.00346143e-04	1.18117680e-01
6.67128190e-04	1.27417714e-01
8.33910238e-04	1.36680527e-01
1.00069229e-03	1.45827808e-01
1.16747433e-03	1.54784930e-01
1.33425638e-03	1.63482712e-01
1.50103843e-03	1.71858916e-01
1.66782048e-03	1.79859408e-01
1.83460252e-03	1.87438961e-01
2.00138457e-03	1.94561689e-01
2.16816662e-03	2.01201116e-01
2.33494867e-03	2.07339912e-01
2.50173071e-03	2.12969352e-01
2.66851276e-03	2.18088528e-01
2.83529481e-03	2.22703396e-01
3.00207686e-03	2.26825728e-01
3.16885890e-03	2.30471990e-01
3.33564095e-03	2.33662260e-01
3.50242300e-03	2.36419172e-01
3.66920505e-03	2.38766970e-01
3.83598709e-03	2.40730666e-01
4.00276914e-03	2.42335334e-01
4.16955119e-03	2.43605542e-01
4.33633324e-03	2.44564904e-01
4.50311529e-03	2.45235768e-01
4.66989733e-03	2.45639016e-01
4.83667938e-03	2.45793946e-01
5.00346143e-03	2.45718236e-01
5.17024348e-03	2.45427980e-01
5.33702552e-03	2.44937748e-01
5.50380757e-03	2.44260704e-01
5.67058962e-03	2.43408726e-01
5.83737167e-03	2.42392540e-01
6.00415371e-03	2.41221878e-01
6.17093576e-03	2.39905614e-01
6.33771781e-03	2.38451910e-01
6.50449986e-03	2.36868356e-01
6.67128190e-03	2.35162100e-01
6.83806395e-03	2.33339964e-01
7.00484600e-03	2.31408558e-01
7.17162805e-03	2.29374378e-01
7.33841009e-03	2.27243878e-01
7.50519214e-03	2.25023552e-01
7.67197419e-03	2.22719976e-01
7.83875624e-03	2.20339838e-01
8.00553828e-03	2.17889970e-01
8.17232033e-03	2.15377336e-01
8.33910238e-03	2.12809026e-01
8.50588443e-03	2.10192230e-01
8.67266648e-03	2.07534198e-01
8.83944852e-03	2.04842196e-01
9.00623057e-03	2.02123460e-01
9.17301262e-03	1.99385137e-01
9.33979467e-03	1.96634233e-01
9.50657671e-03	1.93877568e-01
9.67335876e-03	1.91121731e-01
9.84014081e-03	1.88373038e-01
1.00069229e-02	1.85637517e-01
1.01737049e-02	1.82920896e-01
1.03404870e-02	1.80228568e-01
1.05072690e-02	1.77565560e-01
1.06740510e-02	1.74936542e-01
1.08408331e-02	1.72345852e-01
1.10076151e-02	1.69797525e-01
1.11743972e-02	1.67295294e-01
1.13411792e-02	1.64842607e-01
1.15079613e-02	1.62442632e-01
1.16747433e-02	1.60098268e-01
1.18415254e-02	1.57812157e-01
1.20083074e-02	1.55586677e-01
1.21750895e-02	1.53423934e-01
1.23418715e-02	1.51325748e-01
1.25086536e-02	1.49293632e-01
1.26754356e-02	1.47328768e-01
1.28422177e-02	1.45431982e-01
1.30089997e-02	1.43603712e-01
1.31757818e-02	1.41843986e-01
1.33425638e-02	1.40152388e-01
1.35093459e-02	1.38528041e-01
1.36761279e-02	1.36969589e-01
1.38429100e-02	1.35475196e-01
1.40096920e-02	1.34042542e-01
1.41764740e-02	1.32668844e-01
1.43432561e-02	1.31350881e-01
1.45100381e-02	1.30085037e-01
1.46768202e-02	1.28867350e-01
1.48436022e-02	1.27693583e-01
1.50103843e-02	1.26559291e-01
1.51771663e-02	1.25459897e-01
1.53439484e-02	1.24390773e-01
1.55107304e-02	1.23347294e-01
1.56775125e-02	1.22324902e-01
1.58442945e-02	1.21319141e-01
1.60110766e-02	1.20325714e-01
1.61778586e-02	1.19340561e-01
1.63446407e-02	1.18359963e-01
1.65114227e-02	1.17380657e-01
1.66782048e-02	1.16399899e-01
1.68449868e-02	1.15415446e-01
1.70117689e-02	1.14425460e-01
1.71785509e-02	1.13428436e-01
1.73453330e-02	1.12423207e-01
1.75121150e-02	1.11409033e-01
1.76788970e-02	1.10385655e-01
1.78456791e-02	1.09353221e-01
1.80124611e-02	1.08312125e-01
1.81792432e-02	1.07262912e-01
1.83460252e-02	1.06206323e-01
1.85128073e-02	1.05143365e-01
1.86795893e-02	1.04075268e-01
1.88463714e-02	1.03003323e-01
1.90131534e-02	1.01928789e-01
1.91799355e-02	1.00852917e-01
1.93467175e-02	9.97769820e-02
1.95134996e-02	9.87022110e-02
1.96802816e-02	9.76297056e-02
1.98470637e-02	9.65605082e-02
2.00138457e-02	9.54957034e-02
2.01806278e-02	9.44363560e-02
2.03474098e-02	9.33833210e-02
2.05141919e-02	9.23371690e-02
2.06809739e-02	9.12983032e-02
2.08477559e-02	9.02671078e-02
2.10145380e-02	8.92440162e-02
2.11813200e-02	8.82295340e-02
2.13481021e-02	8.72242002e-02
2.15148841e-02	8.62284520e-02
2.16816662e-02	8.52425446e-02
2.18484482e-02	8.42667020e-02
2.20152303e-02	8.33013504e-02
2.21820123e-02	8.23471388e-02
2.23487944e-02	8.14047826e-02
2.25155764e-02	8.04749942e-02
2.26823585e-02	7.95585580e-02
2.28491405e-02	7.86563982e-02
2.30159226e-02	7.77695960e-02
2.31827046e-02	7.68993854e-02
2.33494867e-02	7.60470980e-02
2.35162687e-02	7.52140850e-02
2.36830508e-02	7.44017050e-02
2.38498328e-02	7.36113428e-02
2.40166149e-02	7.28443698e-02
2.41833969e-02	7.21020782e-02
2.43501789e-02	7.13856382e-02
2.45169610e-02	7.06960396e-02
2.46837430e-02	7.00340500e-02
2.48505251e-02	6.94002416e-02
2.50173071e-02	6.87949670e-02
2.51840892e-02	6.82182016e-02
2.53508712e-02	6.76694428e-02
2.55176533e-02	6.71477680e-02
2.56844353e-02	6.66518674e-02
2.58512174e-02	6.61799540e-02
2.60179994e-02	6.57297356e-02
2.61847815e-02	6.52985492e-02
2.63515635e-02	6.48834824e-02
2.65183456e-02	6.44813560e-02
2.66851276e-02	6.40886634e-02
2.68519097e-02	6.37016314e-02
2.70186917e-02	6.33163662e-02
2.71854738e-02	6.29289268e-02
2.73522558e-02	6.25353432e-02
2.75190379e-02	6.21317258e-02
2.76858199e-02	6.17143982e-02
2.78526019e-02	6.12798716e-02
2.80193840e-02	6.08247692e-02
2.81861660e-02	6.03459098e-02
2.83529481e-02	5.98404476e-02
2.85197301e-02	5.93058758e-02
2.86865122e-02	5.87399696e-02
2.88532942e-02	5.81407830e-02
2.90200763e-02	5.75066522e-02
2.91868583e-02	5.68361716e-02
2.93536404e-02	5.61282054e-02
2.95204224e-02	5.53819196e-02
2.96872045e-02	5.45967482e-02
2.98539865e-02	5.37723088e-02
3.00207686e-02	5.29083804e-02
3.01875506e-02	5.20049478e-02
3.03543327e-02	5.10622078e-02
3.05211147e-02	5.00805086e-02
3.06878968e-02	4.90602938e-02
3.08546788e-02	4.80021058e-02
3.10214609e-02	4.69066150e-02
3.11882429e-02	4.57746236e-02
3.13550249e-02	4.46070358e-02
3.15218070e-02	4.34048278e-02
3.16885890e-02	4.21690574e-02
3.18553711e-02	4.09008914e-02
3.20221531e-02	3.96016048e-02
3.21889352e-02	3.82725386e-02
3.23557172e-02	3.69150614e-02
3.25224993e-02	3.55305698e-02
3.26892813e-02	3.41205188e-02
3.28560634e-02	3.26864292e-02
3.30228454e-02	3.12298492e-02
3.31896275e-02	2.97523350e-02
3.33564095e-02	2.82554824e-02
3.35231916e-02	2.67409316e-02
3.36899736e-02	2.52103080e-02
3.38567557e-02	2.36652038e-02
3.40235377e-02	2.21072218e-02
3.41903198e-02	2.05379850e-02
3.43571018e-02	1.89591154e-02
3.45238839e-02	1.73722230e-02
3.46906659e-02	1.57789049e-02
3.48574479e-02	1.41807537e-02
3.50242300e-02	1.25793691e-02
3.51910120e-02	1.09763407e-02
3.53577941e-02	9.37323478e-03
3.55245761e-02	7.77162310e-03
3.56913582e-02	6.17309382e-03
3.58581402e-02	4.57921758e-03
3.60249223e-02	2.99153934e-03
3.61917043e-02	1.41161449e-03
3.63584864e-02	-1.58981808e-04
3.65252684e-02	-1.71868544e-03
3.66920505e-02	-3.26594636e-03
3.68588325e-02	-4.79920020e-03
3.70256146e-02	-6.31686540e-03
3.71923966e-02	-7.81735360e-03
3.73591787e-02	-9.29906230e-03
3.75259607e-02	-1.07603680e-02
3.76927428e-02	-1.21996197e-02
3.78595248e-02	-1.36151328e-02
3.80263069e-02	-1.50051915e-02
3.81930889e-02	-1.63680315e-02
3.83598709e-02	-1.77018275e-02
3.85266530e-02	-1.90047149e-02
3.86934350e-02	-2.02747926e-02
3.88602171e-02	-2.15100982e-02
3.90269991e-02	-2.27086140e-02
3.91937812e-02	-2.38682922e-02
3.93605632e-02	-2.49870598e-02
3.95273453e-02	-2.60628178e-02
3.96941273e-02	-2.70934552e-02
3.98609094e-02	-2.80768788e-02
4.00276914e-02	-2.90110300e-02
4.01944735e-02	-2.98938946e-02
4.03612555e-02	-3.07235320e-02
4.05280376e-02	-3.14980998e-02
4.06948196e-02	-3.22158650e-02
4.08616017e-02	-3.28752238e-02
4.10283837e-02	-3.34747302e-02
4.11951658e-02	-3.40131154e-02
4.13619478e-02	-3.44893016e-02
4.15287299e-02	-3.49024102e-02
4.16955119e-02	-3.52517856e-02
4.18622939e-02	-3.55370108e-02
4.20290760e-02	-3.57579028e-02
4.21958580e-02	-3.59145236e-02
4.23626401e-02	-3.60071914e-02
4.25294221e-02	-3.60364704e-02
4.26962042e-02	-3.60031694e-02
4.28629862e-02	-3.59083408e-02
4.30297683e-02	-3.57532712e-02
4.31965503e-02	-3.55394676e-02
4.33633324e-02	-3.52686404e-02
4.35301144e-02	-3.49426954e-02
4.36968965e-02	-3.45637124e-02
4.38636785e-02	-3.41339190e-02
4.40304606e-02	-3.36556772e-02
4.41972426e-02	-3.31314646e-02
4.43640247e-02	-3.25638438e-02
4.45308067e-02	-3.19554456e-02
4.46975888e-02	-3.13089540e-02
4.48643708e-02	-3.06270860e-02
4.50311529e-02	-2.99125722e-02
4.51979349e-02	-2.91681400e-02
4.53647169e-02	-2.83965030e-02
4.55314990e-02	-2.76003416e-02
4.56982810e-02	-2.67822826e-02
4.58650631e-02	-2.59448914e-02
4.60318451e-02	-2.50906550e-02
4.61986272e-02	-2.42219694e-02
4.63654092e-02	-2.33411400e-02
4.65321913e-02	-2.24503796e-02
4.66989733e-02	-2.15518166e-02
4.68657554e-02	-2.06475042e-02
4.70325374e-02	-1.97394296e-02
4.71993195e-02	-1.88295197e-02
4.73661015e-02	-1.79196383e-02
4.75328836e-02	-1.70115821e-02
4.76996656e-02	-1.61070784e-02
4.78664477e-02	-1.52077725e-02
4.80332297e-02	-1.43152326e-02
4.82000118e-02	-1.34309628e-02
4.83667938e-02	-1.25564104e-02
4.85335759e-02	-1.16929814e-02
4.87003579e-02	-1.08420511e-02
4.88671399e-02	-1.00049610e-02
4.90339220e-02	-9.18301122e-03
4.92007040e-02	-8.37744854e-03
4.93674861e-02	-7.58946162e-03
4.95342681e-02	-6.82018236e-03
4.97010502e-02	-6.07069630e-03
4.98678322e-02	-5.34206054e-03
5.00346143e-02	-4.63531188e-03
5.02013963e-02	-3.95146736e-03
5.03681784e-02	-3.29151880e-03
5.05349604e-02	-2.65641966e-03
5.07017425e-02	-2.04708002e-03
5.08685245e-02	-1.46437115e-03
5.10353066e-02	-9.09137854e-04
5.12020886e-02	-3.82210112e-04
5.13688707e-02	1.15595571e-04
5.15356527e-02	5.83478682e-04
5.17024348e-02	1.02066640e-03
5.18692168e-02	1.42642205e-03
5.20359989e-02	1.80003419e-03
5.22027809e-02	2.14080360e-03
5.23695629e-02	2.44802872e-03
5.25363450e-02	2.72099698e-03
5.27031270e-02	2.95899520e-03
5.28699091e-02	3.16132162e-03
5.30366911e-02	3.32729604e-03
5.32034732e-02	3.45626380e-03
5.33702552e-02	3.54758800e-03
5.35370373e-02	3.60064836e-03
5.37038193e-02	3.61484408e-03
5.38706014e-02	3.58960092e-03
5.40373834e-02	3.52437894e-03
5.42041655e-02	3.41866586e-03
5.43709475e-02	3.27196838e-03
5.45377296e-02	3.08380812e-03
5.47045116e-02	2.85372400e-03
5.48712937e-02	2.58129030e-03
5.50380757e-02	2.26613226e-03
5.52048578e-02	1.90792841e-03
5.53716398e-02	1.50640302e-03
5.55384219e-02	1.06131060e-03
5.57052039e-02	5.72428000e-04
5.58719859e-02	3.95567914e-05
5.60387680e-02	-5.37468986e-04
5.62055500e-02	-1.15877689e-03
5.63723321e-02	-1.82445940e-03
5.65391141e-02	-2.53457894e-03
5.67058962e-02	-3.28917250e-03
5.68726782e-02	-4.08825462e-03
5.70394603e-02	-4.93181954e-03
5.72062423e-02	-5.81984778e-03
5.73730244e-02	-6.75231018e-03
5.75398064e-02	-7.72916652e-03
5.77065885e-02	-8.75035690e-03
5.78733705e-02	-9.81579158e-03
5.80401526e-02	-1.09253520e-02
5.82069346e-02	-1.20788979e-02
5.83737167e-02	-1.32762759e-02
5.85404987e-02	-1.45173213e-02
5.87072808e-02	-1.58018426e-02
5.88740628e-02	-1.71296068e-02
5.90408449e-02	-1.85003304e-02
5.92076269e-02	-1.99136781e-02
5.93744089e-02	-2.13692706e-02
5.95411910e-02	-2.28666836e-02
5.97079730e-02	-2.44054430e-02
5.98747551e-02	-2.59850164e-02
6.00415371e-02	-2.76048044e-02
6.02083192e-02	-2.92641400e-02
6.03751012e-02	-3.09622888e-02
6.05418833e-02	-3.26984502e-02
6.07086653e-02	-3.44717640e-02
6.08754474e-02	-3.62813104e-02
6.10422294e-02	-3.81261124e-02
6.12090115e-02	-4.00051338e-02
6.13757935e-02	-4.19172798e-02
6.15425756e-02	-4.38614046e-02
6.17093576e-02	-4.58363212e-02
6.18761397e-02	-4.78408118e-02
6.20429217e-02	-4.98736322e-02
6.22097038e-02	-5.19335116e-02
6.23764858e-02	-5.40191558e-02
6.25432678e-02	-5.61292582e-02
6.27100499e-02	-5.82625122e-02
6.28768319e-02	-6.04176214e-02
6.30436140e-02	-6.25933008e-02
6.32103960e-02	-6.47882760e-02
6.33771781e-02	-6.70012838e-02
6.35439601e-02	-6.92310790e-02
6.37107422e-02	-7.14764408e-02
6.38775242e-02	-7.37361740e-02
6.40443063e-02	-7.60091064e-02
6.42110883e-02	-7.82940822e-02
6.43778704e-02	-8.05899606e-02
6.45446524e-02	-8.28956162e-02
6.47114345e-02	-8.52099366e-02
6.48782165e-02	-8.75318210e-02
6.50449986e-02	-8.98601718e-02
6.52117806e-02	-9.21938904e-02
6.53785627e-02	-9.45318726e-02
6.55453447e-02	-9.68730048e-02
6.57121268e-02	-9.92161630e-02
6.58789088e-02	-1.01560210e-01
6.60456908e-02	-1.03903992e-01
6.62124729e-02	-1.06246339e-01
6.63792549e-02	-1.08586061e-01
6.65460370e-02	-1.10921954e-01
6.67128190e-02	-1.13252802e-01
6.68796011e-02	-1.15577387e-01
6.70463831e-02	-1.17894492e-01
6.72131652e-02	-1.20202905e-01
6.73799472e-02	-1.22501433e-01
6.75467293e-02	-1.24788910e-01
6.77135113e-02	-1.27064210e-01
6.78802934e-02	-1.29326258e-01
6.80470754e-02	-1.31574031e-01
6.82138575e-02	-1.33806566e-01
6.83806395e-02	-1.36022974e-01
6.85474216e-02	-1.38222443e-01
6.87142036e-02	-1.40404250e-01
6.88809857e-02	-1.42567758e-01
6.90477677e-02	-1.44712425e-01
6.92145498e-02	-1.46837809e-01
6.93813318e-02	-1.48943567e-01
6.95481138e-02	-1.51029449e-01
6.97148959e-02	-1.53095292e-01
6.98816779e-02	-1.55141003e-01
7.00484600e-02	-1.57166556e-01
7.02152420e-02	-1.59171972e-01
7.03820241e-02	-1.61157302e-01
7.05488061e-02	-1.63122610e-01
7.07155882e-02	-1.65067957e-01
7.08823702e-02	-1.66993387e-01
7.10491523e-02	-1.68898901e-01
7.12159343e-02	-1.70784448e-01
7.13827164e-02	-1.72649898e-01
7.15494984e-02	-1.74495029e-01
7.17162805e-02	-1.76319508e-01
7.18830625e-02	-1.78122882e-01
7.20498446e-02	-1.79904570e-01
7.22166266e-02	-1.81663868e-01
7.23834087e-02	-1.83399945e-01
7.25501907e-02	-1.85111858e-01
7.27169728e-02	-1.86798557e-01
7.28837548e-02	-1.88458907e-01
7.30505368e-02	-1.90091702e-01
7.32173189e-02	-1.91695690e-01
7.33841009e-02	-1.93269599e-01
7.35508830e-02	-1.94812172e-01
7.37176650e-02	-1.96322203e-01
7.38844471e-02	-1.97798567e-01
7.40512291e-02	-1.99240256e-01
7.42180112e-02	-2.00646402e-01
7.43847932e-02	-2.02016310e-01
7.45515753e-02	-2.03349472e-01
7.47183573e-02	-2.04645586e-01
7.48851394e-02	-2.05904570e-01
7.50519214e-02	-2.07126566e-01
7.52187035e-02	-2.08311938e-01
7.53854855e-02	-2.09461268e-01
7.55522676e-02	-2.10575340e-01
7.57190496e-02	-2.11655116e-01
7.58858317e-02	-2.12701720e-01
7.60526137e-02	-2.13716414e-01
7.62193958e-02	-2.14700566e-01
7.63861778e-02	-2.15655636e-01
7.65529598e-02	-2.16583140e-01
7.67197419e-02	-2.17484612e-01
7.68865239e-02	-2.18361586e-01
7.70533060e-02	-2.19215568e-01
7.72200880e-02	-2.20048010e-01
7.73868701e-02	-2.20860298e-01
7.75536521e-02	-2.21653730e-01
7.77204342e-02	-2.22429514e-01
7.78872162e-02	-2.23188752e-01
7.80539983e-02	-2.23932436e-01
7.82207803e-02	-2.24661446e-01
7.83875624e-02	-2.25376544e-01
7.85543444e-02	-2.26078390e-01
7.87211265e-02	-2.26767540e-01
7.88879085e-02	-2.27444446e-01
7.90546906e-02	-2.28109462e-01
7.92214726e-02	-2.28762850e-01
7.93882547e-02	-2.29404792e-01
7.95550367e-02	-2.30035394e-01
7.97218188e-02	-2.30654702e-01
7.98886008e-02	-2.31262712e-01
8.00553828e-02	-2.31859376e-01
8.02221649e-02	-2.32444610e-01
8.03889469e-02	-2.33018292e-01
8.05557290e-02	-2.33580272e-01
8.07225110e-02	-2.34130388e-01
8.08892931e-02	-2.34668456e-01
8.10560751e-02	-2.35194290e-01
8.12228572e-02	-2.35707698e-01
8.13896392e-02	-2.36208484e-01
8.15564213e-02	-2.36696452e-01
8.17232033e-02	-2.37171408e-01
8.18899854e-02	-2.37633160e-01
8.20567674e-02	-2.38081518e-01
8.22235495e-02	-2.38516298e-01
8.23903315e-02	-2.38937320e-01
8.25571136e-02	-2.39344400e-01
8.27238956e-02	-2.39737364e-01
8.28906777e-02	-2.40116042e-01
8.30574597e-02	-2.40480272e-01
8.32242418e-02	-2.40829894e-01
8.33910238e-02	-2.41164748e-01
8.35578058e-02	-2.41484680e-01
8.37245879e-02	-2.41789536e-01
8.38913699e-02	-2.42079180e-01
8.40581520e-02	-2.42353472e-01
8.42249340e-02	-2.42612292e-01
8.43917161e-02	-2.42855522e-01
8.45584981e-02	-2.43083056e-01
8.47252802e-02	-2.43294798e-01
8.48920622e-02	-2.43490668e-01
8.50588443e-02	-2.43670608e-01
8.52256263e-02	-2.43834576e-01
8.53924084e-02	-2.43982548e-01
8.55591904e-02	-2.44114522e-01
8.57259725e-02	-2.44230518e-01
8.58927545e-02	-2.44330582e-01
8.60595366e-02	-2.44414782e-01
8.62263186e-02	-2.44483210e-01
8.63931007e-02	-2.44535988e-01
8.65598827e-02	-2.44573256e-01
8.67266648e-02	-2.44595186e-01
8.68934468e-02	-2.44601972e-01
8.70602288e-02	-2.44593830e-01
8.72270109e-02	-2.44570996e-01
8.73937929e-02	-2.44533722e-01
8.75605750e-02	-2.44482284e-01
8.77273570e-02	-2.44416972e-01
8.78941391e-02	-2.44338096e-01
8.80609211e-02	-2.44245968e-01
8.82277032e-02	-2.44140920e-01
8.83944852e-02	-2.44023280e-01
8.85612673e-02	-2.43893394e-01
8.87280493e-02	-2.43751612e-01
8.88948314e-02	-2.43598284e-01
8.90616134e-02	-2.43433764e-01
8.92283955e-02	-2.43258406e-01
8.93951775e-02	-2.43072560e-01
8.95619596e-02	-2.42876582e-01
8.97287416e-02	-2.42670824e-01
8.98955237e-02	-2.42455634e-01
9.00623057e-02	-2.42231364e-01
9.02290878e-02	-2.41998350e-01
9.03958698e-02	-2.41756934e-01
9.05626518e-02	-2.41507448e-01
9.07294339e-02	-2.41250226e-01
9.08962159e-02	-2.40985592e-01
9.10629980e-02	-2.40713864e-01
9.12297800e-02	-2.40435362e-01
9.13965621e-02	-2.40150398e-01
9.15633441e-02	-2.39859284e-01
9.17301262e-02	-2.39562324e-01
9.18969082e-02	-2.39259828e-01
9.20636903e-02	-2.38952104e-01
9.22304723e-02	-2.38639462e-01
9.23972544e-02	-2.38322210e-01
9.25640364e-02	-2.38000662e-01
9.27308185e-02	-2.37675138e-01
9.28976005e-02	-2.37345966e-01
9.30643826e-02	-2.37013482e-01
9.32311646e-02	-2.36678032e-01
9.33979467e-02	-2.36339976e-01
9.35647287e-02	-2.35999674e-01
9.37315108e-02	-2.35657510e-01
9.38982928e-02	-2.35313870e-01
9.40650748e-02	-2.34969160e-01
9.42318569e-02	-2.34623790e-01
9.43986389e-02	-2.34278172e-01
9.45654210e-02	-2.33932728e-01
9.47322030e-02	-2.33587878e-01
9.48989851e-02	-2.33244040e-01
9.50657671e-02	-2.32901624e-01
9.52325492e-02	-2.32561026e-01
9.53993312e-02	-2.32222626e-01
9.55661133e-02	-2.31886782e-01
9.57328953e-02	-2.31553824e-01
9.58996774e-02	-2.31224054e-01
9.60664594e-02	-2.30897740e-01
9.62332415e-02	-2.30575106e-01
9.64000235e-02	-2.30256342e-01
9.65668056e-02	-2.29941598e-01
9.67335876e-02	-2.29630984e-01
9.69003697e-02	-2.29324572e-01
9.70671517e-02	-2.29022398e-01
9.72339338e-02	-2.28724468e-01
9.74007158e-02	-2.28430762e-01
9.75674978e-02	-2.28141236e-01
9.77342799e-02	-2.27855828e-01
9.79010619e-02	-2.27574474e-01
9.80678440e-02	-2.27297102e-01
9.82346260e-02	-2.27023642e-01
9.84014081e-02	-2.26754030e-01
9.85681901e-02	-2.26488212e-01
9.87349722e-02	-2.26226150e-01
9.89017542e-02	-2.25967824e-01
9.90685363e-02	-2.25713230e-01
9.92353183e-02	-2.25462382e-01
9.94021004e-02	-2.25215318e-01
9.95688824e-02	-2.24972090e-01
9.97356645e-02	-2.24732768e-01
9.99024465e-02	-2.24497438e-01
1.00069229e-01	-2.24266188e-01
1.00236011e-01	-2.24039122e-01
1.00402793e-01	-2.23816350e-01
1.00569575e-01	-2.23597982e-01
1.00736357e-01	-2.23384134e-01
1.00903139e-01	-2.23174914e-01
1.01069921e-01	-2.22970434e-01
1.01236703e-01	-2.22770796e-01
1.01403485e-01	-2.22576096e-01
1.01570267e-01	-2.22386422e-01
1.01737049e-01	-2.22201848e-01
1.01903831e-01	-2.22022436e-01
1.02070613e-01	-2.21848242e-01
1.02237395e-01	-2.21679298e-01
1.02404177e-01	-2.21515630e-01
1.02570959e-01	-2.21357246e-01
1.02737741e-01	-2.21204146e-01
1.02904523e-01	-2.21056314e-01
1.03071305e-01	-2.20913730e-01
1.03238087e-01	-2.20776368e-01
1.03404870e-01	-2.20644192e-01
1.03571652e-01	-2.20517164e-01
1.03738434e-01	-2.20395242e-01
1.03905216e-01	-2.20278382e-01
1.04071998e-01	-2.20166538e-01
1.04238780e-01	-2.20059654e-01
1.04405562e-01	-2.19957670e-01
1.04572344e-01	-2.19860518e-01
1.04739126e-01	-2.19768116e-01
1.04905908e-01	-2.19680370e-01
1.05072690e-01	-2.19597174e-01
1.05239472e-01	-2.19518410e-01
1.05406254e-01	-2.19443952e-01
1.05573036e-01	-2.19373666e-01
1.05739818e-01	-2.19307416e-01
1.05906600e-01	-2.19245076e-01
1.06073382e-01	-2.19186514e-01
1.06240164e-01	-2.19131614e-01
1.06406946e-01	-2.19080260e-01
1.06573728e-01	-2.19032346e-01
1.06740510e-01	-2.18987758e-01
1.06907293e-01	-2.18946382e-01
1.07074075e-01	-2.18908094e-01
1.07240857e-01	-2.18872764e-01
1.07407639e-01	-2.18840250e-01
1.07574421e-01	-2.18810404e-01
1.07741203e-01	-2.18783072e-01
1.07907985e-01	-2.18758102e-01
1.08074767e-01	-2.18735346e-01
1.08241549e-01	-2.18714668e-01
1.08408331e-01	-2.18695932e-01
1.08575113e-01	-2.18679010e-01
1.08741895e-01	-2.18663782e-01
1.08908677e-01	-2.18650118e-01
1.09075459e-01	-2.18637888e-01
1.09242241e-01	-2.18626962e-01
1.09409023e-01	-2.18617198e-01
1.09575805e-01	-2.18608464e-01
1.09742587e-01	-2.18600632e-01
1.09909369e-01	-2.18593582e-01
1.10076151e-01	-2.18587212e-01
1.10242933e-01	-2.18581426e-01
1.10409716e-01	-2.18576140e-01
1.10576498e-01	-2.18571278e-01
1.10743280e-01	-2.18566760e-01
1.10910062e-01	-2.18562506e-01
1.11076844e-01	-2.18558434e-01
1.11243626e-01	-2.18554464e-01
1.11410408e-01	-2.18550518e-01
1.11577190e-01	-2.18546534e-01
1.11743972e-01	-2.18542450e-01
1.11910754e-01	-2.18538220e-01
1.12077536e-01	-2.18533800e-01
1.12244318e-01	-2.18529144e-01
1.12411100e-01	-2.18524196e-01
1.12577882e-01	-2.18518892e-01
1.12744664e-01	-2.18513158e-01
1.12911446e-01	-2.18506914e-01
1.13078228e-01	-2.18500084e-01
1.13245010e-01	-2.18492594e-01
1.13411792e-01	-2.18484380e-01
1.13578574e-01	-2.18475388e-01
1.13745356e-01	-2.18465560e-01
1.13912139e-01	-2.18454836e-01
1.14078921e-01	-2.18443142e-01
1.14245703e-01	-2.18430404e-01
1.14412485e-01	-2.18416540e-01
1.14579267e-01	-2.18401470e-01
1.14746049e-01	-2.18385128e-01
1.14912831e-01	-2.18367460e-01
1.15079613e-01	-2.18348422e-01
1.15246395e-01	-2.18327982e-01
1.15413177e-01	-2.18306106e-01
1.15579959e-01	-2.18282766e-01
1.15746741e-01	-2.18257922e-01
1.15913523e-01	-2.18231540e-01
1.16080305e-01	-2.18203594e-01
1.16247087e-01	-2.18174060e-01
1.16413869e-01	-2.18142932e-01
1.16580651e-01	-2.18110204e-01
1.16747433e-01	-2.18075882e-01
1.16914215e-01	-2.18039962e-01
1.17080997e-01	-2.18002438e-01
1.17247779e-01	-2.17963306e-01
1.17414562e-01	-2.17922562e-01
1.17581344e-01	-2.17880214e-01
1.17748126e-01	-2.17836280e-01
1.17914908e-01	-2.17790788e-01
1.18081690e-01	-2.17743772e-01
1.18248472e-01	-2.17695266e-01
1.18415254e-01	-2.17645290e-01
1.18582036e-01	-2.17593862e-01
1.18748818e-01	-2.17540988e-01
1.18915600e-01	-2.17486662e-01
1.19082382e-01	-2.17430878e-01
1.19249164e-01	-2.17373614e-01
1.19415946e-01	-2.17314836e-01
1.19582728e-01	-2.17254490e-01
1.19749510e-01	-2.17192498e-01
1.19916292e-01	-2.17128768e-01
1.20083074e-01	-2.17063190e-01
1.20249856e-01	-2.16995648e-01
1.20416638e-01	-2.16926024e-01
1.20583420e-01	-2.16854190e-01
1.20750202e-01	-2.16780012e-01
1.20916985e-01	-2.16703346e-01
1.21083767e-01	-2.16624030e-01
1.21250549e-01	-2.16541902e-01
1.21417331e-01	-2.16456796e-01
1.21584113e-01	-2.16368552e-01
1.21750895e-01	-2.16277024e-01
1.21917677e-01	-2.16182080e-01
1.22084459e-01	-2.16083602e-01
1.22251241e-01	-2.15981486e-01
1.22418023e-01	-2.15875644e-01
1.22584805e-01	-2.15766004e-01
1.22751587e-01	-2.15652510e-01
1.22918369e-01	-2.15535128e-01
1.23085151e-01	-2.15413838e-01
1.23251933e-01	-2.15288632e-01
1.23418715e-01	-2.15159510e-01
1.23585497e-01	-2.15026478e-01
1.23752279e-01	-2.14889552e-01
1.23919061e-01	-2.14748754e-01
1.24085843e-01	-2.14604118e-01
1.24252625e-01	-2.14455680e-01
1.24419408e-01	-2.14303484e-01
1.24586190e-01	-2.14147562e-01
1.24752972e-01	-2.13987936e-01
1.24919754e-01	-2.13824626e-01
1.25086536e-01	-2.13657636e-01
1.25253318e-01	-2.13486972e-01
1.25420100e-01	-2.13312632e-01
1.25586882e-01	-2.13134614e-01
1.25753664e-01	-2.12952908e-01
1.25920446e-01	-2.12767504e-01
1.26087228e-01	-2.12578384e-01
1.26254010e-01	-2.12385522e-01
1.26420792e-01	-2.12188892e-01
1.26587574e-01	-2.11988470e-01
1.26754356e-01	-2.11784220e-01
1.26921138e-01	-2.11576114e-01
1.27087920e-01	-2.11364122e-01
1.27254702e-01	-2.11148228e-01
1.27421484e-01	-2.10928432e-01
1.27588266e-01	-2.10704748e-01
1.27755048e-01	-2.10477210e-01
1.27921831e-01	-2.10245860e-01
1.28088613e-01	-2.10010762e-01
1.28255395e-01	-2.09771988e-01
1.28422177e-01	-2.09529630e-01
1.28588959e-01	-2.09283806e-01
1.28755741e-01	-2.09034656e-01
1.28922523e-01	-2.08782344e-01
1.29089305e-01	-2.08527058e-01
1.29256087e-01	-2.08268994e-01
1.29422869e-01	-2.08008364e-01
1.29589651e-01	-2.07745394e-01
1.29756433e-01	-2.07480312e-01
1.29923215e-01	-2.07213364e-01
1.30089997e-01	-2.06944796e-01
1.30256779e-01	-2.06674866e-01
1.30423561e-01	-2.06403830e-01
1.30590343e-01	-2.06131952e-01
1.30757125e-01	-2.05859500e-01
1.30923907e-01	-2.05586742e-01
1.31090689e-01	-2.05313950e-01
1.31257471e-01	-2.05041392e-01
1.31424254e-01	-2.04769330e-01
1.31591036e-01	-2.04498030e-01
1.31757818e-01	-2.04227754e-01
1.31924600e-01	-2.03958762e-01
1.32091382e-01	-2.03691308e-01
1.32258164e-01	-2.03425638e-01
1.32424946e-01	-2.03161984e-01
1.32591728e-01	-2.02900564e-01
1.32758510e-01	-2.02641592e-01
1.32925292e-01	-2.02385270e-01
1.33092074e-01	-2.02131804e-01
1.33258856e-01	-2.01881394e-01
1.33425638e-01	-2.01634238e-01
1.33592420e-01	-2.01390534e-01
1.33759202e-01	-2.01150476e-01
1.33925984e-01	-2.00914252e-01
1.34092766e-01	-2.00682048e-01
1.34259548e-01	-2.00454048e-01
1.34426330e-01	-2.00230428e-01
1.34593112e-01	-2.00011354e-01
1.34759894e-01	-1.99796979e-01
1.34926677e-01	-1.99587441e-01
1.35093459e-01	-1.99382862e-01
1.35260241e-01	-1.99183343e-01
1.35427023e-01	-1.98988971e-01
1.35593805e-01	-1.98799815e-01
1.35760587e-01	-1.98615925e-01
1.35927369e-01	-1.98437335e-01
1.36094151e-01	-1.98264056e-01
1.36260933e-01	-1.98096073e-01
1.36427715e-01	-1.97933339e-01
1.36594497e-01	-1.97775776e-01
1.36761279e-01	-1.97623275e-01
1.36928061e-01	-1.97475702e-01
1.37094843e-01	-1.97332898e-01
1.37261625e-01	-1.97194690e-01
1.37428407e-01	-1.97060888e-01
1.37595189e-01	-1.96931291e-01
1.37761971e-01	-1.96805693e-01
1.37928753e-01	-1.96683882e-01
1.38095535e-01	-1.96565643e-01
1.38262317e-01	-1.96450764e-01
1.38429100e-01	-1.96339029e-01
1.38595882e-01	-1.96230217e-01
1.38762664e-01	-1.96124107e-01
1.38929446e-01	-1.96020473e-01
1.39096228e-01	-1.95919089e-01
1.39263010e-01	-1.95819726e-01
1.39429792e-01	-1.95722152e-01
1.39596574e-01	-1.95626133e-01
1.39763356e-01	-1.95531427e-01
1.39930138e-01	-1.95437783e-01
1.40096920e-01	-1.95344940e-01
1.40263702e-01	-1.95252627e-01
1.40430484e-01	-1.95160565e-01
1.40597266e-01	-1.95068475e-01
1.40764048e-01	-1.94976080e-01
1.40930830e-01	-1.94883114e-01
1.41097612e-01	-1.94789328e-01
1.41264394e-01	-1.94694490e-01
1.41431176e-01	-1.94598391e-01
1.41597958e-01	-1.94500847e-01
1.41764740e-01	-1.94401700e-01
1.41931523e-01	-1.94300821e-01
1.42098305e-01	-1.94198106e-01
1.42265087e-01	-1.94093474e-01
1.42431869e-01	-1.93986869e-01
1.42598651e-01	-1.93878259e-01
1.42765433e-01	-1.93767630e-01
1.42932215e-01	-1.93654993e-01
1.43098997e-01	-1.93540374e-01
1.43265779e-01	-1.93423819e-01
1.43432561e-01	-1.93305385e-01
1.43599343e-01	-1.93185148e-01
1.43766125e-01	-1.93063198e-01
1.43932907e-01	-1.92939642e-01
1.44099689e-01	-1.92814603e-01
1.44266471e-01	-1.92688211e-01
1.44433253e-01	-1.92560601e-01
1.44600035e-01	-1.92431896e-01
1.44766817e-01	-1.92302203e-01
1.44933599e-01	-1.92171600e-01
1.45100381e-01	-1.92040127e-01
1.45267163e-01	-1.91907785e-01
1.45433946e-01	-1.91774533e-01
1.45600728e-01	-1.91640285e-01
1.45767510e-01	-1.91504915e-01
1.45934292e-01	-1.91368260e-01
1.46101074e-01	-1.91230130e-01
1.46267856e-01	-1.91090307e-01
1.46434638e-01	-1.90948563e-01
1.46601420e-01	-1.90804656e-01
1.46768202e-01	-1.90658342e-01
1.46934984e-01	-1.90509377e-01
1.47101766e-01	-1.90357520e-01
1.47268548e-01	-1.90202537e-01
1.47435330e-01	-1.90044207e-01
1.47602112e-01	-1.89882321e-01
1.47768894e-01	-1.89716690e-01
1.47935676e-01	-1.89547149e-01
1.48102458e-01	-1.89373563e-01
1.48269240e-01	-1.89195836e-01
1.48436022e-01	-1.89013912e-01
1.48602804e-01	-1.88827780e-01
1.48769586e-01	-1.88637469e-01
1.48936369e-01	-1.88443044e-01
1.49103151e-01	-1.88244602e-01
1.49269933e-01	-1.88042268e-01
1.49436715e-01	-1.87836190e-01
1.49603497e-01	-1.87626543e-01
1.49770279e-01	-1.87413527e-01
1.49937061e-01	-1.87197364e-01
1.50103843e-01	-1.86978306e-01
1.50270625e-01	-1.86756627e-01
1.50437407e-01	-1.86532626e-01
1.50604189e-01	-1.86306622e-01
1.50770971e-01	-1.86078952e-01
1.50937753e-01	-1.85849965e-01
1.51104535e-01	-1.85620017e-01
1.51271317e-01	-1.85389471e-01
1.51438099e-01	-1.85158689e-01
1.51604881e-01	-1.84928033e-01
1.51771663e-01	-1.84697863e-01
1.51938445e-01	-1.84468536e-01
1.52105227e-01	-1.84240405e-01
1.52272009e-01	-1.84013815e-01
1.52438792e-01	-1.83789102e-01
1.52605574e-01	-1.83566588e-01
1.52772356e-01	-1.83346580e-01
1.52939138e-01	-1.83129362e-01
1.53105920e-01	-1.82915200e-01
1.53272702e-01	-1.82704338e-01
1.53439484e-01	-1.82497000e-01
1.53606266e-01	-1.82293395e-01
1.53773048e-01	-1.82093720e-01
1.53939830e-01	-1.81898163e-01
1.54106612e-01	-1.81706899e-01
1.54273394e-01	-1.81520092e-01
1.54440176e-01	-1.81337895e-01
1.54606958e-01	-1.81160446e-01
1.54773740e-01	-1.80987872e-01
1.54940522e-01	-1.80820288e-01
1.55107304e-01	-1.80657802e-01
1.55274086e-01	-1.80500516e-01
1.55440868e-01	-1.80348531e-01
1.55607650e-01	-1.80201941e-01
1.55774432e-01	-1.80060843e-01
1.55941215e-01	-1.79925326e-01
1.56107997e-01	-1.79795475e-01
1.56274779e-01	-1.79671371e-01
1.56441561e-01	-1.79553089e-01
1.56608343e-01	-1.79440705e-01
1.56775125e-01	-1.79334290e-01
1.56941907e-01	-1.79233923e-01
1.57108689e-01	-1.79139680e-01
1.57275471e-01	-1.79051645e-01
1.57442253e-01	-1.78969901e-01
1.57609035e-01	-1.78894534e-01
1.57775817e-01	-1.78825629e-01
1.57942599e-01	-1.78763269e-01
1.58109381e-01	-1.78707534e-01
1.58276163e-01	-1.78658499e-01
1.58442945e-01	-1.78616241e-01
1.58609727e-01	-1.78580831e-01
1.58776509e-01	-1.78552337e-01
1.58943291e-01	-1.78530821e-01
1.59110073e-01	-1.78516333e-01
1.59276855e-01	-1.78508910e-01
1.59443638e-01	-1.78508570e-01
1.59610420e-01	-1.78515318e-01
1.59777202e-01	-1.78529144e-01
1.59943984e-01	-1.78550026e-01
1.60110766e-01	-1.78577933e-01
1.60277548e-01	-1.78612819e-01
1.60444330e-01	-1.78654630e-01
1.60611112e-01	-1.78703298e-01
1.60777894e-01	-1.78758739e-01
1.60944676e-01	-1.78820856e-01
1.61111458e-01	-1.78889540e-01
1.61278240e-01	-1.78964667e-01
1.61445022e-01	-1.79046101e-01
1.61611804e-01	-1.79133694e-01
1.61778586e-01	-1.79227288e-01
1.61945368e-01	-1.79326710e-01
1.62112150e-01	-1.79431781e-01
1.62278932e-01	-1.79542310e-01
1.62445714e-01	-1.79658101e-01
1.62612496e-01	-1.79778955e-01
1.62779278e-01	-1.79904669e-01
1.62946061e-01	-1.80035045e-01
1.63112843e-01	-1.80169892e-01
1.63279625e-01	-1.80309023e-01
1.63446407e-01	-1.80452257e-01
1.63613189e-01	-1.80599419e-01
1.63779971e-01	-1.80750335e-01
1.63946753e-01	-1.80904834e-01
1.64113535e-01	-1.81062750e-01
1.64280317e-01	-1.81223923e-01
1.64447099e-01	-1.81388199e-01
1.64613881e-01	-1.81555432e-01
1.64780663e-01	-1.81725481e-01
1.64947445e-01	-1.81898211e-01
1.65114227e-01	-1.82073495e-01
1.65281009e-01	-1.82251216e-01
1.65447791e-01	-1.82431266e-01
1.65614573e-01	-1.82613551e-01
1.65781355e-01	-1.82797988e-01
1.65948137e-01	-1.82984502e-01
1.66114919e-01	-1.83173026e-01
1.66281701e-01	-1.83363498e-01
1.66448484e-01	-1.83555863e-01
1.66615266e-01	-1.83750069e-01
1.66782048e-01	-1.83946070e-01
1.66948830e-01	-1.84143820e-01
1.67115612e-01	-1.84343278e-01
1.67282394e-01	-1.84544407e-01
1.67449176e-01	-1.84747173e-01
1.67615958e-01	-1.84951546e-01
1.67782740e-01	-1.85157494e-01
1.67949522e-01	-1.85364986e-01
1.68116304e-01	-1.85573983e-01
1.68283086e-01	-1.85784442e-01
1.68449868e-01	-1.85996314e-01
1.68616650e-01	-1.86209541e-01
1.68783432e-01	-1.86424060e-01
1.68950214e-01	-1.86639794e-01
1.69116996e-01	-1.86856661e-01
1.69283778e-01	-1.87074567e-01
1.69450560e-01	-1.87293407e-01
1.69617342e-01	-1.87513071e-01
1.69784124e-01	-1.87733438e-01
1.69950907e-01	-1.87954377e-01
1.70117689e-01	-1.88175747e-01
1.70284471e-01	-1.88397396e-01
1.70451253e-01	-1.88619161e-01
1.70618035e-01	-1.88840870e-01
1.70784817e-01	-1.89062345e-01
1.70951599e-01	-1.89283398e-01
1.71118381e-01	-1.89503837e-01
1.71285163e-01	-1.89723464e-01
1.71451945e-01	-1.89942079e-01
1.71618727e-01	-1.90159476e-01
1.71785509e-01	-1.90375447e-01
1.71952291e-01	-1.90589782e-01
1.72119073e-01	-1.90802265e-01
1.72285855e-01	-1.91012682e-01
1.72452637e-01	-1.91220816e-01
1.72619419e-01	-1.91426455e-01
1.72786201e-01	-1.91629391e-01
1.72952983e-01	-1.91829416e-01
1.73119765e-01	-1.92026327e-01
1.73286547e-01	-1.92219928e-01
1.73453330e-01	-1.92410023e-01
1.73620112e-01	-1.92596425e-01
1.73786894e-01	-1.92778951e-01
1.73953676e-01	-1.92957424e-01
1.74120458e-01	-1.93131669e-01
1.74287240e-01	-1.93301521e-01
1.74454022e-01	-1.93466821e-01
1.74620804e-01	-1.93627422e-01
1.74787586e-01	-1.93783190e-01
1.74954368e-01	-1.93933996e-01
1.75121150e-01	-1.94079722e-01
1.75287932e-01	-1.94220255e-01
1.75454714e-01	-1.94355492e-01
1.75621496e-01	-1.94485339e-01
1.75788278e-01	-1.94609711e-01
1.75955060e-01	-1.94728533e-01
1.76121842e-01	-1.94841740e-01
1.76288624e-01	-1.94949275e-01
1.76455406e-01	-1.95051093e-01
1.76622188e-01	-1.95147153e-01
1.76788970e-01	-1.95237424e-01
1.76955753e-01	-1.95321878e-01
1.77122535e-01	-1.95400494e-01
1.77289317e-01	-1.95473254e-01
1.77456099e-01	-1.95540149e-01
1.77622881e-01	-1.95601172e-01
1.77789663e-01	-1.95656324e-01
1.77956445e-01	-1.95705609e-01
1.78123227e-01	-1.95749034e-01
1.78290009e-01	-1.95786608e-01
1.78456791e-01	-1.95818343e-01
1.78623573e-01	-1.95844250e-01
1.78790355e-01	-1.95864337e-01
1.78957137e-01	-1.95878615e-01
1.79123919e-01	-1.95887093e-01
1.79290701e-01	-1.95889779e-01
1.79457483e-01	-1.95886682e-01
1.79624265e-01	-1.95877804e-01
1.79791047e-01	-1.95863140e-01
1.79957829e-01	-1.95842676e-01
1.80124611e-01	-1.95816387e-01
1.80291393e-01	-1.95784240e-01
1.80458176e-01	-1.95746187e-01
1.80624958e-01	-1.95702169e-01
1.80791740e-01	-1.95652107e-01
1.80958522e-01	-1.95595908e-01
1.81125304e-01	-1.95533461e-01
1.81292086e-01	-1.95464636e-01
1.81458868e-01	-1.95389286e-01
1.81625650e-01	-1.95307243e-01
1.81792432e-01	-1.95218325e-01
1.81959214e-01	-1.95122330e-01
1.82125996e-01	-1.95019048e-01
1.82292778e-01	-1.94908255e-01
1.82459560e-01	-1.94789721e-01
1.82626342e-01	-1.94663210e-01
1.82793124e-01	-1.94528486e-01
1.82959906e-01	-1.94385315e-01
1.83126688e-01	-1.94233477e-01
1.83293470e-01	-1.94072767e-01
1.83460252e-01	-1.93903001e-01
1.83627034e-01	-1.93724021e-01
1.83793816e-01	-1.93535700e-01
1.83960599e-01	-1.93337945e-01
1.84127381e-01	-1.93130700e-01
1.84294163e-01	-1.92913949e-01
1.84460945e-01	-1.92687717e-01
1.84627727e-01	-1.92452074e-01
1.84794509e-01	-1.92207131e-01
1.84961291e-01	-1.91953038e-01
1.85128073e-01	-1.91689988e-01
1.85294855e-01	-1.91418205e-01
1.85461637e-01	-1.91137942e-01
1.85628419e-01	-1.90849478e-01
1.85795201e-01	-1.90553110e-01
1.85961983e-01	-1.90249150e-01
1.86128765e-01	-1.89937914e-01
1.86295547e-01	-1.89619724e-01
1.86462329e-01	-1.89294898e-01
1.86629111e-01	-1.88963745e-01
1.86795893e-01	-1.88626563e-01
1.86962675e-01	-1.88283630e-01
1.87129457e-01	-1.87935207e-01
1.87296239e-01	-1.87581532e-01
1.87463022e-01	-1.87222822e-01
1.87629804e-01	-1.86859276e-01
1.87796586e-01	-1.86491070e-01
1.87963368e-01	-1.86118365e-01
1.88130150e-01	-1.85741301e-01
1.88296932e-01	-1.85360008e-01
1.88463714e-01	-1.84974605e-01
1.88630496e-01	-1.84585201e-01
1.88797278e-01	-1.84191899e-01
1.88964060e-01	-1.83794798e-01
1.89130842e-01	-1.83393995e-01
1.89297624e-01	-1.82989585e-01
1.89464406e-01	-1.82581668e-01
1.89631188e-01	-1.82170341e-01
1.89797970e-01	-1.81755703e-01
1.89964752e-01	-1.81337856e-01
1.90131534e-01	-1.80916903e-01
1.90298316e-01	-1.80492948e-01
1.90465098e-01	-1.80066098e-01
1.90631880e-01	-1.79636459e-01
1.90798662e-01	-1.79204135e-01
1.90965445e-01	-1.78769231e-01
1.91132227e-01	-1.78331853e-01
1.91299009e-01	-1.77892104e-01
1.91465791e-01	-1.77450090e-01
1.91632573e-01	-1.77005915e-01
1.91799355e-01	-1.76559683e-01
1.91966137e-01	-1.76111497e-01
1.92132919e-01	-1.75661464e-01
1.92299701e-01	-1.75209685e-01
1.92466483e-01	-1.74756265e-01
1.92633265e-01	-1.74301307e-01
1.92800047e-01	-1.73844915e-01
1.92966829e-01	-1.73387193e-01
1.93133611e-01	-1.72928247e-01
1.93300393e-01	-1.72468182e-01
1.93467175e-01	-1.72007104e-01
1.93633957e-01	-1.71545121e-01
1.93800739e-01	-1.71082341e-01
1.93967521e-01	-1.70618871e-01
1.94134303e-01	-1.70154821e-01
1.94301085e-01	-1.69690299e-01
1.94467868e-01	-1.69225417e-01
1.94634650e-01	-1.68760281e-01
1.94801432e-01	-1.68295001e-01
1.94968214e-01	-1.67829684e-01
1.95134996e-01	-1.67364438e-01
1.95301778e-01	-1.66899368e-01
1.95468560e-01	-1.66434580e-01
1.95635342e-01	-1.65970179e-01
1.95802124e-01	-1.65506265e-01
1.95968906e-01	-1.65042938e-01
1.96135688e-01	-1.64580293e-01
1.96302470e-01	-1.64118422e-01
1.96469252e-01	-1.63657416e-01
1.96636034e-01	-1.63197362e-01
1.96802816e-01	-1.62738343e-01
1.96969598e-01	-1.62280441e-01
1.97136380e-01	-1.61823734e-01
1.97303162e-01	-1.61368298e-01
1.97469944e-01	-1.60914204e-01
1.97636726e-01	-1.60461521e-01
1.97803508e-01	-1.60010313e-01
1.97970291e-01	-1.59560644e-01
1.98137073e-01	-1.59112571e-01
1.98303855e-01	-1.58666152e-01
1.98470637e-01	-1.58221438e-01
1.98637419e-01	-1.57778481e-01
1.98804201e-01	-1.57337328e-01
1.98970983e-01	-1.56898025e-01
1.99137765e-01	-1.56460616e-01
1.99304547e-01	-1.56025142e-01
1.99471329e-01	-1.55591640e-01
1.99638111e-01	-1.55160147e-01
1.99804893e-01	-1.54730697e-01
1.99971675e-01	-1.54303318e-01
2.00138457e-01	-1.53878038e-01
2.00305239e-01	-1.53454879e-01
2.00472021e-01	-1.53033861e-01
2.00638803e-01	-1.52615003e-01
2.00805585e-01	-1.52198319e-01
2.00972367e-01	-1.51783823e-01
2.01139149e-01	-1.51371525e-01
2.01305931e-01	-1.50961435e-01
2.01472713e-01	-1.50553561e-01
2.01639496e-01	-1.50147911e-01
2.01806278e-01	-1.49744490e-01
2.01973060e-01	-1.49343303e-01
2.02139842e-01	-1.48944357e-01
2.02306624e-01	-1.48547658e-01
2.02473406e-01	-1.48153211e-01
2.02640188e-01	-1.47761026e-01
2.02806970e-01	-1.47371112e-01
2.02973752e-01	-1.46983480e-01
2.03140534e-01	-1.46598143e-01
2.03307316e-01	-1.46215113e-01
2.03474098e-01	-1.45834405e-01
2.03640880e-01	-1.45456035e-01
2.03807662e-01	-1.45080019e-01
2.03974444e-01	-1.44706374e-01
2.04141226e-01	-1.44335118e-01
2.04308008e-01	-1.43966270e-01
2.04474790e-01	-1.43599846e-01
2.04641572e-01	-1.43235865e-01
2.04808354e-01	-1.42874343e-01
2.04975136e-01	-1.42515298e-01
2.05141919e-01	-1.42158745e-01
2.05308701e-01	-1.41804700e-01
2.05475483e-01	-1.41453179e-01
2.05642265e-01	-1.41104195e-01
2.05809047e-01	-1.40757762e-01
2.05975829e-01	-1.40413892e-01
2.06142611e-01	-1.40072595e-01
2.06309393e-01	-1.39733881e-01
2.06476175e-01	-1.39397759e-01
2.06642957e-01	-1.39064235e-01
2.06809739e-01	-1.38733312e-01
2.06976521e-01	-1.38404993e-01
2.07143303e-01	-1.38079276e-01
2.07310085e-01	-1.37756158e-01
2.07476867e-01	-1.37435630e-01
2.07643649e-01	-1.37117681e-01
2.07810431e-01	-1.36802294e-01
2.07977213e-01	-1.36489451e-01
2.08143995e-01	-1.36179128e-01
2.08310777e-01	-1.35871298e-01
2.08477559e-01	-1.35565931e-01
2.08644342e-01	-1.35262991e-01
2.08811124e-01	-1.34962444e-01
2.08977906e-01	-1.34664248e-01
2.09144688e-01	-1.34368364e-01
2.09311470e-01	-1.34074750e-01
2.09478252e-01	-1.33783366e-01
2.09645034e-01	-1.33494170e-01
2.09811816e-01	-1.33207128e-01
2.09978598e-01	-1.32922205e-01
2.10145380e-01	-1.32639370e-01
2.10312162e-01	-1.32358600e-01
2.10478944e-01	-1.32079872e-01
2.10645726e-01	-1.31803171e-01
2.10812508e-01	-1.31528481e-01
2.10979290e-01	-1.31255791e-01
2.11146072e-01	-1.30985090e-01
2.11312854e-01	-1.30716367e-01
2.11479636e-01	-1.30449612e-01
2.11646418e-01	-1.30184812e-01
2.11813200e-01	-1.29921953e-01
2.11979982e-01	-1.29661017e-01
2.12146765e-01	-1.29401982e-01
2.12313547e-01	-1.29144824e-01
2.12480329e-01	-1.28889512e-01
2.12647111e-01	-1.28636014e-01
2.12813893e-01	-1.28384292e-01
2.12980675e-01	-1.28134307e-01
2.13147457e-01	-1.27886019e-01
2.13314239e-01	-1.27639387e-01
2.13481021e-01	-1.27394371e-01
2.13647803e-01	-1.27150935e-01
2.13814585e-01	-1.26909043e-01
2.13981367e-01	-1.26668664e-01
2.14148149e-01	-1.26429774e-01
2.14314931e-01	-1.26192350e-01
2.14481713e-01	-1.25956376e-01
2.14648495e-01	-1.25721844e-01
2.14815277e-01	-1.25488748e-01
2.14982059e-01	-1.25257089e-01
2.15148841e-01	-1.25026872e-01
2.15315623e-01	-1.24798106e-01
2.15482405e-01	-1.24570802e-01
2.15649188e-01	-1.24344973e-01
2.15815970e-01	-1.24120631e-01
2.15982752e-01	-1.23897786e-01
2.16149534e-01	-1.23676445e-01
2.16316316e-01	-1.23456612e-01
2.16483098e-01	-1.23238283e-01
2.16649880e-01	-1.23021449e-01
2.16816662e-01	-1.22806095e-01
2.16983444e-01	-1.22592197e-01
2.17150226e-01	-1.22379726e-01
2.17317008e-01	-1.22168645e-01
2.17483790e-01	-1.21958914e-01
2.17650572e-01	-1.21750486e-01
2.17817354e-01	-1.21543315e-01
2.17984136e-01	-1.21337351e-01
2.18150918e-01	-1.21132546e-01
2.18317700e-01	-1.20928853e-01
2.18484482e-01	-1.20726230e-01
2.18651264e-01	-1.20524636e-01
2.18818046e-01	-1.20324035e-01
2.18984828e-01	-1.20124396e-01
2.19151611e-01	-1.19925692e-01
2.19318393e-01	-1.19727899e-01
2.19485175e-01	-1.19530997e-01
2.19651957e-01	-1.19334970e-01
2.19818739e-01	-1.19139807e-01
2.19985521e-01	-1.18945500e-01
2.20152303e-01	-1.18752048e-01
2.20319085e-01	-1.18559454e-01
2.20485867e-01	-1.18367729e-01
2.20652649e-01	-1.18176890e-01
2.20819431e-01	-1.17986961e-01
2.20986213e-01	-1.17797976e-01
2.21152995e-01	-1.17609974e-01
2.21319777e-01	-1.17423002e-01
2.21486559e-01	-1.17237114e-01
2.21653341e-01	-1.17052367e-01
2.21820123e-01	-1.16868821e-01
2.21986905e-01	-1.16686537e-01
2.22153687e-01	-1.16505575e-01
2.22320469e-01	-1.16325993e-01
2.22487251e-01	-1.16147846e-01
2.22654034e-01	-1.15971187e-01
2.22820816e-01	-1.15796064e-01
2.22987598e-01	-1.15622525e-01
2.23154380e-01	-1.15450614e-01
2.23321162e-01	-1.15280376e-01
2.23487944e-01	-1.15111852e-01
2.23654726e-01	-1.14945086e-01
2.23821508e-01	-1.14780117e-01
2.23988290e-01	-1.14616980e-01
2.24155072e-01	-1.14455710e-01
2.24321854e-01	-1.14296334e-01
2.24488636e-01	-1.14138874e-01
2.24655418e-01	-1.13983348e-01
2.24822200e-01	-1.13829765e-01
2.24988982e-01	-1.13678133e-01
2.25155764e-01	-1.13528453e-01
2.25322546e-01	-1.13380723e-01
2.25489328e-01	-1.13234942e-01
2.25656110e-01	-1.13091103e-01
2.25822892e-01	-1.12949200e-01
2.25989674e-01	-1.12809220e-01
2.26156457e-01	-1.12671152e-01
2.26323239e-01	-1.12534977e-01
2.26490021e-01	-1.12400672e-01
2.26656803e-01	-1.12268207e-01
2.26823585e-01	-1.12137549e-01
2.26990367e-01	-1.12008660e-01
2.27157149e-01	-1.11881497e-01
2.27323931e-01	-1.11756017e-01
2.27490713e-01	-1.11632175e-01
2.27657495e-01	-1.11509928e-01
2.27824277e-01	-1.11389231e-01
2.27991059e-01	-1.11270041e-01
2.28157841e-01	-1.11152316e-01
2.28324623e-01	-1.11036013e-01
2.28491405e-01	-1.10921092e-01
2.28658187e-01	-1.10807512e-01
2.28824969e-01	-1.10695233e-01
2.28991751e-01	-1.10584219e-01
2.29158533e-01	-1.10474435e-01
2.29325315e-01	-1.10365852e-01
2.29492097e-01	-1.10258446e-01
2.29658880e-01	-1.10152198e-01
2.29825662e-01	-1.10047097e-01
2.29992444e-01	-1.09943133e-01
2.30159226e-01	-1.09840305e-01
2.30326008e-01	-1.09738612e-01
2.30492790e-01	-1.09638057e-01
2.30659572e-01	-1.09538648e-01
2.30826354e-01	-1.09440395e-01
2.30993136e-01	-1.09343314e-01
2.31159918e-01	-1.09247425e-01
2.31326700e-01	-1.09152759e-01
2.31493482e-01	-1.09059350e-01
2.31660264e-01	-1.08967244e-01
2.31827046e-01	-1.08876489e-01
2.31993828e-01	-1.08787139e-01
2.32160610e-01	-1.08699253e-01
2.32327392e-01	-1.08612890e-01
2.32494174e-01	-1.08528111e-01
2.32660956e-01	-1.08444978e-01
2.32827738e-01	-1.08363556e-01
2.32994520e-01	-1.08283913e-01
2.33161303e-01	-1.08206120e-01
2.33328085e-01	-1.08130252e-01
2.33494867e-01	-1.08056389e-01
2.33661649e-01	-1.07984613e-01
2.33828431e-01	-1.07915006e-01
2.33995213e-01	-1.07847653e-01
2.34161995e-01	-1.07782635e-01
2.34328777e-01	-1.07720033e-01
2.34495559e-01	-1.07659925e-01
2.34662341e-01	-1.07602391e-01
2.34829123e-01	-1.07547504e-01
2.34995905e-01	-1.07495340e-01
2.35162687e-01	-1.07445967e-01
2.35329469e-01	-1.07399448e-01
2.35496251e-01	-1.07355839e-01
2.35663033e-01	-1.07315180e-01
2.35829815e-01	-1.07277504e-01
2.35996597e-01	-1.07242825e-01
2.36163379e-01	-1.07211147e-01
2.36330161e-01	-1.07182461e-01
2.36496943e-01	-1.07156746e-01
2.36663726e-01	-1.07133973e-01
2.36830508e-01	-1.07114098e-01
2.36997290e-01	-1.07097070e-01
2.37164072e-01	-1.07082824e-01
2.37330854e-01	-1.07071279e-01
2.37497636e-01	-1.07062345e-01
2.37664418e-01	-1.07055915e-01
2.37831200e-01	-1.07051873e-01
2.37997982e-01	-1.07050093e-01
2.38164764e-01	-1.07050446e-01
2.38331546e-01	-1.07052796e-01
2.38498328e-01	-1.07057008e-01
2.38665110e-01	-1.07062950e-01
2.38831892e-01	-1.07070486e-01
2.38998674e-01	-1.07079488e-01
2.39165456e-01	-1.07089828e-01
2.39332238e-01	-1.07101386e-01
2.39499020e-01	-1.07114047e-01
2.39665802e-01	-1.07127710e-01
2.39832584e-01	-1.07142284e-01
2.39999366e-01	-1.07157691e-01
2.40166149e-01	-1.07173867e-01
2.40332931e-01	-1.07190760e-01
2.40499713e-01	-1.07208328e-01
2.40666495e-01	-1.07226539e-01
2.40833277e-01	-1.07245370e-01
2.41000059e-01	-1.07264809e-01
2.41166841e-01	-1.07284852e-01
2.41333623e-01	-1.07305510e-01
2.41500405e-01	-1.07326802e-01
2.41667187e-01	-1.07348758e-01
2.41833969e-01	-1.07371416e-01
2.42000751e-01	-1.07394817e-01
2.42167533e-01	-1.07419006e-01
2.42334315e-01	-1.07444027e-01
2.42501097e-01	-1.07469925e-01
2.42667879e-01	-1.07496746e-01
2.42834661e-01	-1.07524539e-01
2.43001443e-01	-1.07553355e-01
2.43168225e-01	-1.07583250e-01
2.43335007e-01	-1.07614284e-01
2.43501789e-01	-1.07646516e-01
2.43668572e-01	-1.07680002e-01
2.43835354e-01	-1.07714797e-01
2.44002136e-01	-1.07750950e-01
2.44168918e-01	-1.07788506e-01
2.44335700e-01	-1.07827506e-01
2.44502482e-01	-1.07867989e-01
2.44669264e-01	-1.07909992e-01
2.44836046e-01	-1.07953547e-01
2.45002828e-01	-1.07998684e-01
2.45169610e-01	-1.08045426e-01
2.45336392e-01	-1.08093788e-01
2.45503174e-01	-1.08143779e-01
2.45669956e-01	-1.08195399e-01
2.45836738e-01	-1.08248642e-01
2.46003520e-01	-1.08303494e-01
2.46170302e-01	-1.08359937e-01
2.46337084e-01	-1.08417949e-01
2.46503866e-01	-1.08477499e-01
2.46670648e-01	-1.08538552e-01
2.46837430e-01	-1.08601065e-01
2.47004212e-01	-1.08664993e-01
2.47170995e-01	-1.08730286e-01
2.47337777e-01	-1.08796893e-01
2.47504559e-01	-1.08864762e-01
2.47671341e-01	-1.08933841e-01
2.47838123e-01	-1.09004077e-01
2.48004905e-01	-1.09075416e-01
2.48171687e-01	-1.09147803e-01
2.48338469e-01	-1.09221182e-01
2.48505251e-01	-1.09295497e-01
2.48672033e-01	-1.09370696e-01
2.48838815e-01	-1.09446728e-01
2.49005597e-01	-1.09523548e-01
2.49172379e-01	-1.09601115e-01
2.49339161e-01	-1.09679389e-01
2.49505943e-01	-1.09758333e-01
2.49672725e-01	-1.09837910e-01
2.49839507e-01	-1.09918085e-01
2.50006289e-01	-1.09998824e-01
2.50173071e-01	-1.10080097e-01
2.50339853e-01	-1.10161875e-01
2.50506635e-01	-1.10244136e-01
2.50673418e-01	-1.10326859e-01
2.50840200e-01	-1.10410027e-01
2.51006982e-01	-1.10493622e-01
2.51173764e-01	-1.10577627e-01
2.51340546e-01	-1.10662025e-01
2.51507328e-01	-1.10746798e-01
2.51674110e-01	-1.10831931e-01
2.51840892e-01	-1.10917411e-01
2.52007674e-01	-1.11003226e-01
2.52174456e-01	-1.11089365e-01
2.52341238e-01	-1.11175821e-01
2.52508020e-01	-1.11262587e-01
2.52674802e-01	-1.11349657e-01
2.52841584e-01	-1.11437029e-01
2.53008366e-01	-1.11524700e-01
2.53175148e-01	-1.11612670e-01
2.53341930e-01	-1.11700941e-01
2.53508712e-01	-1.11789516e-01
2.53675494e-01	-1.11878399e-01
2.53842276e-01	-1.11967595e-01
2.54009058e-01	-1.12057111e-01
2.54175841e-01	-1.12146954e-01
2.54342623e-01	-1.12237133e-01
2.54509405e-01	-1.12327657e-01
2.54676187e-01	-1.12418532e-01
2.54842969e-01	-1.12509765e-01
2.55009751e-01	-1.12601359e-01
2.55176533e-01	-1.12693318e-01
2.55343315e-01	-1.12785640e-01
2.55510097e-01	-1.12878327e-01
2.55676879e-01	-1.12971377e-01
2.55843661e-01	-1.13064789e-01
2.56010443e-01	-1.13158559e-01
2.56177225e-01	-1.13252683e-01
2.56344007e-01	-1.13347150e-01
2.56510789e-01	-1.13441950e-01
2.56677571e-01	-1.13537067e-01
2.56844353e-01	-1.13632487e-01
2.57011135e-01	-1.13728195e-01
2.57177917e-01	-1.13824178e-01
2.57344699e-01	-1.13920422e-01
2.57511481e-01	-1.14016913e-01
2.57678264e-01	-1.14113638e-01
2.57845046e-01	-1.14210582e-01
2.58011828e-01	-1.14307728e-01
2.58178610e-01	-1.14405063e-01
2.58345392e-01	-1.14502569e-01
2.58512174e-01	-1.14600232e-01
2.58678956e-01	-1.14698040e-01
2.58845738e-01	-1.14795981e-01
2.59012520e-01	-1.14894044e-01
2.59179302e-01	-1.14992216e-01
2.59346084e-01	-1.15090486e-01
2.59512866e-01	-1.15188839e-01
2.59679648e-01	-1.15287262e-01
2.59846430e-01	-1.15385739e-01
2.60013212e-01	-1.15484253e-01
2.60179994e-01	-1.15582787e-01
2.60346776e-01	-1.15681322e-01
2.60513558e-01	-1.15779837e-01
2.60680340e-01	-1.15878308e-01
2.60847122e-01	-1.15976709e-01
2.61013904e-01	-1.16075012e-01
2.61180687e-01	-1.16173186e-01
2.61347469e-01	-1.16271198e-01
2.61514251e-01	-1.16369013e-01
2.61681033e-01	-1.16466595e-01
2.61847815e-01	-1.16563911e-01
2.62014597e-01	-1.16660926e-01
2.62181379e-01	-1.16757606e-01
2.62348161e-01	-1.16853922e-01
2.62514943e-01	-1.16949842e-01
2.62681725e-01	-1.17045341e-01
2.62848507e-01	-1.17140397e-01
2.63015289e-01	-1.17234992e-01
2.63182071e-01	-1.17329114e-01
2.63348853e-01	-1.17422756e-01
2.63515635e-01	-1.17515918e-01
2.63682417e-01	-1.17608605e-01
2.63849199e-01	-1.17700825e-01
2.64015981e-01	-1.17792593e-01
2.64182763e-01	-1.17883925e-01
2.64349545e-01	-1.17974843e-01
2.64516327e-01	-1.18065368e-01
2.64683110e-01	-1.18155528e-01
2.64849892e-01	-1.18245348e-01
2.65016674e-01	-1.18334856e-01
2.65183456e-01	-1.18424077e-01
2.65350238e-01	-1.18513038e-01
2.65517020e-01	-1.18601760e-01
2.65683802e-01	-1.18690267e-01
2.65850584e-01	-1.18778579e-01
2.66017366e-01	-1.18866715e-01
2.66184148e-01	-1.18954694e-01
2.66350930e-01	-1.19042533e-01
2.66517712e-01	-1.19130246e-01
2.66684494e-01	-1.19217847e-01
2.66851276e-01	-1.19305348e-01
2.67018058e-01	-1.19392756e-01
2.67184840e-01	-1.19480079e-01
2.67351622e-01	-1.19567320e-01
2.67518404e-01	-1.19654482e-01
2.67685186e-01	-1.19741564e-01
2.67851968e-01	-1.19828562e-01
2.68018750e-01	-1.19915467e-01
2.68185533e-01	-1.20002269e-01
2.68352315e-01	-1.20088953e-01
2.68519097e-01	-1.20175501e-01
2.68685879e-01	-1.20261895e-01
2.68852661e-01	-1.20348115e-01
2.69019443e-01	-1.20434139e-01
2.69186225e-01	-1.20519946e-01
2.69353007e-01	-1.20605513e-01
2.69519789e-01	-1.20690819e-01
2.69686571e-01	-1.20775840e-01
2.69853353e-01	-1.20860556e-01
2.70020135e-01	-1.20944946e-01
2.70186917e-01	-1.21028987e-01
2.70353699e-01	-1.21112659e-01
2.70520481e-01	-1.21195941e-01
2.70687263e-01	-1.21278809e-01
2.70854045e-01	-1.21361239e-01
2.71020827e-01	-1.21443203e-01
2.71187609e-01	-1.21524673e-01
2.71354391e-01	-1.21605617e-01
2.71521173e-01	-1.21686001e-01
2.71687956e-01	-1.21765791e-01
2.71854738e-01	-1.21844950e-01
2.72021520e-01	-1.21923440e-01
2.72188302e-01	-1.22001224e-01
2.72355084e-01	-1.22078262e-01
2.72521866e-01	-1.22154519e-01
2.72688648e-01	-1.22229956e-01
2.72855430e-01	-1.22304540e-01
2.73022212e-01	-1.22378236e-01
2.73188994e-01	-1.22451012e-01
2.73355776e-01	-1.22522836e-01
2.73522558e-01	-1.22593675e-01
2.73689340e-01	-1.22663498e-01
2.73856122e-01	-1.22732270e-01
2.74022904e-01	-1.22799957e-01
2.74189686e-01	-1.22866526e-01
2.74356468e-01	-1.22931939e-01
2.74523250e-01	-1.22996163e-01
2.74690032e-01	-1.23059164e-01
2.74856814e-01	-1.23120908e-01
2.75023596e-01	-1.23181364e-01
2.75190379e-01	-1.23240503e-01
2.75357161e-01	-1.23298299e-01
2.75523943e-01	-1.23354728e-01
2.75690725e-01	-1.23409769e-01
2.75857507e-01	-1.23463402e-01
2.76024289e-01	-1.23515610e-01
2.76191071e-01	-1.23566377e-01
2.76357853e-01	-1.23615686e-01
2.76524635e-01	-1.23663521e-01
2.76691417e-01	-1.23709866e-01
2.76858199e-01	-1.23754707e-01
2.77024981e-01	-1.23798029e-01
2.77191763e-01	-1.23839818e-01
2.77358545e-01	-1.23880061e-01
2.77525327e-01	-1.23918746e-01
2.77692109e-01	-1.23955863e-01
2.77858891e-01	-1.23991402e-01
2.78025673e-01	-1.24025357e-01
2.78192455e-01	-1.24057720e-01
2.78359237e-01	-1.24088486e-01
2.78526019e-01	-1.24117646e-01
2.78692802e-01	-1.24145195e-01
2.78859584e-01	-1.24171124e-01
2.79026366e-01	-1.24195423e-01
2.79193148e-01	-1.24218083e-01
2.79359930e-01	-1.24239096e-01
2.79526712e-01	-1.24258452e-01
2.79693494e-01	-1.24276142e-01
2.79860276e-01	-1.24292160e-01
2.80027058e-01	-1.24306500e-01
2.80193840e-01	-1.24319159e-01
2.80360622e-01	-1.24330138e-01
2.80527404e-01	-1.24339440e-01
2.80694186e-01	-1.24347070e-01
2.80860968e-01	-1.24353039e-01
2.81027750e-01	-1.24357364e-01
2.81194532e-01	-1.24360065e-01
2.81361314e-01	-1.24361171e-01
2.81528096e-01	-1.24360717e-01
2.81694878e-01	-1.24358750e-01
2.81861660e-01	-1.24355324e-01
2.82028442e-01	-1.24350506e-01
2.82195225e-01	-1.24344371e-01
2.82362007e-01	-1.24337011e-01
2.82528789e-01	-1.24328525e-01
2.82695571e-01	-1.24319027e-01
2.82862353e-01	-1.24308643e-01
2.83029135e-01	-1.24297509e-01
2.83195917e-01	-1.24285776e-01
2.83362699e-01	-1.24273602e-01
2.83529481e-01	-1.24261161e-01
2.83696263e-01	-1.24248634e-01
2.83863045e-01	-1.24236213e-01
2.84029827e-01	-1.24224097e-01
2.84196609e-01	-1.24212492e-01
2.84363391e-01	-1.24201606e-01
2.84530173e-01	-1.24191647e-01
2.84696955e-01	-1.24182822e-01
2.84863737e-01	-1.24175332e-01
2.85030519e-01	-1.24169366e-01
2.85197301e-01	-1.24165103e-01
2.85364083e-01	-1.24162703e-01
2.85530865e-01	-1.24162306e-01
2.85697648e-01	-1.24164028e-01
2.85864430e-01	-1.24167960e-01
2.86031212e-01	-1.24174161e-01
2.86197994e-01	-1.24182654e-01
2.86364776e-01	-1.24193429e-01
2.86531558e-01	-1.24206435e-01
2.86698340e-01	-1.24221581e-01
2.86865122e-01	-1.24238733e-01
2.87031904e-01	-1.24257715e-01
2.87198686e-01	-1.24278312e-01
2.87365468e-01	-1.24300267e-01
2.87532250e-01	-1.24323290e-01
2.87699032e-01	-1.24347056e-01
2.87865814e-01	-1.24371217e-01
2.88032596e-01	-1.24395401e-01
2.88199378e-01	-1.24419224e-01
2.88366160e-01	-1.24442290e-01
2.88532942e-01	-1.24464202e-01
2.88699724e-01	-1.24484570e-01
2.88866506e-01	-1.24503010e-01
2.89033288e-01	-1.24519158e-01
2.89200071e-01	-1.24532672e-01
2.89366853e-01	-1.24543236e-01
2.89533635e-01	-1.24550568e-01
2.89700417e-01	-1.24554420e-01
2.89867199e-01	-1.24554582e-01
2.90033981e-01	-1.24550884e-01
2.90200763e-01	-1.24543193e-01
2.90367545e-01	-1.24531412e-01
2.90534327e-01	-1.24515482e-01
2.90701109e-01	-1.24495370e-01
2.90867891e-01	-1.24471075e-01
2.91034673e-01	-1.24442616e-01
2.91201455e-01	-1.24410031e-01
2.91368237e-01	-1.24373375e-01
2.91535019e-01	-1.24332709e-01
2.91701801e-01	-1.24288105e-01
2.91868583e-01	-1.24239635e-01
2.92035365e-01	-1.24187375e-01
2.92202147e-01	-1.24131398e-01
2.92368929e-01	-1.24071776e-01
2.92535711e-01	-1.24008575e-01
2.92702494e-01	-1.23941860e-01
2.92869276e-01	-1.23871692e-01
2.93036058e-01	-1.23798130e-01
2.93202840e-01	-1.23721234e-01
2.93369622e-01	-1.23641065e-01
2.93536404e-01	-1.23557689e-01
2.93703186e-01	-1.23471179e-01
2.93869968e-01	-1.23381615e-01
2.94036750e-01	-1.23289084e-01
2.94203532e-01	-1.23193686e-01
2.94370314e-01	-1.23095528e-01
2.94537096e-01	-1.22994725e-01
2.94703878e-01	-1.22891399e-01
2.94870660e-01	-1.22785679e-01
2.95037442e-01	-1.22677694e-01
2.95204224e-01	-1.22567579e-01
2.95371006e-01	-1.22455466e-01
2.95537788e-01	-1.22341486e-01
2.95704570e-01	-1.22225765e-01
2.95871352e-01	-1.22108424e-01
2.96038134e-01	-1.21989580e-01
2.96204917e-01	-1.21869341e-01
2.96371699e-01	-1.21747807e-01
2.96538481e-01	-1.21625074e-01
2.96705263e-01	-1.21501228e-01
2.96872045e-01	-1.21376351e-01
2.97038827e-01	-1.21250518e-01
2.97205609e-01	-1.21123799e-01
2.97372391e-01	-1.20996260e-01
2.97539173e-01	-1.20867962e-01
2.97705955e-01	-1.20738961e-01
2.97872737e-01	-1.20609313e-01
2.98039519e-01	-1.20479068e-01
2.98206301e-01	-1.20348274e-01
2.98373083e-01	-1.20216978e-01
2.98539865e-01	-1.20085223e-01
2.98706647e-01	-1.19953052e-01
2.98873429e-01	-1.19820505e-01
2.99040211e-01	-1.19687618e-01
2.99206993e-01	-1.19554430e-01
2.99373775e-01	-1.19420973e-01
2.99540557e-01	-1.19287282e-01
2.99707340e-01	-1.19153390e-01
2.99874122e-01	-1.19019328e-01
3.00040904e-01	-1.18885127e-01
3.00207686e-01	-1.18750819e-01
3.00374468e-01	-1.18616435e-01
3.00541250e-01	-1.18482005e-01
3.00708032e-01	-1.18347560e-01
3.00874814e-01	-1.18213133e-01
3.01041596e-01	-1.18078756e-01
3.01208378e-01	-1.17944464e-01
3.01375160e-01	-1.17810294e-01
3.01541942e-01	-1.17676287e-01
3.01708724e-01	-1.17542484e-01
3.01875506e-01	-1.17408934e-01
3.02042288e-01	-1.17275684e-01
3.02209070e-01	-1.17142786e-01
3.02375852e-01	-1.17010296e-01
3.02542634e-01	-1.16878268e-01
3.02709416e-01	-1.16746760e-01
3.02876198e-01	-1.16615831e-01
3.03042980e-01	-1.16485543e-01
3.03209763e-01	-1.16355958e-01
3.03376545e-01	-1.16227141e-01
3.03543327e-01	-1.16099155e-01
3.03710109e-01	-1.15972068e-01
3.03876891e-01	-1.15845943e-01
3.04043673e-01	-1.15720845e-01
3.04210455e-01	-1.15596835e-01
3.04377237e-01	-1.15473976e-01
3.04544019e-01	-1.15352323e-01
3.04710801e-01	-1.15231932e-01
3.04877583e-01	-1.15112855e-01
3.05044365e-01	-1.14995139e-01
3.05211147e-01	-1.14878830e-01
3.05377929e-01	-1.14763969e-01
3.05544711e-01	-1.14650595e-01
3.05711493e-01	-1.14538740e-01
3.05878275e-01	-1.14428432e-01
3.06045057e-01	-1.14319692e-01
3.06211839e-01	-1.14212537e-01
3.06378621e-01	-1.14106978e-01
3.06545403e-01	-1.14003019e-01
3.06712186e-01	-1.13900661e-01
3.06878968e-01	-1.13799898e-01
3.07045750e-01	-1.13700718e-01
3.07212532e-01	-1.13603106e-01
3.07379314e-01	-1.13507041e-01
3.07546096e-01	-1.13412497e-01
3.07712878e-01	-1.13319444e-01
3.07879660e-01	-1.13227850e-01
3.08046442e-01	-1.13137675e-01
3.08213224e-01	-1.13048882e-01
3.08380006e-01	-1.12961428e-01
3.08546788e-01	-1.12875267e-01
3.08713570e-01	-1.12790353e-01
3.08880352e-01	-1.12706636e-01
3.09047134e-01	-1.12624063e-01
3.09213916e-01	-1.12542583e-01
3.09380698e-01	-1.12462139e-01
3.09547480e-01	-1.12382677e-01
3.09714262e-01	-1.12304142e-01
3.09881044e-01	-1.12226480e-01
3.10047826e-01	-1.12149635e-01
3.10214609e-01	-1.12073555e-01
3.10381391e-01	-1.11998186e-01
3.10548173e-01	-1.11923475e-01
3.10714955e-01	-1.11849371e-01
3.10881737e-01	-1.11775823e-01
3.11048519e-01	-1.11702780e-01
3.11215301e-01	-1.11630195e-01
3.11382083e-01	-1.11558019e-01
3.11548865e-01	-1.11486208e-01
3.11715647e-01	-1.11414717e-01
3.11882429e-01	-1.11343503e-01
3.12049211e-01	-1.11272525e-01
3.12215993e-01	-1.11201744e-01
3.12382775e-01	-1.11131123e-01
3.12549557e-01	-1.11060625e-01
3.12716339e-01	-1.10990220e-01
3.12883121e-01	-1.10919878e-01
3.13049903e-01	-1.10849574e-01
3.13216685e-01	-1.10779284e-01
3.13383467e-01	-1.10708990e-01
3.13550249e-01	-1.10638675e-01
3.13717032e-01	-1.10568329e-01
3.13883814e-01	-1.10497941e-01
3.14050596e-01	-1.10427507e-01
3.14217378e-01	-1.10357025e-01
3.14384160e-01	-1.10286495e-01
3.14550942e-01	-1.10215920e-01
3.14717724e-01	-1.10145307e-01
3.14884506e-01	-1.10074664e-01
3.15051288e-01	-1.10004000e-01
3.15218070e-01	-1.09933327e-01
3.15384852e-01	-1.09862657e-01
3.15551634e-01	-1.09792004e-01
3.15718416e-01	-1.09721382e-01
3.15885198e-01	-1.09650803e-01
3.16051980e-01	-1.09580282e-01
3.16218762e-01	-1.09509828e-01
3.16385544e-01	-1.09439451e-01
3.16552326e-01	-1.09369159e-01
3.16719108e-01	-1.09298957e-01
3.16885890e-01	-1.09228849e-01
3.17052672e-01	-1.09158837e-01
3.17219455e-01	-1.09088921e-01
3.17386237e-01	-1.09019101e-01
3.17553019e-01	-1.08949375e-01
3.17719801e-01	-1.08879739e-01
3.17886583e-01	-1.08810190e-01
3.18053365e-01	-1.08740723e-01
3.18220147e-01	-1.08671332e-01
3.18386929e-01	-1.08602011e-01
3.18553711e-01	-1.08532752e-01
3.18720493e-01	-1.08463549e-01
3.18887275e-01	-1.08394392e-01
3.19054057e-01	-1.08325274e-01
3.19220839e-01	-1.08256185e-01
3.19387621e-01	-1.08187115e-01
3.19554403e-01	-1.08118056e-01
3.19721185e-01	-1.08048999e-01
3.19887967e-01	-1.07979934e-01
3.20054749e-01	-1.07910854e-01
3.20221531e-01	-1.07841751e-01
3.20388313e-01	-1.07772620e-01
3.20555095e-01	-1.07703455e-01
3.20721878e-01	-1.07634248e-01
3.20888660e-01	-1.07564995e-01
3.21055442e-01	-1.07495689e-01
3.21222224e-01	-1.07426326e-01
3.21389006e-01	-1.07356902e-01
3.21555788e-01	-1.07287411e-01
3.21722570e-01	-1.07217849e-01
3.21889352e-01	-1.07148213e-01
3.22056134e-01	-1.07078497e-01
3.22222916e-01	-1.07008698e-01
3.22389698e-01	-1.06938813e-01
3.22556480e-01	-1.06868836e-01
3.22723262e-01	-1.06798764e-01
3.22890044e-01	-1.06728594e-01
3.23056826e-01	-1.06658320e-01
3.23223608e-01	-1.06587939e-01
3.23390390e-01	-1.06517446e-01
3.23557172e-01	-1.06446837e-01
3.23723954e-01	-1.06376108e-01
3.23890736e-01	-1.06305254e-01
3.24057518e-01	-1.06234274e-01
3.24224301e-01	-1.06163162e-01
3.24391083e-01	-1.06091917e-01
3.24557865e-01	-1.06020534e-01
3.24724647e-01	-1.05949011e-01
3.24891429e-01	-1.05877344e-01
3.25058211e-01	-1.05805530e-01
3.25224993e-01	-1.05733567e-01
3.25391775e-01	-1.05661452e-01
3.25558557e-01	-1.05589185e-01
3.25725339e-01	-1.05516765e-01
3.25892121e-01	-1.05444191e-01
3.26058903e-01	-1.05371465e-01
3.26225685e-01	-1.05298587e-01
3.26392467e-01	-1.05225559e-01
3.26559249e-01	-1.05152386e-01
3.26726031e-01	-1.05079070e-01
3.26892813e-01	-1.05005619e-01
3.27059595e-01	-1.04932041e-01
3.27226377e-01	-1.04858345e-01
3.27393159e-01	-1.04784544e-01
3.27559941e-01	-1.04710650e-01
3.27726724e-01	-1.04636682e-01
3.27893506e-01	-1.04562657e-01
3.28060288e-01	-1.04488597e-01
3.28227070e-01	-1.04414525e-01
3.28393852e-01	-1.04340467e-01
3.28560634e-01	-1.04266453e-01
3.28727416e-01	-1.04192513e-01
3.28894198e-01	-1.04118678e-01
3.29060980e-01	-1.04044982e-01
3.29227762e-01	-1.03971461e-01
3.29394544e-01	-1.03898149e-01
3.29561326e-01	-1.03825081e-01
3.29728108e-01	-1.03752293e-01
3.29894890e-01	-1.03679816e-01
3.30061672e-01	-1.03607685e-01
3.30228454e-01	-1.03535927e-01
3.30395236e-01	-1.03464571e-01
3.30562018e-01	-1.03393641e-01
3.30728800e-01	-1.03323158e-01
3.30895582e-01	-1.03253141e-01
3.31062364e-01	-1.03183606e-01
3.31229147e-01	-1.03114564e-01
3.31395929e-01	-1.03046025e-01
3.31562711e-01	-1.02977995e-01
3.31729493e-01	-1.02910477e-01
3.31896275e-01	-1.02843470e-01
3.32063057e-01	-1.02776974e-01
3.32229839e-01	-1.02710985e-01
3.32396621e-01	-1.02645496e-01
3.32563403e-01	-1.02580501e-01
3.32730185e-01	-1.02515991e-01
3.32896967e-01	-1.02451956e-01
3.33063749e-01	-1.02388388e-01
3.33230531e-01	-1.02325276e-01
3.33397313e-01	-1.02262610e-01
3.33564095e-01	-1.02200380e-01
3.33730877e-01	-1.02138573e-01
