-9.84014081e-03	0.00000000e+00
-9.67335876e-03	0.00000000e+00
-9.50657671e-03	0.00000000e+00
-9.33979467e-03	-2.57421748e-10
-9.17301262e-03	-9.83333992e-10
-9.00623057e-03	-2.27797540e-09
-8.83944852e-03	-4.53574390e-09
-8.67266648e-03	-8.41649222e-09
-8.50588443e-03	-1.50083255e-08
-8.33910238e-03	-2.60855434e-08
-8.17232033e-03	-4.45107464e-08
-8.00553828e-03	-7.48534568e-08
-7.83875624e-03	-1.24330960e-07
-7.67197419e-03	-2.04221774e-07
-7.50519214e-03	-3.31963610e-07
-7.33841009e-03	-5.34229282e-07
-7.17162805e-03	-8.51381402e-07
-7.00484600e-03	-1.34384256e-06
-6.83806395e-03	-2.10108946e-06
-6.67128190e-03	-3.25418888e-06
-6.50449986e-03	-4.99303816e-06
-6.33771781e-03	-7.58975874e-06
-6.17093576e-03	-1.14300047e-05
-6.00415371e-03	-1.70542699e-05
-5.83737167e-03	-2.52115960e-05
-5.67058962e-03	-3.69283638e-05
-5.50380757e-03	-5.35950208e-05
-5.33702552e-03	-7.70736414e-05
-5.17024348e-03	-1.09829058e-04
-5.00346143e-03	-1.55085797e-04
-4.83667938e-03	-2.17012254e-04
-4.66989733e-03	-3.00932272e-04
-4.50311529e-03	-4.13562494e-04
-4.33633324e-03	-5.63271602e-04
-4.16955119e-03	-7.60354770e-04
-4.00276914e-03	-1.01731344e-03
-3.83598709e-03	-1.34912696e-03
-3.66920505e-03	-1.77349908e-03
-3.50242300e-03	-2.31105902e-03
-3.33564095e-03	-2.98549356e-03
-3.16885890e-03	-3.82358532e-03
-3.00207686e-03	-4.85513132e-03
-2.83529481e-03	-6.11271748e-03
-2.66851276e-03	-7.63132794e-03
-2.50173071e-03	-9.44777360e-03
-2.33494867e-03	-1.15999324e-02
-2.16816662e-03	-1.41258039e-02
-2.00138457e-03	-1.70623925e-02
-1.83460252e-03	-2.04444460e-02
-1.66782048e-03	-2.43030918e-02
-1.50103843e-03	-2.86644208e-02
-1.33425638e-03	-3.35480842e-02
-1.16747433e-03	-3.89659738e-02
-1.00069229e-03	-4.49210582e-02
-8.33910238e-04	-5.14064496e-02
-6.67128190e-04	-5.84047644e-02
-5.00346143e-04	-6.58878366e-02
-3.33564095e-04	-7.38168166e-02
-1.66782048e-04	-8.21426772e-02
0.00000000e+00	-9.08071224e-02
1.66782048e-04	-9.97438692e-02
3.33564095e-04	-1.08880255e-01
5.00346143e-04	-1.18139100e-01
6.67128190e-04	-1.27440740e-01
8.33910238e-04	-1.36705136e-01
1.00069229e-03	-1.45853962e-01
1.16747433e-03	-1.54812575e-01
1.33425638e-03	-1.63511783e-01
1.50103843e-03	-1.71889334e-01
1.66782048e-03	-1.79891086e-01
1.83460252e-03	-1.87471805e-01
2.00138457e-03	-1.94595597e-01
2.16816662e-03	-2.01235982e-01
2.33494867e-03	-2.07375632e-01
2.50173071e-03	-2.13005816e-01
2.66851276e-03	-2.18125628e-01
2.83529481e-03	-2.22741032e-01
3.00207686e-03	-2.26863796e-01
3.16885890e-03	-2.30510396e-01
3.33564095e-03	-2.33700912e-01
3.50242300e-03	-2.36457986e-01
3.66920505e-03	-2.38805864e-01
3.83598709e-03	-2.40769568e-01
4.00276914e-03	-2.42374178e-01
4.16955119e-03	-2.43644264e-01
4.33633324e-03	-2.44603448e-01
4.50311529e-03	-2.45274084e-01
4.66989733e-03	-2.45677056e-01
4.83667938e-03	-2.45831664e-01
5.00346143e-03	-2.45755598e-01
5.17024348e-03	-2.45464948e-01
5.33702552e-03	-2.44974290e-01
5.50380757e-03	-2.44296794e-01
5.67058962e-03	-2.43444334e-01
5.83737167e-03	-2.42427646e-01
6.00415371e-03	-2.41256458e-01
6.17093576e-03	-2.39939646e-01
6.33771781e-03	-2.38485378e-01
6.50449986e-03	-2.36901244e-01
6.67128190e-03	-2.35194392e-01
6.83806395e-03	-2.33371648e-01
7.00484600e-03	-2.31439622e-01
7.17162805e-03	-2.29404808e-01
7.33841009e-03	-2.27273668e-01
7.50519214e-03	-2.25052694e-01
7.67197419e-03	-2.22748460e-01
7.83875624e-03	-2.20367662e-01
8.00553828e-03	-2.17917128e-01
8.17232033e-03	-2.15403826e-01
8.33910238e-03	-2.12834846e-01
8.50588443e-03	-2.10217380e-01
8.67266648e-03	-2.07558680e-01
8.83944852e-03	-2.04866014e-01
9.00623057e-03	-2.02146616e-01
9.17301262e-03	-1.99407636e-01
9.33979467e-03	-1.96656082e-01
9.50657671e-03	-1.93898776e-01
9.67335876e-03	-1.91142305e-01
9.84014081e-03	-1.88392988e-01
1.00069229e-02	-1.85656855e-01
1.01737049e-02	-1.82939635e-01
1.03404870e-02	-1.80246719e-01
1.05072690e-02	-1.77583138e-01
1.06740510e-02	-1.74953561e-01
1.08408331e-02	-1.72362328e-01
1.10076151e-02	-1.69813473e-01
1.11743972e-02	-1.67310732e-01
1.13411792e-02	-1.64857551e-01
1.15079613e-02	-1.62457099e-01
1.16747433e-02	-1.60112277e-01
1.18415254e-02	-1.57825726e-01
1.20083074e-02	-1.55599824e-01
1.21750895e-02	-1.53436680e-01
1.23418715e-02	-1.51338111e-01
1.25086536e-02	-1.49305632e-01
1.26754356e-02	-1.47340424e-01
1.28422177e-02	-1.45443314e-01
1.30089997e-02	-1.43614740e-01
1.31757818e-02	-1.41854729e-01
1.33425638e-02	-1.40162866e-01
1.35093459e-02	-1.38538273e-01
1.36761279e-02	-1.36979594e-01
1.38429100e-02	-1.35484992e-01
1.40096920e-02	-1.34052146e-01
1.41764740e-02	-1.32678274e-01
1.43432561e-02	-1.31360153e-01
1.45100381e-02	-1.30094166e-01
1.46768202e-02	-1.28876352e-01
1.48436022e-02	-1.27702470e-01
1.50103843e-02	-1.26568076e-01
1.51771663e-02	-1.25468592e-01
1.53439484e-02	-1.24399387e-01
1.55107304e-02	-1.23355838e-01
1.56775125e-02	-1.22333384e-01
1.58442945e-02	-1.21327568e-01
1.60110766e-02	-1.20334094e-01
1.61778586e-02	-1.19348898e-01
1.63446407e-02	-1.18368262e-01
1.65114227e-02	-1.17388922e-01
1.66782048e-02	-1.16408134e-01
1.68449868e-02	-1.15423653e-01
1.70117689e-02	-1.14433642e-01
1.71785509e-02	-1.13436594e-01
1.73453330e-02	-1.12431343e-01
1.75121150e-02	-1.11417149e-01
1.76788970e-02	-1.10393752e-01
1.78456791e-02	-1.09361300e-01
1.80124611e-02	-1.08320187e-01
1.81792432e-02	-1.07270959e-01
1.83460252e-02	-1.06214356e-01
1.85128073e-02	-1.05151385e-01
1.86795893e-02	-1.04083277e-01
1.88463714e-02	-1.03011323e-01
1.90131534e-02	-1.01936781e-01
1.91799355e-02	-1.00860904e-01
1.93467175e-02	-9.97849660e-02
1.95134996e-02	-9.87101946e-02
1.96802816e-02	-9.76376914e-02
1.98470637e-02	-9.65684988e-02
2.00138457e-02	-9.55037016e-02
2.01806278e-02	-9.44443650e-02
2.03474098e-02	-9.33913440e-02
2.05141919e-02	-9.23452090e-02
2.06809739e-02	-9.13063632e-02
2.08477559e-02	-9.02751912e-02
2.10145380e-02	-8.92521260e-02
2.11813200e-02	-8.82376734e-02
2.13481021e-02	-8.72323724e-02
2.15148841e-02	-8.62366604e-02
2.16816662e-02	-8.52507924e-02
2.18484482e-02	-8.42749922e-02
2.20152303e-02	-8.33096860e-02
2.21820123e-02	-8.23555232e-02
2.23487944e-02	-8.14132190e-02
2.25155764e-02	-8.04834858e-02
2.26823585e-02	-7.95671080e-02
2.28491405e-02	-7.86650100e-02
2.30159226e-02	-7.77782732e-02
2.31827046e-02	-7.69081316e-02
2.33494867e-02	-7.60559168e-02
2.35162687e-02	-7.52229806e-02
2.36830508e-02	-7.44106812e-02
2.38498328e-02	-7.36204040e-02
2.40166149e-02	-7.28535202e-02
2.41833969e-02	-7.21113226e-02
2.43501789e-02	-7.13949810e-02
2.45169610e-02	-7.07054856e-02
2.46837430e-02	-7.00436040e-02
2.48505251e-02	-6.94099084e-02
2.50173071e-02	-6.88047512e-02
2.51840892e-02	-6.82281080e-02
2.53508712e-02	-6.76794758e-02
2.55176533e-02	-6.71579316e-02
2.56844353e-02	-6.66621654e-02
2.58512174e-02	-6.61903894e-02
2.60179994e-02	-6.57403116e-02
2.61847815e-02	-6.53092676e-02
2.63515635e-02	-6.48943448e-02
2.65183456e-02	-6.44923630e-02
2.66851276e-02	-6.40998150e-02
2.68519097e-02	-6.37129268e-02
2.70186917e-02	-6.33278036e-02
2.71854738e-02	-6.29405034e-02
2.73522558e-02	-6.25470558e-02
2.75190379e-02	-6.21435698e-02
2.76858199e-02	-6.17263686e-02
2.78526019e-02	-6.12919624e-02
2.80193840e-02	-6.08369736e-02
2.81861660e-02	-6.03582204e-02
2.83529481e-02	-5.98528562e-02
2.85197301e-02	-5.93183738e-02
2.86865122e-02	-5.87525478e-02
2.88532942e-02	-5.81534314e-02
2.90200763e-02	-5.75193610e-02
2.91868583e-02	-5.68489302e-02
2.93536404e-02	-5.61410028e-02
2.95204224e-02	-5.53947450e-02
2.96872045e-02	-5.46095902e-02
2.98539865e-02	-5.37851560e-02
3.00207686e-02	-5.29212214e-02
3.01875506e-02	-5.20177708e-02
3.03543327e-02	-5.10750014e-02
3.05211147e-02	-5.00932610e-02
3.06878968e-02	-4.90729934e-02
3.08546788e-02	-4.80147414e-02
3.10214609e-02	-4.69191748e-02
3.11882429e-02	-4.57870962e-02
3.13550249e-02	-4.46194102e-02
3.15218070e-02	-4.34170928e-02
3.16885890e-02	-4.21812020e-02
3.18553711e-02	-4.09129052e-02
3.20221531e-02	-3.96134770e-02
3.21889352e-02	-3.82842588e-02
3.23557172e-02	-3.69266198e-02
3.25224993e-02	-3.55419566e-02
3.26892813e-02	-3.41317242e-02
3.28560634e-02	-3.26974440e-02
3.30228454e-02	-3.12406646e-02
3.31896275e-02	-2.97629422e-02
3.33564095e-02	-2.82658730e-02
3.35231916e-02	-2.67510972e-02
3.36899736e-02	-2.52202408e-02
3.38567557e-02	-2.36748966e-02
3.40235377e-02	-2.21166670e-02
3.41903198e-02	-2.05471758e-02
3.43571018e-02	-1.89680450e-02
3.45238839e-02	-1.73808851e-02
3.46906659e-02	-1.57872936e-02
3.48574479e-02	-1.41888632e-02
3.50242300e-02	-1.25871939e-02
3.51910120e-02	-1.09838757e-02
3.53577941e-02	-9.38047518e-03
3.55245761e-02	-7.77856436e-03
3.56913582e-02	-6.17973178e-03
3.58581402e-02	-4.58554832e-03
3.60249223e-02	-2.99755930e-03
3.61917043e-02	-1.41732041e-03
3.63584864e-02	1.53592871e-04
3.65252684e-02	1.71361611e-03
3.66920505e-02	3.26119896e-03
3.68588325e-02	4.79477668e-03
3.70256146e-02	6.31276744e-03
3.71923966e-02	7.81358250e-03
3.73591787e-02	9.29561906e-03
3.75259607e-02	1.07572533e-02
3.76927428e-02	1.21968337e-02
3.78595248e-02	1.36126755e-02
3.80263069e-02	1.50030625e-02
3.81930889e-02	1.63662300e-02
3.83598709e-02	1.77003522e-02
3.85266530e-02	1.90035641e-02
3.86934350e-02	2.02739644e-02
3.88602171e-02	2.15095900e-02
3.90269991e-02	2.27084228e-02
3.91937812e-02	2.38684146e-02
3.93605632e-02	2.49874920e-02
3.95273453e-02	2.60635552e-02
3.96941273e-02	2.70944930e-02
3.98609094e-02	2.80782116e-02
4.00276914e-02	2.90126518e-02
4.01944735e-02	2.98957990e-02
4.03612555e-02	3.07257120e-02
4.05280376e-02	3.15005480e-02
4.06948196e-02	3.22185732e-02
4.08616017e-02	3.28781838e-02
4.10283837e-02	3.34779328e-02
4.11951658e-02	3.40165516e-02
4.13619478e-02	3.44929614e-02
4.15287299e-02	3.49062834e-02
4.16955119e-02	3.52558618e-02
4.18622939e-02	3.55412790e-02
4.20290760e-02	3.57623516e-02
4.21958580e-02	3.59191418e-02
4.23626401e-02	3.60119672e-02
4.25294221e-02	3.60413920e-02
4.26962042e-02	3.60082248e-02
4.28629862e-02	3.59135178e-02
4.30297683e-02	3.57585580e-02
4.31965503e-02	3.55448516e-02
4.33633324e-02	3.52741096e-02
4.35301144e-02	3.49482376e-02
4.36968965e-02	3.45693156e-02
4.38636785e-02	3.41395714e-02
4.40304606e-02	3.36613672e-02
4.41972426e-02	3.31371804e-02
4.43640247e-02	3.25695742e-02
4.45308067e-02	3.19611798e-02
4.46975888e-02	3.13146810e-02
4.48643708e-02	3.06327956e-02
4.50311529e-02	2.99182544e-02
4.51979349e-02	2.91737848e-02
4.53647169e-02	2.84021012e-02
4.55314990e-02	2.76058842e-02
4.56982810e-02	2.67877608e-02
4.58650631e-02	2.59502972e-02
4.60318451e-02	2.50959806e-02
4.61986272e-02	2.42272072e-02
4.63654092e-02	2.33462832e-02
4.65321913e-02	2.24554214e-02
4.66989733e-02	2.15567508e-02
4.68657554e-02	2.06523250e-02
4.70325374e-02	1.97441315e-02
4.71993195e-02	1.88340976e-02
4.73661015e-02	1.79240875e-02
4.75328836e-02	1.70158983e-02
4.76996656e-02	1.61112576e-02
4.78664477e-02	1.52118111e-02
4.80332297e-02	1.43191272e-02
4.82000118e-02	1.34347106e-02
4.83667938e-02	1.25600087e-02
4.85335759e-02	1.16964279e-02
4.87003579e-02	1.08453438e-02
4.88671399e-02	1.00080983e-02
4.90339220e-02	9.18599162e-03
4.92007040e-02	8.38027104e-03
4.93674861e-02	7.59212538e-03
4.95342681e-02	6.82268688e-03
4.97010502e-02	6.07304132e-03
4.98678322e-02	5.34424608e-03
5.00346143e-02	4.63733816e-03
5.02013963e-02	3.95333492e-03
5.03681784e-02	3.29322838e-03
5.05349604e-02	2.65797226e-03
5.07017425e-02	2.04847688e-03
5.08685245e-02	1.46561370e-03
5.10353066e-02	9.10227774e-04
5.12020886e-02	3.83149280e-04
5.13688707e-02	-1.14805059e-04
5.15356527e-02	-5.82834522e-04
5.17024348e-02	-1.02016609e-03
5.18692168e-02	-1.42606288e-03
5.20359989e-02	-1.79981327e-03
5.22027809e-02	-2.14071786e-03
5.23695629e-02	-2.44807490e-03
5.25363450e-02	-2.72117160e-03
5.27031270e-02	-2.95929464e-03
5.28699091e-02	-3.16174202e-03
5.30366911e-02	-3.32783342e-03
5.32034732e-02	-3.45691394e-03
5.33702552e-02	-3.54834656e-03
5.35370373e-02	-3.60151076e-03
5.37038193e-02	-3.61580566e-03
5.38706014e-02	-3.59065678e-03
5.40373834e-02	-3.52552408e-03
5.42041655e-02	-3.41989510e-03
5.43709475e-02	-3.27327640e-03
5.45377296e-02	-3.08518946e-03
5.47045116e-02	-2.85517304e-03
5.48712937e-02	-2.58280130e-03
5.50380757e-02	-2.26769934e-03
5.52048578e-02	-1.90954557e-03
5.53716398e-02	-1.50806417e-03
5.55384219e-02	-1.06300953e-03
5.57052039e-02	-5.74158404e-04
5.58719859e-02	-4.13122562e-05
5.60387680e-02	5.35694962e-04
5.62055500e-02	1.15699090e-03
5.63723321e-02	1.82266811e-03
5.65391141e-02	2.53278912e-03
5.67058962e-02	3.28739096e-03
5.68726782e-02	4.08648824e-03
5.70394603e-02	4.93007530e-03
5.72062423e-02	5.81813270e-03
5.73730244e-02	6.75063138e-03
5.75398064e-02	7.72753114e-03
5.77065885e-02	8.74877218e-03
5.78733705e-02	9.81426480e-03
5.80401526e-02	1.09238905e-02
5.82069346e-02	1.20775090e-02
5.83737167e-02	1.32749671e-02
5.85404987e-02	1.45161002e-02
5.87072808e-02	1.58007165e-02
5.88740628e-02	1.71285834e-02
5.90408449e-02	1.84994174e-02
5.92076269e-02	1.99128829e-02
5.93744089e-02	2.13686010e-02
5.95411910e-02	2.28661472e-02
5.97079730e-02	2.44050474e-02
5.98747551e-02	2.59847692e-02
6.00415371e-02	2.76047134e-02
6.02083192e-02	2.92642126e-02
6.03751012e-02	3.09625326e-02
6.05418833e-02	3.26988726e-02
6.07086653e-02	3.44723724e-02
6.08754474e-02	3.62821124e-02
6.10422294e-02	3.81271148e-02
6.12090115e-02	4.00063440e-02
6.13757935e-02	4.19187048e-02
6.15425756e-02	4.38630512e-02
6.17093576e-02	4.58381962e-02
6.18761397e-02	4.78429218e-02
6.20429217e-02	4.98759838e-02
6.22097038e-02	5.19361108e-02
6.23764858e-02	5.40220090e-02
6.25432678e-02	5.61323712e-02
6.27100499e-02	5.82658910e-02
6.28768319e-02	6.04212714e-02
6.30436140e-02	6.25972276e-02
6.32103960e-02	6.47924850e-02
6.33771781e-02	6.70057800e-02
6.35439601e-02	6.92358672e-02
6.37107422e-02	7.14815260e-02
6.38775242e-02	7.37415608e-02
6.40443063e-02	7.60147990e-02
6.42110883e-02	7.83000850e-02
6.43778704e-02	8.05962780e-02
6.45446524e-02	8.29022520e-02
6.47114345e-02	8.52168950e-02
6.48782165e-02	8.75391054e-02
6.50449986e-02	8.98677862e-02
6.52117806e-02	9.22018382e-02
6.53785627e-02	9.45401574e-02
6.55453447e-02	9.68816300e-02
6.57121268e-02	9.92251322e-02
6.58789088e-02	1.01569526e-01
6.60456908e-02	1.03913659e-01
6.62124729e-02	1.06256359e-01
6.63792549e-02	1.08596438e-01
6.65460370e-02	1.10932691e-01
6.67128190e-02	1.13263903e-01
6.68796011e-02	1.15588855e-01
6.70463831e-02	1.17906329e-01
6.72131652e-02	1.20215116e-01
6.73799472e-02	1.22514020e-01
6.75467293e-02	1.24801877e-01
6.77135113e-02	1.27077560e-01
6.78802934e-02	1.29339995e-01
6.80470754e-02	1.31588157e-01
6.82138575e-02	1.33821086e-01
6.83806395e-02	1.36037891e-01
6.85474216e-02	1.38237761e-01
6.87142036e-02	1.40419971e-01
6.88809857e-02	1.42583887e-01
6.90477677e-02	1.44728965e-01
6.92145498e-02	1.46854764e-01
6.93813318e-02	1.48960940e-01
6.95481138e-02	1.51047245e-01
6.97148959e-02	1.53113512e-01
6.98816779e-02	1.55159652e-01
7.00484600e-02	1.57185638e-01
7.02152420e-02	1.59191489e-01
7.03820241e-02	1.61177258e-01
7.05488061e-02	1.63143008e-01
7.07155882e-02	1.65088801e-01
7.08823702e-02	1.67014679e-01
7.10491523e-02	1.68920645e-01
7.12159343e-02	1.70806646e-01
7.13827164e-02	1.72672553e-01
7.15494984e-02	1.74518143e-01
7.17162805e-02	1.76343084e-01
7.18830625e-02	1.78146922e-01
7.20498446e-02	1.79929076e-01
7.22166266e-02	1.81688841e-01
7.23834087e-02	1.83425387e-01
7.25501907e-02	1.85137770e-01
7.27169728e-02	1.86824941e-01
7.28837548e-02	1.88485762e-01
7.30505368e-02	1.90119028e-01
7.32173189e-02	1.91723488e-01
7.33841009e-02	1.93297869e-01
7.35508830e-02	1.94840912e-01
7.37176650e-02	1.96351412e-01
7.38844471e-02	1.97828244e-01
7.40512291e-02	1.99270399e-01
7.42180112e-02	2.00677010e-01
7.43847932e-02	2.02047378e-01
7.45515753e-02	2.03381000e-01
7.47183573e-02	2.04677570e-01
7.48851394e-02	2.05937010e-01
7.50519214e-02	2.07159456e-01
7.52187035e-02	2.08345278e-01
7.53854855e-02	2.09495054e-01
7.55522676e-02	2.10609568e-01
7.57190496e-02	2.11689786e-01
7.58858317e-02	2.12736828e-01
7.60526137e-02	2.13751956e-01
7.62193958e-02	2.14736544e-01
7.63861778e-02	2.15692046e-01
7.65529598e-02	2.16619980e-01
7.67197419e-02	2.17521880e-01
7.68865239e-02	2.18399282e-01
7.70533060e-02	2.19253690e-01
7.72200880e-02	2.20086560e-01
7.73868701e-02	2.20899272e-01
7.75536521e-02	2.21693130e-01
7.77204342e-02	2.22469336e-01
7.78872162e-02	2.23229000e-01
7.80539983e-02	2.23973108e-01
7.82207803e-02	2.24702542e-01
7.83875624e-02	2.25418064e-01
7.85543444e-02	2.26120336e-01
7.87211265e-02	2.26809912e-01
7.88879085e-02	2.27487244e-01
7.90546906e-02	2.28152684e-01
7.92214726e-02	2.28806498e-01
7.93882547e-02	2.29448866e-01
7.95550367e-02	2.30079896e-01
7.97218188e-02	2.30699630e-01
7.98886008e-02	2.31308066e-01
8.00553828e-02	2.31905158e-01
8.02221649e-02	2.32490818e-01
8.03889469e-02	2.33064926e-01
8.05557290e-02	2.33627334e-01
8.07225110e-02	2.34177876e-01
8.08892931e-02	2.34716370e-01
8.10560751e-02	2.35242630e-01
8.12228572e-02	2.35756462e-01
8.13896392e-02	2.36257674e-01
8.15564213e-02	2.36746064e-01
8.17232033e-02	2.37221444e-01
8.18899854e-02	2.37683616e-01
8.20567674e-02	2.38132396e-01
8.22235495e-02	2.38567596e-01
8.23903315e-02	2.38989036e-01
8.25571136e-02	2.39396532e-01
8.27238956e-02	2.39789912e-01
8.28906777e-02	2.40169006e-01
8.30574597e-02	2.40533648e-01
8.32242418e-02	2.40883682e-01
8.33910238e-02	2.41218946e-01
8.35578058e-02	2.41539284e-01
8.37245879e-02	2.41844548e-01
8.38913699e-02	2.42134594e-01
8.40581520e-02	2.42409288e-01
8.42249340e-02	2.42668508e-01
8.43917161e-02	2.42912134e-01
8.45584981e-02	2.43140064e-01
8.47252802e-02	2.43352198e-01
8.48920622e-02	2.43548460e-01
8.50588443e-02	2.43728788e-01
8.52256263e-02	2.43893140e-01
8.53924084e-02	2.44041496e-01
8.55591904e-02	2.44173848e-01
8.57259725e-02	2.44290222e-01
8.58927545e-02	2.44390660e-01
8.60595366e-02	2.44475232e-01
8.62263186e-02	2.44544030e-01
8.63931007e-02	2.44597174e-01
8.65598827e-02	2.44634806e-01
8.67266648e-02	2.44657098e-01
8.68934468e-02	2.44664240e-01
8.70602288e-02	2.44656454e-01
8.72270109e-02	2.44633970e-01
8.73937929e-02	2.44597046e-01
8.75605750e-02	2.44545956e-01
8.77273570e-02	2.44480988e-01
8.78941391e-02	2.44402450e-01
8.80609211e-02	2.44310662e-01
8.82277032e-02	2.44205946e-01
8.83944852e-02	2.44088640e-01
8.85612673e-02	2.43959084e-01
8.87280493e-02	2.43817628e-01
8.88948314e-02	2.43664624e-01
8.90616134e-02	2.43500426e-01
8.92283955e-02	2.43325386e-01
8.93951775e-02	2.43139856e-01
8.95619596e-02	2.42944192e-01
8.97287416e-02	2.42738744e-01
8.98955237e-02	2.42523866e-01
9.00623057e-02	2.42299900e-01
9.02290878e-02	2.42067190e-01
9.03958698e-02	2.41826076e-01
9.05626518e-02	2.41576888e-01
9.07294339e-02	2.41319962e-01
9.08962159e-02	2.41055622e-01
9.10629980e-02	2.40784186e-01
9.12297800e-02	2.40505974e-01
9.13965621e-02	2.40221298e-01
9.15633441e-02	2.39930468e-01
9.17301262e-02	2.39633790e-01
9.18969082e-02	2.39331576e-01
9.20636903e-02	2.39024130e-01
9.22304723e-02	2.38711764e-01
9.23972544e-02	2.38394788e-01
9.25640364e-02	2.38073512e-01
9.27308185e-02	2.37748260e-01
9.28976005e-02	2.37419356e-01
9.30643826e-02	2.37087138e-01
9.32311646e-02	2.36751954e-01
9.33979467e-02	2.36414158e-01
9.35647287e-02	2.36074120e-01
9.37315108e-02	2.35732214e-01
9.38982928e-02	2.35388832e-01
9.40650748e-02	2.35044378e-01
9.42318569e-02	2.34699262e-01
9.43986389e-02	2.34353900e-01
9.45654210e-02	2.34008708e-01
9.47322030e-02	2.33664108e-01
9.48989851e-02	2.33320520e-01
9.50657671e-02	2.32978352e-01
9.52325492e-02	2.32638002e-01
9.53993312e-02	2.32299848e-01
9.55661133e-02	2.31964248e-01
9.57328953e-02	2.31631536e-01
9.58996774e-02	2.31302010e-01
9.60664594e-02	2.30975936e-01
9.62332415e-02	2.30653544e-01
9.64000235e-02	2.30335022e-01
9.65668056e-02	2.30020520e-01
9.67335876e-02	2.29710146e-01
9.69003697e-02	2.29403972e-01
9.70671517e-02	2.29102036e-01
9.72339338e-02	2.28804344e-01
9.74007158e-02	2.28510876e-01
9.75674978e-02	2.28221584e-01
9.77342799e-02	2.27936414e-01
9.79010619e-02	2.27655294e-01
9.80678440e-02	2.27378158e-01
9.82346260e-02	2.27104930e-01
9.84014081e-02	2.26835550e-01
9.85681901e-02	2.26569964e-01
9.87349722e-02	2.26308134e-01
9.89017542e-02	2.26050038e-01
9.90685363e-02	2.25795674e-01
9.92353183e-02	2.25545056e-01
9.94021004e-02	2.25298220e-01
9.95688824e-02	2.25055220e-01
9.97356645e-02	2.24816126e-01
9.99024465e-02	2.24581020e-01
1.00069229e-01	2.24349996e-01
1.00236011e-01	2.24123156e-01
1.00402793e-01	2.23900608e-01
1.00569575e-01	2.23682464e-01
1.00736357e-01	2.23468838e-01
1.00903139e-01	2.23259842e-01
1.01069921e-01	2.23055582e-01
1.01236703e-01	2.22856166e-01
1.01403485e-01	2.22661686e-01
1.01570267e-01	2.22472232e-01
1.01737049e-01	2.22287878e-01
1.01903831e-01	2.22108686e-01
1.02070613e-01	2.21934710e-01
1.02237395e-01	2.21765984e-01
1.02404177e-01	2.21602534e-01
1.02570959e-01	2.21444368e-01
1.02737741e-01	2.21291484e-01
1.02904523e-01	2.21143868e-01
1.03071305e-01	2.21001500e-01
1.03238087e-01	2.20864352e-01
1.03404870e-01	2.20732390e-01
1.03571652e-01	2.20605576e-01
1.03738434e-01	2.20483868e-01
1.03905216e-01	2.20367220e-01
1.04071998e-01	2.20255586e-01
1.04238780e-01	2.20148914e-01
1.04405562e-01	2.20047142e-01
1.04572344e-01	2.19950200e-01
1.04739126e-01	2.19858006e-01
1.04905908e-01	2.19770468e-01
1.05072690e-01	2.19687480e-01
1.05239472e-01	2.19608924e-01
1.05406254e-01	2.19534670e-01
1.05573036e-01	2.19464588e-01
1.05739818e-01	2.19398544e-01
1.05906600e-01	2.19336406e-01
1.06073382e-01	2.19278048e-01
1.06240164e-01	2.19223348e-01
1.06406946e-01	2.19172194e-01
1.06573728e-01	2.19124478e-01
1.06740510e-01	2.19080088e-01
1.06907293e-01	2.19038910e-01
1.07074075e-01	2.19000818e-01
1.07240857e-01	2.18965682e-01
1.07407639e-01	2.18933362e-01
1.07574421e-01	2.18903708e-01
1.07741203e-01	2.18876566e-01
1.07907985e-01	2.18851786e-01
1.08074767e-01	2.18829220e-01
1.08241549e-01	2.18808730e-01
1.08408331e-01	2.18790180e-01
1.08575113e-01	2.18773444e-01
1.08741895e-01	2.18758398e-01
1.08908677e-01	2.18744916e-01
1.09075459e-01	2.18732870e-01
1.09242241e-01	2.18722122e-01
1.09409023e-01	2.18712538e-01
1.09575805e-01	2.18703982e-01
1.09742587e-01	2.18696324e-01
1.09909369e-01	2.18689450e-01
1.10076151e-01	2.18683252e-01
1.10242933e-01	2.18677638e-01
1.10409716e-01	2.18672522e-01
1.10576498e-01	2.18667828e-01
1.10743280e-01	2.18663478e-01
1.10910062e-01	2.18659390e-01
1.11076844e-01	2.18655484e-01
1.11243626e-01	2.18651676e-01
1.11410408e-01	2.18647894e-01
1.11577190e-01	2.18644070e-01
1.11743972e-01	2.18640146e-01
1.11910754e-01	2.18636072e-01
1.12077536e-01	2.18631808e-01
1.12244318e-01	2.18627306e-01
1.12411100e-01	2.18622512e-01
1.12577882e-01	2.18617362e-01
1.12744664e-01	2.18611778e-01
1.12911446e-01	2.18605682e-01
1.13078228e-01	2.18598998e-01
1.13245010e-01	2.18591654e-01
1.13411792e-01	2.18583586e-01
1.13578574e-01	2.18574736e-01
1.13745356e-01	2.18565050e-01
1.13912139e-01	2.18554466e-01
1.14078921e-01	2.18542912e-01
1.14245703e-01	2.18530310e-01
1.14412485e-01	2.18516582e-01
1.14579267e-01	2.18501646e-01
1.14746049e-01	2.18485438e-01
1.14912831e-01	2.18467900e-01
1.15079613e-01	2.18448992e-01
1.15246395e-01	2.18428680e-01
1.15413177e-01	2.18406932e-01
1.15579959e-01	2.18383716e-01
1.15746741e-01	2.18358996e-01
1.15913523e-01	2.18332738e-01
1.16080305e-01	2.18304912e-01
1.16247087e-01	2.18275498e-01
1.16413869e-01	2.18244488e-01
1.16580651e-01	2.18211878e-01
1.16747433e-01	2.18177670e-01
1.16914215e-01	2.18141864e-01
1.17080997e-01	2.18104452e-01
1.17247779e-01	2.18065430e-01
1.17414562e-01	2.18024796e-01
1.17581344e-01	2.17982556e-01
1.17748126e-01	2.17938730e-01
1.17914908e-01	2.17893344e-01
1.18081690e-01	2.17846432e-01
1.18248472e-01	2.17798028e-01
1.18415254e-01	2.17748156e-01
1.18582036e-01	2.17696828e-01
1.18748818e-01	2.17644052e-01
1.18915600e-01	2.17589824e-01
1.19082382e-01	2.17534136e-01
1.19249164e-01	2.17476968e-01
1.19415946e-01	2.17418286e-01
1.19582728e-01	2.17358032e-01
1.19749510e-01	2.17296132e-01
1.19916292e-01	2.17232492e-01
1.20083074e-01	2.17167004e-01
1.20249856e-01	2.17099550e-01
1.20416638e-01	2.17030012e-01
1.20583420e-01	2.16958264e-01
1.20750202e-01	2.16884170e-01
1.20916985e-01	2.16807586e-01
1.21083767e-01	2.16728352e-01
1.21250549e-01	2.16646306e-01
1.21417331e-01	2.16561278e-01
1.21584113e-01	2.16473110e-01
1.21750895e-01	2.16381658e-01
1.21917677e-01	2.16286786e-01
1.22084459e-01	2.16188382e-01
1.22251241e-01	2.16086338e-01
1.22418023e-01	2.15980566e-01
1.22584805e-01	2.15870992e-01
1.22751587e-01	2.15757564e-01
1.22918369e-01	2.15640246e-01
1.23085151e-01	2.15519020e-01
1.23251933e-01	2.15393874e-01
1.23418715e-01	2.15264812e-01
1.23585497e-01	2.15131838e-01
1.23752279e-01	2.14994968e-01
1.23919061e-01	2.14854226e-01
1.24085843e-01	2.14709640e-01
1.24252625e-01	2.14561254e-01
1.24419408e-01	2.14409106e-01
1.24586190e-01	2.14253232e-01
1.24752972e-01	2.14093652e-01
1.24919754e-01	2.13930386e-01
1.25086536e-01	2.13763438e-01
1.25253318e-01	2.13592812e-01
1.25420100e-01	2.13418510e-01
1.25586882e-01	2.13240528e-01
1.25753664e-01	2.13058860e-01
1.25920446e-01	2.12873488e-01
1.26087228e-01	2.12684396e-01
1.26254010e-01	2.12491564e-01
1.26420792e-01	2.12294962e-01
1.26587574e-01	2.12094564e-01
1.26754356e-01	2.11890338e-01
1.26921138e-01	2.11682252e-01
1.27087920e-01	2.11470280e-01
1.27254702e-01	2.11254404e-01
1.27421484e-01	2.11034624e-01
1.27588266e-01	2.10810952e-01
1.27755048e-01	2.10583424e-01
1.27921831e-01	2.10352086e-01
1.28088613e-01	2.10116994e-01
1.28255395e-01	2.09878226e-01
1.28422177e-01	2.09635872e-01
1.28588959e-01	2.09390050e-01
1.28755741e-01	2.09140900e-01
1.28922523e-01	2.08888588e-01
1.29089305e-01	2.08633298e-01
1.29256087e-01	2.08375228e-01
1.29422869e-01	2.08114592e-01
1.29589651e-01	2.07851614e-01
1.29756433e-01	2.07586522e-01
1.29923215e-01	2.07319564e-01
1.30089997e-01	2.07050984e-01
1.30256779e-01	2.06781038e-01
1.30423561e-01	2.06509986e-01
1.30590343e-01	2.06238092e-01
1.30757125e-01	2.05965622e-01
1.30923907e-01	2.05692846e-01
1.31090689e-01	2.05420034e-01
1.31257471e-01	2.05147454e-01
1.31424254e-01	2.04875372e-01
1.31591036e-01	2.04604048e-01
1.31757818e-01	2.04333750e-01
1.31924600e-01	2.04064732e-01
1.32091382e-01	2.03797254e-01
1.32258164e-01	2.03531560e-01
1.32424946e-01	2.03267878e-01
1.32591728e-01	2.03006432e-01
1.32758510e-01	2.02747432e-01
1.32925292e-01	2.02491084e-01
1.33092074e-01	2.02237590e-01
1.33258856e-01	2.01987152e-01
1.33425638e-01	2.01739968e-01
1.33592420e-01	2.01496236e-01
1.33759202e-01	2.01256150e-01
1.33925984e-01	2.01019896e-01
1.34092766e-01	2.00787664e-01
1.34259548e-01	2.00559636e-01
1.34426330e-01	2.00335988e-01
1.34593112e-01	2.00116886e-01
1.34759894e-01	1.99902483e-01
1.34926677e-01	1.99692918e-01
1.35093459e-01	1.99488311e-01
1.35260241e-01	1.99288765e-01
1.35427023e-01	1.99094367e-01
1.35593805e-01	1.98905184e-01
1.35760587e-01	1.98721269e-01
1.35927369e-01	1.98542653e-01
1.36094151e-01	1.98369349e-01
1.36260933e-01	1.98201342e-01
1.36427715e-01	1.98038584e-01
1.36594497e-01	1.97880997e-01
1.36761279e-01	1.97728473e-01
1.36928061e-01	1.97580876e-01
1.37094843e-01	1.97438050e-01
1.37261625e-01	1.97299819e-01
1.37428407e-01	1.97165995e-01
1.37595189e-01	1.97036377e-01
1.37761971e-01	1.96910757e-01
1.37928753e-01	1.96788924e-01
1.38095535e-01	1.96670665e-01
1.38262317e-01	1.96555765e-01
1.38429100e-01	1.96444008e-01
1.38595882e-01	1.96335175e-01
1.38762664e-01	1.96229044e-01
1.38929446e-01	1.96125389e-01
1.39096228e-01	1.96023984e-01
1.39263010e-01	1.95924600e-01
1.39429792e-01	1.95827005e-01
1.39596574e-01	1.95730964e-01
1.39763356e-01	1.95636236e-01
1.39930138e-01	1.95542571e-01
1.40096920e-01	1.95449705e-01
1.40263702e-01	1.95357369e-01
1.40430484e-01	1.95265284e-01
1.40597266e-01	1.95173170e-01
1.40764048e-01	1.95080751e-01
1.40930830e-01	1.94987760e-01
1.41097612e-01	1.94893948e-01
1.41264394e-01	1.94799083e-01
1.41431176e-01	1.94702957e-01
1.41597958e-01	1.94605384e-01
1.41764740e-01	1.94506209e-01
1.41931523e-01	1.94405300e-01
1.42098305e-01	1.94302553e-01
1.42265087e-01	1.94197889e-01
1.42431869e-01	1.94091252e-01
1.42598651e-01	1.93982607e-01
1.42765433e-01	1.93871944e-01
1.42932215e-01	1.93759270e-01
1.43098997e-01	1.93644615e-01
1.43265779e-01	1.93528021e-01
1.43432561e-01	1.93409548e-01
1.43599343e-01	1.93289270e-01
1.43766125e-01	1.93167279e-01
1.43932907e-01	1.93043680e-01
1.44099689e-01	1.92918597e-01
1.44266471e-01	1.92792161e-01
1.44433253e-01	1.92664504e-01
1.44600035e-01	1.92535753e-01
1.44766817e-01	1.92406012e-01
1.44933599e-01	1.92275359e-01
1.45100381e-01	1.92143836e-01
1.45267163e-01	1.92011443e-01
1.45433946e-01	1.91878139e-01
1.45600728e-01	1.91743837e-01
1.45767510e-01	1.91608411e-01
1.45934292e-01	1.91471700e-01
1.46101074e-01	1.91333511e-01
1.46267856e-01	1.91193630e-01
1.46434638e-01	1.91051824e-01
1.46601420e-01	1.90907855e-01
1.46768202e-01	1.90761476e-01
1.46934984e-01	1.90612445e-01
1.47101766e-01	1.90460520e-01
1.47268548e-01	1.90305467e-01
1.47435330e-01	1.90147065e-01
1.47602112e-01	1.89985105e-01
1.47768894e-01	1.89819397e-01
1.47935676e-01	1.89649777e-01
1.48102458e-01	1.89476110e-01
1.48269240e-01	1.89298299e-01
1.48436022e-01	1.89116290e-01
1.48602804e-01	1.88930070e-01
1.48769586e-01	1.88739669e-01
1.48936369e-01	1.88545151e-01
1.49103151e-01	1.88346613e-01
1.49269933e-01	1.88144180e-01
1.49436715e-01	1.87938002e-01
1.49603497e-01	1.87728253e-01
1.49770279e-01	1.87515131e-01
1.49937061e-01	1.87298861e-01
1.50103843e-01	1.87079692e-01
1.50270625e-01	1.86857901e-01
1.50437407e-01	1.86633784e-01
1.50604189e-01	1.86407663e-01
1.50770971e-01	1.86179874e-01
1.50937753e-01	1.85950765e-01
1.51104535e-01	1.85720694e-01
1.51271317e-01	1.85490022e-01
1.51438099e-01	1.85259112e-01
1.51604881e-01	1.85028326e-01
1.51771663e-01	1.84798024e-01
1.51938445e-01	1.84568563e-01
1.52105227e-01	1.84340296e-01
1.52272009e-01	1.84113569e-01
1.52438792e-01	1.83888716e-01
1.52605574e-01	1.83666061e-01
1.52772356e-01	1.83445909e-01
1.52939138e-01	1.83228547e-01
1.53105920e-01	1.83014239e-01
1.53272702e-01	1.82803228e-01
1.53439484e-01	1.82595740e-01
1.53606266e-01	1.82391984e-01
1.53773048e-01	1.82192157e-01
1.53939830e-01	1.81996445e-01
1.54106612e-01	1.81805025e-01
1.54273394e-01	1.81618062e-01
1.54440176e-01	1.81435706e-01
1.54606958e-01	1.81258097e-01
1.54773740e-01	1.81085361e-01
1.54940522e-01	1.80917614e-01
1.55107304e-01	1.80754963e-01
1.55274086e-01	1.80597511e-01
1.55440868e-01	1.80445358e-01
1.55607650e-01	1.80298600e-01
1.55774432e-01	1.80157331e-01
1.55941215e-01	1.80021642e-01
1.56107997e-01	1.79891618e-01
1.56274779e-01	1.79767339e-01
1.56441561e-01	1.79648882e-01
1.56608343e-01	1.79536319e-01
1.56775125e-01	1.79429726e-01
1.56941907e-01	1.79329178e-01
1.57108689e-01	1.79234754e-01
1.57275471e-01	1.79146536e-01
1.57442253e-01	1.79064607e-01
1.57609035e-01	1.78989055e-01
1.57775817e-01	1.78919963e-01
1.57942599e-01	1.78857415e-01
1.58109381e-01	1.78801489e-01
1.58276163e-01	1.78752264e-01
1.58442945e-01	1.78709813e-01
1.58609727e-01	1.78674209e-01
1.58776509e-01	1.78645521e-01
1.58943291e-01	1.78623809e-01
1.59110073e-01	1.78609124e-01
1.59276855e-01	1.78601501e-01
1.59443638e-01	1.78600962e-01
1.59610420e-01	1.78607509e-01
1.59777202e-01	1.78621133e-01
1.59943984e-01	1.78641812e-01
1.60110766e-01	1.78669513e-01
1.60277548e-01	1.78704194e-01
1.60444330e-01	1.78745798e-01
1.60611112e-01	1.78794257e-01
1.60777894e-01	1.78849488e-01
1.60944676e-01	1.78911395e-01
1.61111458e-01	1.78979867e-01
1.61278240e-01	1.79054781e-01
1.61445022e-01	1.79136000e-01
1.61611804e-01	1.79223378e-01
1.61778586e-01	1.79316755e-01
1.61945368e-01	1.79415959e-01
1.62112150e-01	1.79520811e-01
1.62278932e-01	1.79631119e-01
1.62445714e-01	1.79746688e-01
1.62612496e-01	1.79867318e-01
1.62779278e-01	1.79992808e-01
1.62946061e-01	1.80122958e-01
1.63112843e-01	1.80257578e-01
1.63279625e-01	1.80396480e-01
1.63446407e-01	1.80539485e-01
1.63613189e-01	1.80686416e-01
1.63779971e-01	1.80837099e-01
1.63946753e-01	1.80991364e-01
1.64113535e-01	1.81149045e-01
1.64280317e-01	1.81309982e-01
1.64447099e-01	1.81474020e-01
1.64613881e-01	1.81641014e-01
1.64780663e-01	1.81810822e-01
1.64947445e-01	1.81983311e-01
1.65114227e-01	1.82158352e-01
1.65281009e-01	1.82335828e-01
1.65447791e-01	1.82515633e-01
1.65614573e-01	1.82697673e-01
1.65781355e-01	1.82881862e-01
1.65948137e-01	1.83068127e-01
1.66114919e-01	1.83256401e-01
1.66281701e-01	1.83446622e-01
1.66448484e-01	1.83638736e-01
1.66615266e-01	1.83832690e-01
1.66782048e-01	1.84028437e-01
1.66948830e-01	1.84225932e-01
1.67115612e-01	1.84425135e-01
1.67282394e-01	1.84626008e-01
1.67449176e-01	1.84828518e-01
1.67615958e-01	1.85032633e-01
1.67782740e-01	1.85238323e-01
1.67949522e-01	1.85445556e-01
1.68116304e-01	1.85654295e-01
1.68283086e-01	1.85864494e-01
1.68449868e-01	1.86076106e-01
1.68616650e-01	1.86289073e-01
1.68783432e-01	1.86503331e-01
1.68950214e-01	1.86718804e-01
1.69116996e-01	1.86935410e-01
1.69283778e-01	1.87153054e-01
1.69450560e-01	1.87371632e-01
1.69617342e-01	1.87591034e-01
1.69784124e-01	1.87811139e-01
1.69950907e-01	1.88031816e-01
1.70117689e-01	1.88252925e-01
1.70284471e-01	1.88474311e-01
1.70451253e-01	1.88695814e-01
1.70618035e-01	1.88917260e-01
1.70784817e-01	1.89138472e-01
1.70951599e-01	1.89359262e-01
1.71118381e-01	1.89579439e-01
1.71285163e-01	1.89798803e-01
1.71451945e-01	1.90017155e-01
1.71618727e-01	1.90234289e-01
1.71785509e-01	1.90449998e-01
1.71952291e-01	1.90664069e-01
1.72119073e-01	1.90876289e-01
1.72285855e-01	1.91086442e-01
1.72452637e-01	1.91294313e-01
1.72619419e-01	1.91499688e-01
1.72786201e-01	1.91702360e-01
1.72952983e-01	1.91902121e-01
1.73119765e-01	1.92098768e-01
1.73286547e-01	1.92292103e-01
1.73453330e-01	1.92481933e-01
1.73620112e-01	1.92668070e-01
1.73786894e-01	1.92850331e-01
1.73953676e-01	1.93028537e-01
1.74120458e-01	1.93202516e-01
1.74287240e-01	1.93372101e-01
1.74454022e-01	1.93537134e-01
1.74620804e-01	1.93697468e-01
1.74787586e-01	1.93852967e-01
1.74954368e-01	1.94003505e-01
1.75121150e-01	1.94148962e-01
1.75287932e-01	1.94289225e-01
1.75454714e-01	1.94424193e-01
1.75621496e-01	1.94553769e-01
1.75788278e-01	1.94677870e-01
1.75955060e-01	1.94796421e-01
1.76121842e-01	1.94909356e-01
1.76288624e-01	1.95016619e-01
1.76455406e-01	1.95118164e-01
1.76622188e-01	1.95213951e-01
1.76788970e-01	1.95303949e-01
1.76955753e-01	1.95388129e-01
1.77122535e-01	1.95466470e-01
1.77289317e-01	1.95538956e-01
1.77456099e-01	1.95605575e-01
1.77622881e-01	1.95666323e-01
1.77789663e-01	1.95721199e-01
1.77956445e-01	1.95770208e-01
1.78123227e-01	1.95813356e-01
1.78290009e-01	1.95850654e-01
1.78456791e-01	1.95882112e-01
1.78623573e-01	1.95907742e-01
1.78790355e-01	1.95927552e-01
1.78957137e-01	1.95941552e-01
1.79123919e-01	1.95949752e-01
1.79290701e-01	1.95952161e-01
1.79457483e-01	1.95948786e-01
1.79624265e-01	1.95939630e-01
1.79791047e-01	1.95924687e-01
1.79957829e-01	1.95903945e-01
1.80124611e-01	1.95877378e-01
1.80291393e-01	1.95844952e-01
1.80458176e-01	1.95806622e-01
1.80624958e-01	1.95762325e-01
1.80791740e-01	1.95711985e-01
1.80958522e-01	1.95655507e-01
1.81125304e-01	1.95592782e-01
1.81292086e-01	1.95523678e-01
1.81458868e-01	1.95448049e-01
1.81625650e-01	1.95365728e-01
1.81792432e-01	1.95276531e-01
1.81959214e-01	1.95180258e-01
1.82125996e-01	1.95076696e-01
1.82292778e-01	1.94965624e-01
1.82459560e-01	1.94846811e-01
1.82626342e-01	1.94720021e-01
1.82793124e-01	1.94585017e-01
1.82959906e-01	1.94441567e-01
1.83126688e-01	1.94289449e-01
1.83293470e-01	1.94128458e-01
1.83460252e-01	1.93958411e-01
1.83627034e-01	1.93779150e-01
1.83793816e-01	1.93590548e-01
1.83960599e-01	1.93392511e-01
1.84127381e-01	1.93184984e-01
1.84294163e-01	1.92967950e-01
1.84460945e-01	1.92741436e-01
1.84627727e-01	1.92505510e-01
1.84794509e-01	1.92260283e-01
1.84961291e-01	1.92005907e-01
1.85128073e-01	1.91742573e-01
1.85294855e-01	1.91470506e-01
1.85461637e-01	1.91189959e-01
1.85628419e-01	1.90901211e-01
1.85795201e-01	1.90604560e-01
1.85961983e-01	1.90300315e-01
1.86128765e-01	1.89988796e-01
1.86295547e-01	1.89670323e-01
1.86462329e-01	1.89345214e-01
1.86629111e-01	1.89013778e-01
1.86795893e-01	1.88676314e-01
1.86962675e-01	1.88333100e-01
1.87129457e-01	1.87984395e-01
1.87296239e-01	1.87630439e-01
1.87463022e-01	1.87271450e-01
1.87629804e-01	1.86907624e-01
1.87796586e-01	1.86539141e-01
1.87963368e-01	1.86166157e-01
1.88130150e-01	1.85788817e-01
1.88296932e-01	1.85407248e-01
1.88463714e-01	1.85021570e-01
1.88630496e-01	1.84631892e-01
1.88797278e-01	1.84238316e-01
1.88964060e-01	1.83840943e-01
1.89130842e-01	1.83439868e-01
1.89297624e-01	1.83035188e-01
1.89464406e-01	1.82627001e-01
1.89631188e-01	1.82215405e-01
1.89797970e-01	1.81800500e-01
1.89964752e-01	1.81382387e-01
1.90131534e-01	1.80961168e-01
1.90298316e-01	1.80536948e-01
1.90465098e-01	1.80109834e-01
1.90631880e-01	1.79679932e-01
1.90798662e-01	1.79247347e-01
1.90965445e-01	1.78812183e-01
1.91132227e-01	1.78374546e-01
1.91299009e-01	1.77934539e-01
1.91465791e-01	1.77492268e-01
1.91632573e-01	1.77047837e-01
1.91799355e-01	1.76601350e-01
1.91966137e-01	1.76152912e-01
1.92132919e-01	1.75702626e-01
1.92299701e-01	1.75250596e-01
1.92466483e-01	1.74796926e-01
1.92633265e-01	1.74341720e-01
1.92800047e-01	1.73885081e-01
1.92966829e-01	1.73427113e-01
1.93133611e-01	1.72967922e-01
1.93300393e-01	1.72507613e-01
1.93467175e-01	1.72046294e-01
1.93633957e-01	1.71584070e-01
1.93800739e-01	1.71121050e-01
1.93967521e-01	1.70657342e-01
1.94134303e-01	1.70193055e-01
1.94301085e-01	1.69728298e-01
1.94467868e-01	1.69263182e-01
1.94634650e-01	1.68797814e-01
1.94801432e-01	1.68332303e-01
1.94968214e-01	1.67866756e-01
1.95134996e-01	1.67401281e-01
1.95301778e-01	1.66935984e-01
1.95468560e-01	1.66470971e-01
1.95635342e-01	1.66006346e-01
1.95802124e-01	1.65542211e-01
1.95968906e-01	1.65078662e-01
1.96135688e-01	1.64615798e-01
1.96302470e-01	1.64153710e-01
1.96469252e-01	1.63692488e-01
1.96636034e-01	1.63232219e-01
1.96802816e-01	1.62772988e-01
1.96969598e-01	1.62314874e-01
1.97136380e-01	1.61857957e-01
1.97303162e-01	1.61402313e-01
1.97469944e-01	1.60948012e-01
1.97636726e-01	1.60495124e-01
1.97803508e-01	1.60043714e-01
1.97970291e-01	1.59593842e-01
1.98137073e-01	1.59145570e-01
1.98303855e-01	1.58698952e-01
1.98470637e-01	1.58254042e-01
1.98637419e-01	1.57810889e-01
1.98804201e-01	1.57369543e-01
1.98970983e-01	1.56930049e-01
1.99137765e-01	1.56492450e-01
1.99304547e-01	1.56056787e-01
1.99471329e-01	1.55623099e-01
1.99638111e-01	1.55191421e-01
1.99804893e-01	1.54761788e-01
1.99971675e-01	1.54334227e-01
2.00138457e-01	1.53908767e-01
2.00305239e-01	1.53485430e-01
2.00472021e-01	1.53064237e-01
2.00638803e-01	1.52645204e-01
2.00805585e-01	1.52228347e-01
2.00972367e-01	1.51813680e-01
2.01139149e-01	1.51401212e-01
2.01305931e-01	1.50990955e-01
2.01472713e-01	1.50582915e-01
2.01639496e-01	1.50177100e-01
2.01806278e-01	1.49773517e-01
2.01973060e-01	1.49372170e-01
2.02139842e-01	1.48973065e-01
2.02306624e-01	1.48576208e-01
2.02473406e-01	1.48181606e-01
2.02640188e-01	1.47789267e-01
2.02806970e-01	1.47399201e-01
2.02973752e-01	1.47011419e-01
2.03140534e-01	1.46625933e-01
2.03307316e-01	1.46242756e-01
2.03474098e-01	1.45861904e-01
2.03640880e-01	1.45483391e-01
2.03807662e-01	1.45107233e-01
2.03974444e-01	1.44733448e-01
2.04141226e-01	1.44362054e-01
2.04308008e-01	1.43993069e-01
2.04474790e-01	1.43626511e-01
2.04641572e-01	1.43262397e-01
2.04808354e-01	1.42900745e-01
2.04975136e-01	1.42541570e-01
2.05141919e-01	1.42184890e-01
2.05308701e-01	1.41830719e-01
2.05475483e-01	1.41479074e-01
2.05642265e-01	1.41129968e-01
2.05809047e-01	1.40783415e-01
2.05975829e-01	1.40439426e-01
2.06142611e-01	1.40098012e-01
2.06309393e-01	1.39759184e-01
2.06476175e-01	1.39422948e-01
2.06642957e-01	1.39089312e-01
2.06809739e-01	1.38758280e-01
2.06976521e-01	1.38429852e-01
2.07143303e-01	1.38104029e-01
2.07310085e-01	1.37780806e-01
2.07476867e-01	1.37460175e-01
2.07643649e-01	1.37142125e-01
2.07810431e-01	1.36826639e-01
2.07977213e-01	1.36513698e-01
2.08143995e-01	1.36203279e-01
2.08310777e-01	1.35895354e-01
2.08477559e-01	1.35589894e-01
2.08644342e-01	1.35286863e-01
2.08811124e-01	1.34986226e-01
2.08977906e-01	1.34687943e-01
2.09144688e-01	1.34391973e-01
2.09311470e-01	1.34098274e-01
2.09478252e-01	1.33806806e-01
2.09645034e-01	1.33517529e-01
2.09811816e-01	1.33230407e-01
2.09978598e-01	1.32945405e-01
2.10145380e-01	1.32662493e-01
2.10312162e-01	1.32381647e-01
2.10478944e-01	1.32102846e-01
2.10645726e-01	1.31826071e-01
2.10812508e-01	1.31551310e-01
2.10979290e-01	1.31278551e-01
2.11146072e-01	1.31007781e-01
2.11312854e-01	1.30738992e-01
2.11479636e-01	1.30472171e-01
2.11646418e-01	1.30207308e-01
2.11813200e-01	1.29944386e-01
2.11979982e-01	1.29683388e-01
2.12146765e-01	1.29424294e-01
2.12313547e-01	1.29167077e-01
2.12480329e-01	1.28911708e-01
2.12647111e-01	1.28658154e-01
2.12813893e-01	1.28406377e-01
2.12980675e-01	1.28156339e-01
2.13147457e-01	1.27907999e-01
2.13314239e-01	1.27661316e-01
2.13481021e-01	1.27416251e-01
2.13647803e-01	1.27172766e-01
2.13814585e-01	1.26930827e-01
2.13981367e-01	1.26690403e-01
2.14148149e-01	1.26451468e-01
2.14314931e-01	1.26214000e-01
2.14481713e-01	1.25977985e-01
2.14648495e-01	1.25743411e-01
2.14815277e-01	1.25510275e-01
2.14982059e-01	1.25278577e-01
2.15148841e-01	1.25048323e-01
2.15315623e-01	1.24819520e-01
2.15482405e-01	1.24592181e-01
2.15649188e-01	1.24366318e-01
2.15815970e-01	1.24141942e-01
2.15982752e-01	1.23919065e-01
2.16149534e-01	1.23697693e-01
2.16316316e-01	1.23477830e-01
2.16483098e-01	1.23259472e-01
2.16649880e-01	1.23042610e-01
2.16816662e-01	1.22827229e-01
2.16983444e-01	1.22613306e-01
2.17150226e-01	1.22400810e-01
2.17317008e-01	1.22189706e-01
2.17483790e-01	1.21979952e-01
2.17650572e-01	1.21771503e-01
2.17817354e-01	1.21564311e-01
2.17984136e-01	1.21358327e-01
2.18150918e-01	1.21153503e-01
2.18317700e-01	1.20949793e-01
2.18484482e-01	1.20747153e-01
2.18651264e-01	1.20545543e-01
2.18818046e-01	1.20344927e-01
2.18984828e-01	1.20145274e-01
2.19151611e-01	1.19946556e-01
2.19318393e-01	1.19748750e-01
2.19485175e-01	1.19551836e-01
2.19651957e-01	1.19355799e-01
2.19818739e-01	1.19160625e-01
2.19985521e-01	1.18966309e-01
2.20152303e-01	1.18772848e-01
2.20319085e-01	1.18580246e-01
2.20485867e-01	1.18388514e-01
2.20652649e-01	1.18197668e-01
2.20819431e-01	1.18007734e-01
2.20986213e-01	1.17818743e-01
2.21152995e-01	1.17630737e-01
2.21319777e-01	1.17443762e-01
2.21486559e-01	1.17257871e-01
2.21653341e-01	1.17073122e-01
2.21820123e-01	1.16889575e-01
2.21986905e-01	1.16707290e-01
2.22153687e-01	1.16526328e-01
2.22320469e-01	1.16346747e-01
2.22487251e-01	1.16168602e-01
2.22654034e-01	1.15991945e-01
2.22820816e-01	1.15816825e-01
2.22987598e-01	1.15643290e-01
2.23154380e-01	1.15471383e-01
2.23321162e-01	1.15301150e-01
2.23487944e-01	1.15132633e-01
2.23654726e-01	1.14965873e-01
2.23821508e-01	1.14800911e-01
2.23988290e-01	1.14637783e-01
2.24155072e-01	1.14476521e-01
2.24321854e-01	1.14317155e-01
2.24488636e-01	1.14159706e-01
2.24655418e-01	1.14004190e-01
2.24822200e-01	1.13850619e-01
2.24988982e-01	1.13698999e-01
2.25155764e-01	1.13549331e-01
2.25322546e-01	1.13401616e-01
2.25489328e-01	1.13255849e-01
2.25656110e-01	1.13112025e-01
2.25822892e-01	1.12970136e-01
2.25989674e-01	1.12830173e-01
2.26156457e-01	1.12692121e-01
2.26323239e-01	1.12555963e-01
2.26490021e-01	1.12421675e-01
2.26656803e-01	1.12289229e-01
2.26823585e-01	1.12158589e-01
2.26990367e-01	1.12029718e-01
2.27157149e-01	1.11902575e-01
2.27323931e-01	1.11777115e-01
2.27490713e-01	1.11653294e-01
2.27657495e-01	1.11531067e-01
2.27824277e-01	1.11410391e-01
2.27991059e-01	1.11291222e-01
2.28157841e-01	1.11173519e-01
2.28324623e-01	1.11057238e-01
2.28491405e-01	1.10942340e-01
2.28658187e-01	1.10828782e-01
2.28824969e-01	1.10716526e-01
2.28991751e-01	1.10605535e-01
2.29158533e-01	1.10495774e-01
2.29325315e-01	1.10387215e-01
2.29492097e-01	1.10279832e-01
2.29658880e-01	1.10173609e-01
2.29825662e-01	1.10068531e-01
2.29992444e-01	1.09964592e-01
2.30159226e-01	1.09861788e-01
2.30326008e-01	1.09760120e-01
2.30492790e-01	1.09659590e-01
2.30659572e-01	1.09560206e-01
2.30826354e-01	1.09461978e-01
2.30993136e-01	1.09364921e-01
2.31159918e-01	1.09269058e-01
2.31326700e-01	1.09174416e-01
2.31493482e-01	1.09081033e-01
2.31660264e-01	1.08988952e-01
2.31827046e-01	1.08898222e-01
2.31993828e-01	1.08808898e-01
2.32160610e-01	1.08721038e-01
2.32327392e-01	1.08634701e-01
2.32494174e-01	1.08549947e-01
2.32660956e-01	1.08466841e-01
2.32827738e-01	1.08385445e-01
2.32994520e-01	1.08305828e-01
2.33161303e-01	1.08228060e-01
2.33328085e-01	1.08152219e-01
2.33494867e-01	1.08078382e-01
2.33661649e-01	1.08006633e-01
2.33828431e-01	1.07937054e-01
2.33995213e-01	1.07869728e-01
2.34161995e-01	1.07804737e-01
2.34328777e-01	1.07742162e-01
2.34495559e-01	1.07682082e-01
2.34662341e-01	1.07624575e-01
2.34829123e-01	1.07569717e-01
2.34995905e-01	1.07517581e-01
2.35162687e-01	1.07468236e-01
2.35329469e-01	1.07421747e-01
2.35496251e-01	1.07378166e-01
2.35663033e-01	1.07337537e-01
2.35829815e-01	1.07299890e-01
2.35996597e-01	1.07265241e-01
2.36163379e-01	1.07233594e-01
2.36330161e-01	1.07204938e-01
2.36496943e-01	1.07179255e-01
2.36663726e-01	1.07156513e-01
2.36830508e-01	1.07136670e-01
2.36997290e-01	1.07119675e-01
2.37164072e-01	1.07105460e-01
2.37330854e-01	1.07093949e-01
2.37497636e-01	1.07085048e-01
2.37664418e-01	1.07078651e-01
2.37831200e-01	1.07074643e-01
2.37997982e-01	1.07072898e-01
2.38164764e-01	1.07073285e-01
2.38331546e-01	1.07075669e-01
2.38498328e-01	1.07079917e-01
2.38665110e-01	1.07085894e-01
2.38831892e-01	1.07093466e-01
2.38998674e-01	1.07102504e-01
2.39165456e-01	1.07112880e-01
2.39332238e-01	1.07124474e-01
2.39499020e-01	1.07137172e-01
2.39665802e-01	1.07150871e-01
2.39832584e-01	1.07165481e-01
2.39999366e-01	1.07180925e-01
2.40166149e-01	1.07197139e-01
2.40332931e-01	1.07214069e-01
2.40499713e-01	1.07231674e-01
2.40666495e-01	1.07249923e-01
2.40833277e-01	1.07268791e-01
2.41000059e-01	1.07288268e-01
2.41166841e-01	1.07308349e-01
2.41333623e-01	1.07329045e-01
2.41500405e-01	1.07350375e-01
2.41667187e-01	1.07372369e-01
2.41833969e-01	1.07395065e-01
2.42000751e-01	1.07418505e-01
2.42167533e-01	1.07442733e-01
2.42334315e-01	1.07467793e-01
2.42501097e-01	1.07493730e-01
2.42667879e-01	1.07520591e-01
2.42834661e-01	1.07548423e-01
2.43001443e-01	1.07577279e-01
2.43168225e-01	1.07607215e-01
2.43335007e-01	1.07638290e-01
2.43501789e-01	1.07670562e-01
2.43668572e-01	1.07704090e-01
2.43835354e-01	1.07738926e-01
2.44002136e-01	1.07775121e-01
2.44168918e-01	1.07812720e-01
2.44335700e-01	1.07851763e-01
2.44502482e-01	1.07892289e-01
2.44669264e-01	1.07934336e-01
2.44836046e-01	1.07977935e-01
2.45002828e-01	1.08023117e-01
2.45169610e-01	1.08069905e-01
2.45336392e-01	1.08118314e-01
2.45503174e-01	1.08168352e-01
2.45669956e-01	1.08220019e-01
2.45836738e-01	1.08273309e-01
2.46003520e-01	1.08328210e-01
2.46170302e-01	1.08384703e-01
2.46337084e-01	1.08442764e-01
2.46503866e-01	1.08502365e-01
2.46670648e-01	1.08563469e-01
2.46837430e-01	1.08626034e-01
2.47004212e-01	1.08690015e-01
2.47170995e-01	1.08755362e-01
2.47337777e-01	1.08822023e-01
2.47504559e-01	1.08889947e-01
2.47671341e-01	1.08959082e-01
2.47838123e-01	1.09029374e-01
2.48004905e-01	1.09100770e-01
2.48171687e-01	1.09173215e-01
2.48338469e-01	1.09246653e-01
2.48505251e-01	1.09321028e-01
2.48672033e-01	1.09396288e-01
2.48838815e-01	1.09472382e-01
2.49005597e-01	1.09549265e-01
2.49172379e-01	1.09626895e-01
2.49339161e-01	1.09705233e-01
2.49505943e-01	1.09784243e-01
2.49672725e-01	1.09863887e-01
2.49839507e-01	1.09944130e-01
2.50006289e-01	1.10024938e-01
2.50173071e-01	1.10106281e-01
2.50339853e-01	1.10188131e-01
2.50506635e-01	1.10270465e-01
2.50673418e-01	1.10353263e-01
2.50840200e-01	1.10436506e-01
2.51006982e-01	1.10520178e-01
2.51173764e-01	1.10604262e-01
2.51340546e-01	1.10688739e-01
2.51507328e-01	1.10773593e-01
2.51674110e-01	1.10858810e-01
2.51840892e-01	1.10944374e-01
2.52007674e-01	1.11030274e-01
2.52174456e-01	1.11116501e-01
2.52341238e-01	1.11203045e-01
2.52508020e-01	1.11289901e-01
2.52674802e-01	1.11377063e-01
2.52841584e-01	1.11464528e-01
2.53008366e-01	1.11552294e-01
2.53175148e-01	1.11640361e-01
2.53341930e-01	1.11728730e-01
2.53508712e-01	1.11817405e-01
2.53675494e-01	1.11906388e-01
2.53842276e-01	1.11995686e-01
2.54009058e-01	1.12085306e-01
2.54175841e-01	1.12175254e-01
2.54342623e-01	1.12265540e-01
2.54509405e-01	1.12356171e-01
2.54676187e-01	1.12447155e-01
2.54842969e-01	1.12538499e-01
2.55009751e-01	1.12630205e-01
2.55176533e-01	1.12722277e-01
2.55343315e-01	1.12814714e-01
2.55510097e-01	1.12907516e-01
2.55676879e-01	1.13000683e-01
2.55843661e-01	1.13094213e-01
2.56010443e-01	1.13188103e-01
2.56177225e-01	1.13282348e-01
2.56344007e-01	1.13376937e-01
2.56510789e-01	1.13471860e-01
2.56677571e-01	1.13567102e-01
2.56844353e-01	1.13662648e-01
2.57011135e-01	1.13758484e-01
2.57177917e-01	1.13854595e-01
2.57344699e-01	1.13950968e-01
2.57511481e-01	1.14047590e-01
2.57678264e-01	1.14144447e-01
2.57845046e-01	1.14241524e-01
2.58011828e-01	1.14338805e-01
2.58178610e-01	1.14436275e-01
2.58345392e-01	1.14533917e-01
2.58512174e-01	1.14631719e-01
2.58678956e-01	1.14729666e-01
2.58845738e-01	1.14827747e-01
2.59012520e-01	1.14925951e-01
2.59179302e-01	1.15024266e-01
2.59346084e-01	1.15122679e-01
2.59512866e-01	1.15221177e-01
2.59679648e-01	1.15319746e-01
2.59846430e-01	1.15418370e-01
2.60013212e-01	1.15517032e-01
2.60179994e-01	1.15615715e-01
2.60346776e-01	1.15714401e-01
2.60513558e-01	1.15813067e-01
2.60680340e-01	1.15911690e-01
2.60847122e-01	1.16010245e-01
2.61013904e-01	1.16108703e-01
2.61180687e-01	1.16207033e-01
2.61347469e-01	1.16305201e-01
2.61514251e-01	1.16403174e-01
2.61681033e-01	1.16500916e-01
2.61847815e-01	1.16598392e-01
2.62014597e-01	1.16695567e-01
2.62181379e-01	1.16792410e-01
2.62348161e-01	1.16888888e-01
2.62514943e-01	1.16984973e-01
2.62681725e-01	1.17080637e-01
2.62848507e-01	1.17175859e-01
2.63015289e-01	1.17270621e-01
2.63182071e-01	1.17364911e-01
2.63348853e-01	1.17458722e-01
2.63515635e-01	1.17552054e-01
2.63682417e-01	1.17644912e-01
2.63849199e-01	1.17737305e-01
2.64015981e-01	1.17829246e-01
2.64182763e-01	1.17920752e-01
2.64349545e-01	1.18011845e-01
2.64516327e-01	1.18102546e-01
2.64683110e-01	1.18192883e-01
2.64849892e-01	1.18282881e-01
2.65016674e-01	1.18372568e-01
2.65183456e-01	1.18461970e-01
2.65350238e-01	1.18551112e-01
2.65517020e-01	1.18640017e-01
2.65683802e-01	1.18728707e-01
2.65850584e-01	1.18817203e-01
2.66017366e-01	1.18905524e-01
2.66184148e-01	1.18993689e-01
2.66350930e-01	1.19081715e-01
2.66517712e-01	1.19169617e-01
2.66684494e-01	1.19257407e-01
2.66851276e-01	1.19345098e-01
2.67018058e-01	1.19432698e-01
2.67184840e-01	1.19520212e-01
2.67351622e-01	1.19607647e-01
2.67518404e-01	1.19695004e-01
2.67685186e-01	1.19782281e-01
2.67851968e-01	1.19869475e-01
2.68018750e-01	1.19956578e-01
2.68185533e-01	1.20043579e-01
2.68352315e-01	1.20130462e-01
2.68519097e-01	1.20217211e-01
2.68685879e-01	1.20303806e-01
2.68852661e-01	1.20390228e-01
2.69019443e-01	1.20476456e-01
2.69186225e-01	1.20562467e-01
2.69353007e-01	1.20648240e-01
2.69519789e-01	1.20733752e-01
2.69686571e-01	1.20818981e-01
2.69853353e-01	1.20903905e-01
2.70020135e-01	1.20988503e-01
2.70186917e-01	1.21072755e-01
2.70353699e-01	1.21156638e-01
2.70520481e-01	1.21240132e-01
2.70687263e-01	1.21323213e-01
2.70854045e-01	1.21405857e-01
2.71020827e-01	1.21488037e-01
2.71187609e-01	1.21569723e-01
2.71354391e-01	1.21650883e-01
2.71521173e-01	1.21731485e-01
2.71687956e-01	1.21811494e-01
2.71854738e-01	1.21890872e-01
2.72021520e-01	1.21969583e-01
2.72188302e-01	1.22047588e-01
2.72355084e-01	1.22124849e-01
2.72521866e-01	1.22201329e-01
2.72688648e-01	1.22276991e-01
2.72855430e-01	1.22351800e-01
2.73022212e-01	1.22425722e-01
2.73188994e-01	1.22498725e-01
2.73355776e-01	1.22570776e-01
2.73522558e-01	1.22641845e-01
2.73689340e-01	1.22711897e-01
2.73856122e-01	1.22780899e-01
2.74022904e-01	1.22848818e-01
2.74189686e-01	1.22915619e-01
2.74356468e-01	1.22981265e-01
2.74523250e-01	1.23045724e-01
2.74690032e-01	1.23108959e-01
2.74856814e-01	1.23170939e-01
2.75023596e-01	1.23231631e-01
2.75190379e-01	1.23291008e-01
2.75357161e-01	1.23349042e-01
2.75523943e-01	1.23405710e-01
2.75690725e-01	1.23460991e-01
2.75857507e-01	1.23514864e-01
2.76024289e-01	1.23567314e-01
2.76191071e-01	1.23618323e-01
2.76357853e-01	1.23667874e-01
2.76524635e-01	1.23715953e-01
2.76691417e-01	1.23762543e-01
2.76858199e-01	1.23807629e-01
2.77024981e-01	1.23851196e-01
2.77191763e-01	1.23893232e-01
2.77358545e-01	1.23933722e-01
2.77525327e-01	1.23972654e-01
2.77692109e-01	1.24010019e-01
2.77858891e-01	1.24045807e-01
2.78025673e-01	1.24080011e-01
2.78192455e-01	1.24112624e-01
2.78359237e-01	1.24143640e-01
2.78526019e-01	1.24173052e-01
2.78692802e-01	1.24200852e-01
2.78859584e-01	1.24227032e-01
2.79026366e-01	1.24251584e-01
2.79193148e-01	1.24274497e-01
2.79359930e-01	1.24295763e-01
2.79526712e-01	1.24315372e-01
2.79693494e-01	1.24333317e-01
2.79860276e-01	1.24349589e-01
2.80027058e-01	1.24364183e-01
2.80193840e-01	1.24377098e-01
2.80360622e-01	1.24388332e-01
2.80527404e-01	1.24397889e-01
2.80694186e-01	1.24405776e-01
2.80860968e-01	1.24412002e-01
2.81027750e-01	1.24416583e-01
2.81194532e-01	1.24419541e-01
2.81361314e-01	1.24420904e-01
2.81528096e-01	1.24420708e-01
2.81694878e-01	1.24418999e-01
2.81861660e-01	1.24415831e-01
2.82028442e-01	1.24411270e-01
2.82195225e-01	1.24405394e-01
2.82362007e-01	1.24398292e-01
2.82528789e-01	1.24390065e-01
2.82695571e-01	1.24380826e-01
2.82862353e-01	1.24370702e-01
2.83029135e-01	1.24359828e-01
2.83195917e-01	1.24348354e-01
2.83362699e-01	1.24336440e-01
2.83529481e-01	1.24324259e-01
2.83696263e-01	1.24311993e-01
2.83863045e-01	1.24299832e-01
2.84029827e-01	1.24287978e-01
2.84196609e-01	1.24276634e-01
2.84363391e-01	1.24266010e-01
2.84530173e-01	1.24256313e-01
2.84696955e-01	1.24247751e-01
2.84863737e-01	1.24240524e-01
2.85030519e-01	1.24234822e-01
2.85197301e-01	1.24230823e-01
2.85364083e-01	1.24228687e-01
2.85530865e-01	1.24228555e-01
2.85697648e-01	1.24230543e-01
2.85864430e-01	1.24234742e-01
2.86031212e-01	1.24241209e-01
2.86197994e-01	1.24249969e-01
2.86364776e-01	1.24261012e-01
2.86531558e-01	1.24274287e-01
2.86698340e-01	1.24289701e-01
2.86865122e-01	1.24307122e-01
2.87031904e-01	1.24326374e-01
2.87198686e-01	1.24347240e-01
2.87365468e-01	1.24369466e-01
2.87532250e-01	1.24392758e-01
2.87699032e-01	1.24416795e-01
2.87865814e-01	1.24441226e-01
2.88032596e-01	1.24465681e-01
2.88199378e-01	1.24489774e-01
2.88366160e-01	1.24513110e-01
2.88532942e-01	1.24535292e-01
2.88699724e-01	1.24555929e-01
2.88866506e-01	1.24574638e-01
2.89033288e-01	1.24591055e-01
2.89200071e-01	1.24604836e-01
2.89366853e-01	1.24615668e-01
2.89533635e-01	1.24623266e-01
2.89700417e-01	1.24627383e-01
2.89867199e-01	1.24627810e-01
2.90033981e-01	1.24624375e-01
2.90200763e-01	1.24616946e-01
2.90367545e-01	1.24605427e-01
2.90534327e-01	1.24589757e-01
2.90701109e-01	1.24569905e-01
2.90867891e-01	1.24545868e-01
2.91034673e-01	1.24517666e-01
2.91201455e-01	1.24485338e-01
2.91368237e-01	1.24448937e-01
2.91535019e-01	1.24408525e-01
2.91701801e-01	1.24364174e-01
2.91868583e-01	1.24315956e-01
2.92035365e-01	1.24263947e-01
2.92202147e-01	1.24208221e-01
2.92368929e-01	1.24148847e-01
2.92535711e-01	1.24085895e-01
2.92702494e-01	1.24019427e-01
2.92869276e-01	1.23949504e-01
2.93036058e-01	1.23876187e-01
2.93202840e-01	1.23799535e-01
2.93369622e-01	1.23719609e-01
2.93536404e-01	1.23636475e-01
2.93703186e-01	1.23550206e-01
2.93869968e-01	1.23460881e-01
2.94036750e-01	1.23368590e-01
2.94203532e-01	1.23273430e-01
2.94370314e-01	1.23175508e-01
2.94537096e-01	1.23074941e-01
2.94703878e-01	1.22971851e-01
2.94870660e-01	1.22866365e-01
2.95037442e-01	1.22758614e-01
2.95204224e-01	1.22648731e-01
2.95371006e-01	1.22536849e-01
2.95537788e-01	1.22423100e-01
2.95704570e-01	1.22307608e-01
2.95871352e-01	1.22190497e-01
2.96038134e-01	1.22071881e-01
2.96204917e-01	1.21951869e-01
2.96371699e-01	1.21830562e-01
2.96538481e-01	1.21708055e-01
2.96705263e-01	1.21584434e-01
2.96872045e-01	1.21459782e-01
2.97038827e-01	1.21334172e-01
2.97205609e-01	1.21207677e-01
2.97372391e-01	1.21080360e-01
2.97539173e-01	1.20952283e-01
2.97705955e-01	1.20823504e-01
2.97872737e-01	1.20694076e-01
2.98039519e-01	1.20564050e-01
2.98206301e-01	1.20433475e-01
2.98373083e-01	1.20302397e-01
2.98539865e-01	1.20170860e-01
2.98706647e-01	1.20038905e-01
2.98873429e-01	1.19906574e-01
2.99040211e-01	1.19773903e-01
2.99206993e-01	1.19640928e-01
2.99373775e-01	1.19507686e-01
2.99540557e-01	1.19374209e-01
2.99707340e-01	1.19240529e-01
2.99874122e-01	1.19106679e-01
3.00040904e-01	1.18972689e-01
3.00207686e-01	1.18838592e-01
3.00374468e-01	1.18704417e-01
3.00541250e-01	1.18570196e-01
3.00708032e-01	1.18435960e-01
3.00874814e-01	1.18301741e-01
3.01041596e-01	1.18167571e-01
3.01208378e-01	1.18033485e-01
3.01375160e-01	1.17899521e-01
3.01541942e-01	1.17765719e-01
3.01708724e-01	1.17632121e-01
3.01875506e-01	1.17498774e-01
3.02042288e-01	1.17365727e-01
3.02209070e-01	1.17233031e-01
3.02375852e-01	1.17100742e-01
3.02542634e-01	1.16968915e-01
3.02709416e-01	1.16837607e-01
3.02876198e-01	1.16706878e-01
3.03042980e-01	1.16576789e-01
3.03209763e-01	1.16447402e-01
3.03376545e-01	1.16318782e-01
3.03543327e-01	1.16190993e-01
3.03710109e-01	1.16064102e-01
3.03876891e-01	1.15938172e-01
3.04043673e-01	1.15813268e-01
3.04210455e-01	1.15689453e-01
3.04377237e-01	1.15566787e-01
3.04544019e-01	1.15445327e-01
3.04710801e-01	1.15325128e-01
3.04877583e-01	1.15206241e-01
3.05044365e-01	1.15088716e-01
3.05211147e-01	1.14972597e-01
3.05377929e-01	1.14857926e-01
3.05544711e-01	1.14744740e-01
3.05711493e-01	1.14633073e-01
3.05878275e-01	1.14522952e-01
3.06045057e-01	1.14414398e-01
3.06211839e-01	1.14307429e-01
3.06378621e-01	1.14202055e-01
3.06545403e-01	1.14098282e-01
3.06712186e-01	1.13996107e-01
3.06878968e-01	1.13895527e-01
3.07045750e-01	1.13796530e-01
3.07212532e-01	1.13699100e-01
3.07379314e-01	1.13603215e-01
3.07546096e-01	1.13508851e-01
3.07712878e-01	1.13415978e-01
3.07879660e-01	1.13324562e-01
3.08046442e-01	1.13234566e-01
3.08213224e-01	1.13145949e-01
3.08380006e-01	1.13058671e-01
3.08546788e-01	1.12972686e-01
3.08713570e-01	1.12887946e-01
3.08880352e-01	1.12804402e-01
3.09047134e-01	1.12722003e-01
3.09213916e-01	1.12640694e-01
3.09380698e-01	1.12560421e-01
3.09547480e-01	1.12481129e-01
3.09714262e-01	1.12402763e-01
3.09881044e-01	1.12325268e-01
3.10047826e-01	1.12248590e-01
3.10214609e-01	1.12172675e-01
3.10381391e-01	1.12097471e-01
3.10548173e-01	1.12022924e-01
3.10714955e-01	1.11948982e-01
3.10881737e-01	1.11875595e-01
3.11048519e-01	1.11802713e-01
3.11215301e-01	1.11730286e-01
3.11382083e-01	1.11658269e-01
3.11548865e-01	1.11586614e-01
3.11715647e-01	1.11515278e-01
3.11882429e-01	1.11444218e-01
3.12049211e-01	1.11373394e-01
3.12215993e-01	1.11302764e-01
3.12382775e-01	1.11232293e-01
3.12549557e-01	1.11161945e-01
3.12716339e-01	1.11091688e-01
3.12883121e-01	1.11021493e-01
3.13049903e-01	1.10951333e-01
3.13216685e-01	1.10881188e-01
3.13383467e-01	1.10811036e-01
3.13550249e-01	1.10740863e-01
3.13717032e-01	1.10670656e-01
3.13883814e-01	1.10600406e-01
3.14050596e-01	1.10530109e-01
3.14217378e-01	1.10459763e-01
3.14384160e-01	1.10389367e-01
3.14550942e-01	1.10318925e-01
3.14717724e-01	1.10248443e-01
3.14884506e-01	1.10177930e-01
3.15051288e-01	1.10107394e-01
3.15218070e-01	1.10036848e-01
3.15384852e-01	1.09966304e-01
3.15551634e-01	1.09895775e-01
3.15718416e-01	1.09825275e-01
3.15885198e-01	1.09754818e-01
3.16051980e-01	1.09684416e-01
3.16218762e-01	1.09614081e-01
3.16385544e-01	1.09543821e-01
3.16552326e-01	1.09473644e-01
3.16719108e-01	1.09403556e-01
3.16885890e-01	1.09333560e-01
3.17052672e-01	1.09263659e-01
3.17219455e-01	1.09193852e-01
3.17386237e-01	1.09124140e-01
3.17553019e-01	1.09054520e-01
3.17719801e-01	1.08984989e-01
3.17886583e-01	1.08915543e-01
3.18053365e-01	1.08846178e-01
3.18220147e-01	1.08776887e-01
3.18386929e-01	1.08707665e-01
3.18553711e-01	1.08638503e-01
3.18720493e-01	1.08569395e-01
3.18887275e-01	1.08500332e-01
3.19054057e-01	1.08431306e-01
3.19220839e-01	1.08362308e-01
3.19387621e-01	1.08293328e-01
3.19554403e-01	1.08224357e-01
3.19721185e-01	1.08155385e-01
3.19887967e-01	1.08086405e-01
3.20054749e-01	1.08017408e-01
3.20221531e-01	1.07948387e-01
3.20388313e-01	1.07879335e-01
3.20555095e-01	1.07810248e-01
3.20721878e-01	1.07741117e-01
3.20888660e-01	1.07671939e-01
3.21055442e-01	1.07602706e-01
3.21222224e-01	1.07533415e-01
3.21389006e-01	1.07464060e-01
3.21555788e-01	1.07394637e-01
3.21722570e-01	1.07325142e-01
3.21889352e-01	1.07255570e-01
3.22056134e-01	1.07185917e-01
3.22222916e-01	1.07116180e-01
3.22389698e-01	1.07046354e-01
3.22556480e-01	1.06976435e-01
3.22723262e-01	1.06906420e-01
3.22890044e-01	1.06836304e-01
3.23056826e-01	1.06766083e-01
3.23223608e-01	1.06695753e-01
3.23390390e-01	1.06625309e-01
3.23557172e-01	1.06554748e-01
3.23723954e-01	1.06484065e-01
3.23890736e-01	1.06413255e-01
3.24057518e-01	1.06342317e-01
3.24224301e-01	1.06271246e-01
3.24391083e-01	1.06200040e-01
3.24557865e-01	1.06128695e-01
3.24724647e-01	1.06057207e-01
3.24891429e-01	1.05985573e-01
3.25058211e-01	1.05913791e-01
3.25224993e-01	1.05841858e-01
3.25391775e-01	1.05769772e-01
3.25558557e-01	1.05697531e-01
3.25725339e-01	1.05625136e-01
3.25892121e-01	1.05552585e-01
3.26058903e-01	1.05479880e-01
3.26225685e-01	1.05407022e-01
3.26392467e-01	1.05334013e-01
3.26559249e-01	1.05260855e-01
3.26726031e-01	1.05187554e-01
3.26892813e-01	1.05114116e-01
3.27059595e-01	1.05040548e-01
3.27226377e-01	1.04966862e-01
3.27393159e-01	1.04893068e-01
3.27559941e-01	1.04819180e-01
3.27726724e-01	1.04745216e-01
3.27893506e-01	1.04671194e-01
3.28060288e-01	1.04597134e-01
3.28227070e-01	1.04523062e-01
3.28393852e-01	1.04449002e-01
3.28560634e-01	1.04374984e-01
3.28727416e-01	1.04301038e-01
3.28894198e-01	1.04227196e-01
3.29060980e-01	1.04153492e-01
3.29227762e-01	1.04079960e-01
3.29394544e-01	1.04006637e-01
3.29561326e-01	1.03933556e-01
3.29728108e-01	1.03860753e-01
3.29894890e-01	1.03788261e-01
3.30061672e-01	1.03716112e-01
3.30228454e-01	1.03644335e-01
3.30395236e-01	1.03572959e-01
3.30562018e-01	1.03502007e-01
3.30728800e-01	1.03431501e-01
3.30895582e-01	1.03361460e-01
3.31062364e-01	1.03291900e-01
3.31229147e-01	1.03222831e-01
3.31395929e-01	1.03154264e-01
3.31562711e-01	1.03086204e-01
3.31729493e-01	1.03018654e-01
3.31896275e-01	1.02951616e-01
3.32063057e-01	1.02885086e-01
3.32229839e-01	1.02819062e-01
3.32396621e-01	1.02753537e-01
3.32563403e-01	1.02688504e-01
3.32730185e-01	1.02623955e-01
3.32896967e-01	1.02559881e-01
3.33063749e-01	1.02496271e-01
3.33230531e-01	1.02433117e-01
3.33397313e-01	1.02370407e-01
3.33564095e-01	1.02308131e-01
3.33730877e-01	1.02246278e-01
