-9.84014081e-03	0.00000000e+00
-9.67335876e-03	0.00000000e+00
-9.50657671e-03	0.00000000e+00
-9.33979467e-03	-8.86513285e-08
-9.17301262e-03	-1.62879482e-07
-9.00623057e-03	-2.89083094e-07
-8.83944852e-03	-5.02990959e-07
-8.67266648e-03	-8.63066887e-07
-8.50588443e-03	-1.46346572e-06
-8.33910238e-03	-2.45495281e-06
-8.17232033e-03	-4.07589226e-06
-8.00553828e-03	-6.69942310e-06
-7.83875624e-03	-1.09028994e-05
-7.67197419e-03	-1.75700297e-05
-7.50519214e-03	-2.80379802e-05
-7.33841009e-03	-4.43075365e-05
-7.17162805e-03	-6.93383605e-05
-7.00484600e-03	-1.07458462e-04
-6.83806395e-03	-1.64923930e-04
-6.67128190e-03	-2.50673059e-04
-6.50449986e-03	-3.77325730e-04
-6.33771781e-03	-5.62489058e-04
-6.17093576e-03	-8.30433986e-04
-6.00415371e-03	-1.21420965e-03
-5.83737167e-03	-1.75826490e-03
-5.67058962e-03	-2.52163389e-03
-5.50380757e-03	-3.58172143e-03
-5.33702552e-03	-5.03870595e-03
-5.17024348e-03	-7.02052473e-03
-5.00346143e-03	-9.68834356e-03
-4.83667938e-03	-1.32423610e-02
-4.66989733e-03	-1.79276918e-02
-4.50311529e-03	-2.40399661e-02
-4.33633324e-03	-3.19302181e-02
-4.16955119e-03	-4.20085033e-02
-4.00276914e-03	-5.47455846e-02
-3.83598709e-03	-7.06720298e-02
-3.66920505e-03	-9.03739895e-02
-3.50242300e-03	-1.14484955e-01
-3.33564095e-03	-1.43672966e-01
-3.16885890e-03	-1.78622860e-01
-3.00207686e-03	-2.20013407e-01
-2.83529481e-03	-2.68489573e-01
-2.66851276e-03	-3.24630492e-01
-2.50173071e-03	-3.88914176e-01
-2.33494867e-03	-4.61680436e-01
-2.16816662e-03	-5.43093898e-01
-2.00138457e-03	-6.33109348e-01
-1.83460252e-03	-7.31441773e-01
-1.66782048e-03	-8.37543596e-01
-1.50103843e-03	-9.50591499e-01
-1.33425638e-03	-1.06948471e+00
-1.16747433e-03	-1.19285623e+00
-1.00069229e-03	-1.31909791e+00
-8.33910238e-04	-1.44639887e+00
-6.67128190e-04	-1.57279661e+00
-5.00346143e-04	-1.69623854e+00
-3.33564095e-04	-1.81465135e+00
-1.66782048e-04	-1.92601444e+00
0.00000000e+00	-2.02843379e+00
1.66782048e-04	-2.12021200e+00
3.33564095e-04	-2.19991045e+00
5.00346143e-04	-2.26640030e+00
6.67128190e-04	-2.31889932e+00
8.33910238e-04	-2.35699274e+00
1.00069229e-03	-2.38063720e+00
1.16747433e-03	-2.39014818e+00
1.33425638e-03	-2.38617217e+00
1.50103843e-03	-2.36964563e+00
1.66782048e-03	-2.34174395e+00
1.83460252e-03	-2.30382362e+00
2.00138457e-03	-2.25736115e+00
2.16816662e-03	-2.20389231e+00
2.33494867e-03	-2.14495488e+00
2.50173071e-03	-2.08203739e+00
2.66851276e-03	-2.01653598e+00
2.83529481e-03	-1.94972057e+00
3.00207686e-03	-1.88271082e+00
3.16885890e-03	-1.81646192e+00
3.33564095e-03	-1.75175929e+00
3.50242300e-03	-1.68922122e+00
3.66920505e-03	-1.62930790e+00
3.83598709e-03	-1.57233537e+00
4.00276914e-03	-1.51849278e+00
4.16955119e-03	-1.46786143e+00
4.33633324e-03	-1.42043433e+00
4.50311529e-03	-1.37613522e+00
4.66989733e-03	-1.33483624e+00
4.83667938e-03	-1.29637363e+00
5.00346143e-03	-1.26056129e+00
5.17024348e-03	-1.22720192e+00
5.33702552e-03	-1.19609594e+00
5.50380757e-03	-1.16704819e+00
5.67058962e-03	-1.13987288e+00
5.83737167e-03	-1.11439683e+00
6.00415371e-03	-1.09046148e+00
6.17093576e-03	-1.06792380e+00
6.33771781e-03	-1.04665647e+00
6.50449986e-03	-1.02654752e+00
6.67128190e-03	-1.00749944e+00
6.83806395e-03	-9.89428212e-01
7.00484600e-03	-9.72262010e-01
7.17162805e-03	-9.55939926e-01
7.33841009e-03	-9.40410599e-01
7.50519214e-03	-9.25630866e-01
7.67197419e-03	-9.11564422e-01
7.83875624e-03	-8.98180529e-01
8.00553828e-03	-8.85452772e-01
8.17232033e-03	-8.73357897e-01
8.33910238e-03	-8.61874723e-01
8.50588443e-03	-8.50983162e-01
8.67266648e-03	-8.40663361e-01
8.83944852e-03	-8.30894970e-01
9.00623057e-03	-8.21656566e-01
9.17301262e-03	-8.12925238e-01
9.33979467e-03	-8.04676342e-01
9.50657671e-03	-7.96883427e-01
9.67335876e-03	-7.89518334e-01
9.84014081e-03	-7.82551460e-01
1.00069229e-02	-7.75952921e-01
1.01737049e-02	-7.69691886e-01
1.03404870e-02	-7.63736633e-01
1.05072690e-02	-7.58055726e-01
1.06740510e-02	-7.52619680e-01
1.08408331e-02	-7.47402027e-01
1.10076151e-02	-7.42378557e-01
1.11743972e-02	-7.37527811e-01
1.13411792e-02	-7.32831388e-01
1.15079613e-02	-7.28274168e-01
1.16747433e-02	-7.23844355e-01
1.18415254e-02	-7.19533197e-01
1.20083074e-02	-7.15334471e-01
1.21750895e-02	-7.11243938e-01
1.23418715e-02	-7.07258829e-01
1.25086536e-02	-7.03377180e-01
1.26754356e-02	-6.99597194e-01
1.28422177e-02	-6.95916706e-01
1.30089997e-02	-6.92332688e-01
1.31757818e-02	-6.88840917e-01
1.33425638e-02	-6.85435677e-01
1.35093459e-02	-6.82109744e-01
1.36761279e-02	-6.78854502e-01
1.38429100e-02	-6.75660175e-01
1.40096920e-02	-6.72516158e-01
1.41764740e-02	-6.69411431e-01
1.43432561e-02	-6.66335064e-01
1.45100381e-02	-6.63276723e-01
1.46768202e-02	-6.60227107e-01
1.48436022e-02	-6.57178340e-01
1.50103843e-02	-6.54124242e-01
1.51771663e-02	-6.51060423e-01
1.53439484e-02	-6.47984140e-01
1.55107304e-02	-6.44893952e-01
1.56775125e-02	-6.41789331e-01
1.58442945e-02	-6.38670517e-01
1.60110766e-02	-6.35538977e-01
1.61778586e-02	-6.32398234e-01
1.63446407e-02	-6.29254557e-01
1.65114227e-02	-6.26116475e-01
1.66782048e-02	-6.22992846e-01
1.68449868e-02	-6.19890394e-01
1.70117689e-02	-6.16812739e-01
1.71785509e-02	-6.13762150e-01
1.73453330e-02	-6.10742658e-01
1.75121150e-02	-6.07761285e-01
1.76788970e-02	-6.04825601e-01
1.78456791e-02	-6.01939989e-01
1.80124611e-02	-5.99105135e-01
1.81792432e-02	-5.96321821e-01
1.83460252e-02	-5.93594507e-01
1.85128073e-02	-5.90929864e-01
1.86795893e-02	-5.88331949e-01
1.88463714e-02	-5.85800287e-01
1.90131534e-02	-5.83332601e-01
1.91799355e-02	-5.80926679e-01
1.93467175e-02	-5.78577494e-01
1.95134996e-02	-5.76274622e-01
1.96802816e-02	-5.74006383e-01
1.98470637e-02	-5.71767338e-01
2.00138457e-02	-5.69560010e-01
2.01806278e-02	-5.67389966e-01
2.03474098e-02	-5.65261927e-01
2.05141919e-02	-5.63179311e-01
2.06809739e-02	-5.61141729e-01
2.08477559e-02	-5.59140631e-01
2.10145380e-02	-5.57161606e-01
2.11813200e-02	-5.55194616e-01
2.13481021e-02	-5.53241197e-01
2.15148841e-02	-5.51311474e-01
2.16816662e-02	-5.49416147e-01
2.18484482e-02	-5.47559681e-01
2.20152303e-02	-5.45736676e-01
2.21820123e-02	-5.43936024e-01
2.23487944e-02	-5.42154223e-01
2.25155764e-02	-5.40403744e-01
2.26823585e-02	-5.38702017e-01
2.28491405e-02	-5.37052777e-01
2.30159226e-02	-5.35445181e-01
2.31827046e-02	-5.33871917e-01
2.33494867e-02	-5.32341870e-01
2.35162687e-02	-5.30872184e-01
2.36830508e-02	-5.29470879e-01
2.38498328e-02	-5.28130753e-01
2.40166149e-02	-5.26841786e-01
2.41833969e-02	-5.25605887e-01
2.43501789e-02	-5.24431550e-01
2.45169610e-02	-5.23313660e-01
2.46837430e-02	-5.22229743e-01
2.48505251e-02	-5.21160095e-01
2.50173071e-02	-5.20099901e-01
2.51840892e-02	-5.19045985e-01
2.53508712e-02	-5.17984144e-01
2.55176533e-02	-5.16898281e-01
2.56844353e-02	-5.15783262e-01
2.58512174e-02	-5.14639362e-01
2.60179994e-02	-5.13457145e-01
2.61847815e-02	-5.12215178e-01
2.63515635e-02	-5.10894054e-01
2.65183456e-02	-5.09487275e-01
2.66851276e-02	-5.07994860e-01
2.68519097e-02	-5.06413672e-01
2.70186917e-02	-5.04741617e-01
2.71854738e-02	-5.02982869e-01
2.73522558e-02	-5.01138843e-01
2.75190379e-02	-4.99202478e-01
2.76858199e-02	-4.97170886e-01
2.78526019e-02	-4.95055504e-01
2.80193840e-02	-4.92872306e-01
2.81861660e-02	-4.90628323e-01
2.83529481e-02	-4.88322912e-01
2.85197301e-02	-4.85958780e-01
2.86865122e-02	-4.83546940e-01
2.88532942e-02	-4.81100504e-01
2.90200763e-02	-4.78628763e-01
2.91868583e-02	-4.76138495e-01
2.93536404e-02	-4.73633454e-01
2.95204224e-02	-4.71113396e-01
2.96872045e-02	-4.68582943e-01
2.98539865e-02	-4.66055470e-01
3.00207686e-02	-4.63538720e-01
3.01875506e-02	-4.61027680e-01
3.03543327e-02	-4.58519808e-01
3.05211147e-02	-4.56024849e-01
3.06878968e-02	-4.53554232e-01
3.08546788e-02	-4.51111016e-01
3.10214609e-02	-4.48694042e-01
3.11882429e-02	-4.46305751e-01
3.13550249e-02	-4.43951628e-01
3.15218070e-02	-4.41634878e-01
3.16885890e-02	-4.39355314e-01
3.18553711e-02	-4.37110493e-01
3.20221531e-02	-4.34898236e-01
3.21889352e-02	-4.32723290e-01
3.23557172e-02	-4.30594846e-01
3.25224993e-02	-4.28513259e-01
3.26892813e-02	-4.26472834e-01
3.28560634e-02	-4.24476385e-01
3.30228454e-02	-4.22529979e-01
3.31896275e-02	-4.20630808e-01
3.33564095e-02	-4.18774164e-01
3.35231916e-02	-4.16962390e-01
3.36899736e-02	-4.15200056e-01
3.38567557e-02	-4.13487713e-01
3.40235377e-02	-4.11822198e-01
3.41903198e-02	-4.10200809e-01
3.43571018e-02	-4.08624557e-01
3.45238839e-02	-4.07096252e-01
3.46906659e-02	-4.05616227e-01
3.48574479e-02	-4.04181868e-01
3.50242300e-02	-4.02792215e-01
3.51910120e-02	-4.01449513e-01
3.53577941e-02	-4.00152718e-01
3.55245761e-02	-3.98897614e-01
3.56913582e-02	-3.97686246e-01
3.58581402e-02	-3.96523484e-01
3.60249223e-02	-3.95407068e-01
3.61917043e-02	-3.94333064e-01
3.63584864e-02	-3.93302568e-01
3.65252684e-02	-3.92317437e-01
3.66920505e-02	-3.91377581e-01
3.68588325e-02	-3.90481963e-01
3.70256146e-02	-3.89630324e-01
3.71923966e-02	-3.88824537e-01
3.73591787e-02	-3.88065277e-01
3.75259607e-02	-3.87351334e-01
3.76927428e-02	-3.86684090e-01
3.78595248e-02	-3.86066079e-01
3.80263069e-02	-3.85497264e-01
3.81930889e-02	-3.84977270e-01
3.83598709e-02	-3.84508172e-01
3.85266530e-02	-3.84092957e-01
3.86934350e-02	-3.83732041e-01
3.88602171e-02	-3.83424553e-01
3.90269991e-02	-3.83172572e-01
3.91937812e-02	-3.82978431e-01
3.93605632e-02	-3.82841290e-01
3.95273453e-02	-3.82760464e-01
3.96941273e-02	-3.82736532e-01
3.98609094e-02	-3.82768977e-01
4.00276914e-02	-3.82855929e-01
4.01944735e-02	-3.82995311e-01
4.03612555e-02	-3.83185527e-01
4.05280376e-02	-3.83423416e-01
4.06948196e-02	-3.83703974e-01
4.08616017e-02	-3.84023956e-01
4.10283837e-02	-3.84379939e-01
4.11951658e-02	-3.84765438e-01
4.13619478e-02	-3.85174429e-01
4.15287299e-02	-3.85601883e-01
4.16955119e-02	-3.86041685e-01
4.18622939e-02	-3.86487118e-01
4.20290760e-02	-3.86930985e-01
4.21958580e-02	-3.87366864e-01
4.23626401e-02	-3.87788807e-01
4.25294221e-02	-3.88189312e-01
4.26962042e-02	-3.88561875e-01
4.28629862e-02	-3.88901375e-01
4.30297683e-02	-3.89201360e-01
4.31965503e-02	-3.89456210e-01
4.33633324e-02	-3.89661893e-01
4.35301144e-02	-3.89813671e-01
4.36968965e-02	-3.89907232e-01
4.38636785e-02	-3.89939912e-01
4.40304606e-02	-3.89909618e-01
4.41972426e-02	-3.89814084e-01
4.43640247e-02	-3.89651825e-01
4.45308067e-02	-3.89422811e-01
4.46975888e-02	-3.89126958e-01
4.48643708e-02	-3.88764152e-01
4.50311529e-02	-3.88335392e-01
4.51979349e-02	-3.87842026e-01
4.53647169e-02	-3.87285626e-01
4.55314990e-02	-3.86668084e-01
4.56982810e-02	-3.85991703e-01
4.58650631e-02	-3.85259606e-01
4.60318451e-02	-3.84474435e-01
4.61986272e-02	-3.83638995e-01
4.63654092e-02	-3.82756949e-01
4.65321913e-02	-3.81830696e-01
4.66989733e-02	-3.80862551e-01
4.68657554e-02	-3.79855414e-01
4.70325374e-02	-3.78810719e-01
4.71993195e-02	-3.77730050e-01
4.73661015e-02	-3.76615643e-01
4.75328836e-02	-3.75469077e-01
4.76996656e-02	-3.74292349e-01
4.78664477e-02	-3.73087564e-01
4.80332297e-02	-3.71856563e-01
4.82000118e-02	-3.70601107e-01
4.83667938e-02	-3.69322066e-01
4.85335759e-02	-3.68020310e-01
4.87003579e-02	-3.66696776e-01
4.88671399e-02	-3.65351870e-01
4.90339220e-02	-3.63986744e-01
4.92007040e-02	-3.62602934e-01
4.93674861e-02	-3.61201606e-01
4.95342681e-02	-3.59784045e-01
4.97010502e-02	-3.58351178e-01
4.98678322e-02	-3.56903343e-01
5.00346143e-02	-3.55440780e-01
5.02013963e-02	-3.53963949e-01
5.03681784e-02	-3.52473451e-01
5.05349604e-02	-3.50970026e-01
5.07017425e-02	-3.49454759e-01
5.08685245e-02	-3.47928318e-01
5.10353066e-02	-3.46390864e-01
5.12020886e-02	-3.44842655e-01
5.13688707e-02	-3.43283765e-01
5.15356527e-02	-3.41714573e-01
5.17024348e-02	-3.40135814e-01
5.18692168e-02	-3.38548067e-01
5.20359989e-02	-3.36951897e-01
5.22027809e-02	-3.35347107e-01
5.23695629e-02	-3.33733201e-01
5.25363450e-02	-3.32110105e-01
5.27031270e-02	-3.30477516e-01
5.28699091e-02	-3.28835792e-01
5.30366911e-02	-3.27185662e-01
5.32034732e-02	-3.25527248e-01
5.33702552e-02	-3.23861013e-01
5.35370373e-02	-3.22187305e-01
5.37038193e-02	-3.20506386e-01
5.38706014e-02	-3.18819211e-01
5.40373834e-02	-3.17126428e-01
5.42041655e-02	-3.15428482e-01
5.43709475e-02	-3.13725789e-01
5.45377296e-02	-3.12018421e-01
5.47045116e-02	-3.10307009e-01
5.48712937e-02	-3.08592665e-01
5.50380757e-02	-3.06876679e-01
5.52048578e-02	-3.05160471e-01
5.53716398e-02	-3.03444885e-01
5.55384219e-02	-3.01730435e-01
5.57052039e-02	-3.00017692e-01
5.58719859e-02	-2.98307265e-01
5.60387680e-02	-2.96600078e-01
5.62055500e-02	-2.94897142e-01
5.63723321e-02	-2.93199206e-01
5.65391141e-02	-2.91506878e-01
5.67058962e-02	-2.89820749e-01
5.68726782e-02	-2.88141276e-01
5.70394603e-02	-2.86468823e-01
5.72062423e-02	-2.84803673e-01
5.73730244e-02	-2.83145901e-01
5.75398064e-02	-2.81495839e-01
5.77065885e-02	-2.79854182e-01
5.78733705e-02	-2.78221631e-01
5.80401526e-02	-2.76598929e-01
5.82069346e-02	-2.74986420e-01
5.83737167e-02	-2.73384217e-01
5.85404987e-02	-2.71792805e-01
5.87072808e-02	-2.70212945e-01
5.88740628e-02	-2.68645914e-01
5.90408449e-02	-2.67093151e-01
5.92076269e-02	-2.65555786e-01
5.93744089e-02	-2.64035025e-01
5.95411910e-02	-2.62532005e-01
5.97079730e-02	-2.61048054e-01
5.98747551e-02	-2.59584901e-01
6.00415371e-02	-2.58144191e-01
6.02083192e-02	-2.56727709e-01
6.03751012e-02	-2.55337207e-01
6.05418833e-02	-2.53974182e-01
6.07086653e-02	-2.52640181e-01
6.08754474e-02	-2.51336577e-01
6.10422294e-02	-2.50064732e-01
6.12090115e-02	-2.48826118e-01
6.13757935e-02	-2.47621976e-01
6.15425756e-02	-2.46453344e-01
6.17093576e-02	-2.45320907e-01
6.18761397e-02	-2.44225050e-01
6.20429217e-02	-2.43166196e-01
6.22097038e-02	-2.42144683e-01
6.23764858e-02	-2.41160636e-01
6.25432678e-02	-2.40213824e-01
6.27100499e-02	-2.39303552e-01
6.28768319e-02	-2.38428943e-01
6.30436140e-02	-2.37589128e-01
6.32103960e-02	-2.36783200e-01
6.33771781e-02	-2.36010117e-01
6.35439601e-02	-2.35268566e-01
6.37107422e-02	-2.34557010e-01
6.38775242e-02	-2.33873911e-01
6.40443063e-02	-2.33217768e-01
6.42110883e-02	-2.32587075e-01
6.43778704e-02	-2.31980264e-01
6.45446524e-02	-2.31395617e-01
6.47114345e-02	-2.30831378e-01
6.48782165e-02	-2.30285854e-01
6.50449986e-02	-2.29757380e-01
6.52117806e-02	-2.29244362e-01
6.53785627e-02	-2.28745200e-01
6.55453447e-02	-2.28258269e-01
6.57121268e-02	-2.27781971e-01
6.58789088e-02	-2.27314694e-01
6.60456908e-02	-2.26854890e-01
6.62124729e-02	-2.26401093e-01
6.63792549e-02	-2.25951871e-01
6.65460370e-02	-2.25505818e-01
6.67128190e-02	-2.25061500e-01
6.68796011e-02	-2.24617552e-01
6.70463831e-02	-2.24172765e-01
6.72131652e-02	-2.23726036e-01
6.73799472e-02	-2.23276310e-01
6.75467293e-02	-2.22822539e-01
6.77135113e-02	-2.22363783e-01
6.78802934e-02	-2.21899403e-01
6.80470754e-02	-2.21429041e-01
6.82138575e-02	-2.20952501e-01
6.83806395e-02	-2.20469679e-01
6.85474216e-02	-2.19980604e-01
6.87142036e-02	-2.19485537e-01
6.88809857e-02	-2.18984891e-01
6.90477677e-02	-2.18479090e-01
6.92145498e-02	-2.17968554e-01
6.93813318e-02	-2.17453788e-01
6.95481138e-02	-2.16935497e-01
6.97148959e-02	-2.16414512e-01
6.98816779e-02	-2.15891712e-01
7.00484600e-02	-2.15368076e-01
7.02152420e-02	-2.14844734e-01
7.03820241e-02	-2.14323019e-01
7.05488061e-02	-2.13804352e-01
7.07155882e-02	-2.13290226e-01
7.08823702e-02	-2.12782323e-01
7.10491523e-02	-2.12282500e-01
7.12159343e-02	-2.11792845e-01
7.13827164e-02	-2.11315663e-01
7.15494984e-02	-2.10853508e-01
7.17162805e-02	-2.10409264e-01
7.18830625e-02	-2.09985921e-01
7.20498446e-02	-2.09586497e-01
7.22166266e-02	-2.09213980e-01
7.23834087e-02	-2.08871249e-01
7.25501907e-02	-2.08561026e-01
7.27169728e-02	-2.08285613e-01
7.28837548e-02	-2.08046880e-01
7.30505368e-02	-2.07846277e-01
7.32173189e-02	-2.07684670e-01
7.33841009e-02	-2.07562179e-01
7.35508830e-02	-2.07477945e-01
7.37176650e-02	-2.07430225e-01
7.38844471e-02	-2.07416471e-01
7.40512291e-02	-2.07433277e-01
7.42180112e-02	-2.07476476e-01
7.43847932e-02	-2.07541204e-01
7.45515753e-02	-2.07622149e-01
7.47183573e-02	-2.07713649e-01
7.48851394e-02	-2.07809704e-01
7.50519214e-02	-2.07904219e-01
7.52187035e-02	-2.07991177e-01
7.53854855e-02	-2.08064873e-01
7.55522676e-02	-2.08120066e-01
7.57190496e-02	-2.08152080e-01
7.58858317e-02	-2.08156943e-01
7.60526137e-02	-2.08131328e-01
7.62193958e-02	-2.08072579e-01
7.63861778e-02	-2.07978778e-01
7.65529598e-02	-2.07848834e-01
7.67197419e-02	-2.07682467e-01
7.68865239e-02	-2.07480058e-01
7.70533060e-02	-2.07242671e-01
7.72200880e-02	-2.06971976e-01
7.73868701e-02	-2.06670090e-01
7.75536521e-02	-2.06339342e-01
7.77204342e-02	-2.05982222e-01
7.78872162e-02	-2.05601530e-01
7.80539983e-02	-2.05200279e-01
7.82207803e-02	-2.04781467e-01
7.83875624e-02	-2.04347911e-01
7.85543444e-02	-2.03902321e-01
7.87211265e-02	-2.03447368e-01
7.88879085e-02	-2.02985554e-01
7.90546906e-02	-2.02519215e-01
7.92214726e-02	-2.02050536e-01
7.93882547e-02	-2.01581587e-01
7.95550367e-02	-2.01114151e-01
7.97218188e-02	-2.00649555e-01
7.98886008e-02	-2.00188863e-01
8.00553828e-02	-1.99732976e-01
8.02221649e-02	-1.99282739e-01
8.03889469e-02	-1.98838878e-01
8.05557290e-02	-1.98401915e-01
8.07225110e-02	-1.97972249e-01
8.08892931e-02	-1.97550042e-01
8.10560751e-02	-1.97135342e-01
8.12228572e-02	-1.96728159e-01
8.13896392e-02	-1.96328448e-01
8.15564213e-02	-1.95936169e-01
8.17232033e-02	-1.95551162e-01
8.18899854e-02	-1.95173285e-01
8.20567674e-02	-1.94802393e-01
8.22235495e-02	-1.94438320e-01
8.23903315e-02	-1.94081018e-01
8.25571136e-02	-1.93730413e-01
8.27238956e-02	-1.93386393e-01
8.28906777e-02	-1.93048688e-01
8.30574597e-02	-1.92717025e-01
8.32242418e-02	-1.92391362e-01
8.33910238e-02	-1.92071702e-01
8.35578058e-02	-1.91758007e-01
8.37245879e-02	-1.91450102e-01
8.38913699e-02	-1.91147730e-01
8.40581520e-02	-1.90850617e-01
8.42249340e-02	-1.90558389e-01
8.43917161e-02	-1.90270772e-01
8.45584981e-02	-1.89987575e-01
8.47252802e-02	-1.89708507e-01
8.48920622e-02	-1.89433080e-01
8.50588443e-02	-1.89160671e-01
8.52256263e-02	-1.88890760e-01
8.53924084e-02	-1.88622841e-01
8.55591904e-02	-1.88356304e-01
8.57259725e-02	-1.88090438e-01
8.58927545e-02	-1.87824531e-01
8.60595366e-02	-1.87557913e-01
8.62263186e-02	-1.87289903e-01
8.63931007e-02	-1.87019820e-01
8.65598827e-02	-1.86746954e-01
8.67266648e-02	-1.86470579e-01
8.68934468e-02	-1.86189995e-01
8.70602288e-02	-1.85904633e-01
8.72270109e-02	-1.85614044e-01
8.73937929e-02	-1.85317734e-01
8.75605750e-02	-1.85015139e-01
8.77273570e-02	-1.84705646e-01
8.78941391e-02	-1.84388797e-01
8.80609211e-02	-1.84064337e-01
8.82277032e-02	-1.83732114e-01
8.83944852e-02	-1.83391964e-01
8.85612673e-02	-1.83043569e-01
8.87280493e-02	-1.82686678e-01
8.88948314e-02	-1.82321194e-01
8.90616134e-02	-1.81947117e-01
8.92283955e-02	-1.81564458e-01
8.93951775e-02	-1.81173118e-01
8.95619596e-02	-1.80773067e-01
8.97287416e-02	-1.80364296e-01
8.98955237e-02	-1.79946839e-01
9.00623057e-02	-1.79520821e-01
9.02290878e-02	-1.79086327e-01
9.03958698e-02	-1.78643436e-01
9.05626518e-02	-1.78192161e-01
9.07294339e-02	-1.77732598e-01
9.08962159e-02	-1.77264904e-01
9.10629980e-02	-1.76789100e-01
9.12297800e-02	-1.76305215e-01
9.13965621e-02	-1.75813338e-01
9.15633441e-02	-1.75313659e-01
9.17301262e-02	-1.74806299e-01
9.18969082e-02	-1.74291223e-01
9.20636903e-02	-1.73768471e-01
9.22304723e-02	-1.73238145e-01
9.23972544e-02	-1.72700446e-01
9.25640364e-02	-1.72155574e-01
9.27308185e-02	-1.71603668e-01
9.28976005e-02	-1.71044869e-01
9.30643826e-02	-1.70479344e-01
9.32311646e-02	-1.69907465e-01
9.33979467e-02	-1.69329721e-01
9.35647287e-02	-1.68746554e-01
9.37315108e-02	-1.68158366e-01
9.38982928e-02	-1.67565616e-01
9.40650748e-02	-1.66968973e-01
9.42318569e-02	-1.66369205e-01
9.43986389e-02	-1.65767040e-01
9.45654210e-02	-1.65163120e-01
9.47322030e-02	-1.64558037e-01
9.48989851e-02	-1.63952408e-01
9.50657671e-02	-1.63346817e-01
9.52325492e-02	-1.62741710e-01
9.53993312e-02	-1.62137342e-01
9.55661133e-02	-1.61533830e-01
9.57328953e-02	-1.60931150e-01
9.58996774e-02	-1.60329130e-01
9.60664594e-02	-1.59727414e-01
9.62332415e-02	-1.59125482e-01
9.64000235e-02	-1.58522672e-01
9.65668056e-02	-1.57918170e-01
9.67335876e-02	-1.57311118e-01
9.69003697e-02	-1.56700637e-01
9.70671517e-02	-1.56085888e-01
9.72339338e-02	-1.55466165e-01
9.74007158e-02	-1.54840894e-01
9.75674978e-02	-1.54209641e-01
9.77342799e-02	-1.53572046e-01
9.79010619e-02	-1.52927984e-01
9.80678440e-02	-1.52277621e-01
9.82346260e-02	-1.51621278e-01
9.84014081e-02	-1.50959386e-01
9.85681901e-02	-1.50292466e-01
9.87349722e-02	-1.49621257e-01
9.89017542e-02	-1.48946615e-01
9.90685363e-02	-1.48269393e-01
9.92353183e-02	-1.47590414e-01
9.94021004e-02	-1.46910381e-01
9.95688824e-02	-1.46229986e-01
9.97356645e-02	-1.45549908e-01
9.99024465e-02	-1.44870802e-01
1.00069229e-01	-1.44193198e-01
1.00236011e-01	-1.43517427e-01
1.00402793e-01	-1.42843792e-01
1.00569575e-01	-1.42172571e-01
1.00736357e-01	-1.41504002e-01
1.00903139e-01	-1.40838239e-01
1.01069921e-01	-1.40175333e-01
1.01236703e-01	-1.39515292e-01
1.01403485e-01	-1.38858021e-01
1.01570267e-01	-1.38203357e-01
1.01737049e-01	-1.37551070e-01
1.01903831e-01	-1.36900857e-01
1.02070613e-01	-1.36252397e-01
1.02237395e-01	-1.35605357e-01
1.02404177e-01	-1.34959508e-01
1.02570959e-01	-1.34314772e-01
1.02737741e-01	-1.33671254e-01
1.02904523e-01	-1.33029247e-01
1.03071305e-01	-1.32389247e-01
1.03238087e-01	-1.31752002e-01
1.03404870e-01	-1.31118455e-01
1.03571652e-01	-1.30489646e-01
1.03738434e-01	-1.29866591e-01
1.03905216e-01	-1.29250183e-01
1.04071998e-01	-1.28641122e-01
1.04238780e-01	-1.28039830e-01
1.04405562e-01	-1.27446388e-01
1.04572344e-01	-1.26860497e-01
1.04739126e-01	-1.26281582e-01
1.04905908e-01	-1.25708971e-01
1.05072690e-01	-1.25142041e-01
1.05239472e-01	-1.24580305e-01
1.05406254e-01	-1.24023559e-01
1.05573036e-01	-1.23472029e-01
1.05739818e-01	-1.22926343e-01
1.05906600e-01	-1.22387366e-01
1.06073382e-01	-1.21855979e-01
1.06240164e-01	-1.21332911e-01
1.06406946e-01	-1.20818532e-01
1.06573728e-01	-1.20312760e-01
1.06740510e-01	-1.19815066e-01
1.06907293e-01	-1.19324555e-01
1.07074075e-01	-1.18840196e-01
1.07240857e-01	-1.18361075e-01
1.07407639e-01	-1.17886659e-01
1.07574421e-01	-1.17416903e-01
1.07741203e-01	-1.16952240e-01
1.07907985e-01	-1.16493487e-01
1.08074767e-01	-1.16041564e-01
1.08241549e-01	-1.15597218e-01
1.08408331e-01	-1.15160780e-01
1.08575113e-01	-1.14732049e-01
1.08741895e-01	-1.14310322e-01
1.08908677e-01	-1.13894563e-01
1.09075459e-01	-1.13483777e-01
1.09242241e-01	-1.13077301e-01
1.09409023e-01	-1.12674992e-01
1.09575805e-01	-1.12277249e-01
1.09742587e-01	-1.11884859e-01
1.09909369e-01	-1.11498723e-01
1.10076151e-01	-1.11119429e-01
1.10242933e-01	-1.10747004e-01
1.10409716e-01	-1.10380868e-01
1.10576498e-01	-1.10020027e-01
1.10743280e-01	-1.09663401e-01
1.10910062e-01	-1.09310140e-01
1.11076844e-01	-1.08959938e-01
1.11243626e-01	-1.08613132e-01
1.11410408e-01	-1.08270549e-01
1.11577190e-01	-1.07933127e-01
1.11743972e-01	-1.07601490e-01
1.11910754e-01	-1.07275710e-01
1.12077536e-01	-1.06955284e-01
1.12244318e-01	-1.06639347e-01
1.12411100e-01	-1.06327001e-01
1.12577882e-01	-1.06017666e-01
1.12744664e-01	-1.05711317e-01
1.12911446e-01	-1.05408459e-01
1.13078228e-01	-1.05109844e-01
1.13245010e-01	-1.04816094e-01
1.13411792e-01	-1.04527422e-01
1.13578574e-01	-1.04243538e-01
1.13745356e-01	-1.03963767e-01
1.13912139e-01	-1.03687368e-01
1.14078921e-01	-1.03413843e-01
1.14245703e-01	-1.03143116e-01
1.14412485e-01	-1.02875522e-01
1.14579267e-01	-1.02611661e-01
1.14746049e-01	-1.02352124e-01
1.14912831e-01	-1.02097251e-01
1.15079613e-01	-1.01847048e-01
1.15246395e-01	-1.01601310e-01
1.15413177e-01	-1.01359784e-01
1.15579959e-01	-1.01122310e-01
1.15746741e-01	-1.00888868e-01
1.15913523e-01	-1.00659508e-01
1.16080305e-01	-1.00434193e-01
1.16247087e-01	-1.00212668e-01
1.16413869e-01	-9.99944414e-02
1.16580651e-01	-9.97788984e-02
1.16747433e-01	-9.95654694e-02
1.16914215e-01	-9.93537506e-02
1.17080997e-01	-9.91435279e-02
1.17247779e-01	-9.89347654e-02
1.17414562e-01	-9.87275638e-02
1.17581344e-01	-9.85220881e-02
1.17748126e-01	-9.83185258e-02
1.17914908e-01	-9.81171189e-02
1.18081690e-01	-9.79182167e-02
1.18248472e-01	-9.77221998e-02
1.18415254e-01	-9.75293183e-02
1.18582036e-01	-9.73395761e-02
1.18748818e-01	-9.71527391e-02
1.18915600e-01	-9.69684635e-02
1.19082382e-01	-9.67864789e-02
1.19249164e-01	-9.66068015e-02
1.19415946e-01	-9.64298421e-02
1.19582728e-01	-9.62563215e-02
1.19749510e-01	-9.60870498e-02
1.19916292e-01	-9.59227145e-02
1.20083074e-01	-9.57638144e-02
1.20249856e-01	-9.56107020e-02
1.20416638e-01	-9.54636806e-02
1.20583420e-01	-9.53230667e-02
1.20750202e-01	-9.51891329e-02
1.20916985e-01	-9.50619632e-02
1.21083767e-01	-9.49413195e-02
1.21250549e-01	-9.48266697e-02
1.21417331e-01	-9.47173931e-02
1.21584113e-01	-9.46130547e-02
1.21750895e-01	-9.45135872e-02
1.21917677e-01	-9.44192467e-02
1.22084459e-01	-9.43303524e-02
1.22251241e-01	-9.42469272e-02
1.22418023e-01	-9.41684682e-02
1.22584805e-01	-9.40940034e-02
1.22751587e-01	-9.40223841e-02
1.22918369e-01	-9.39526315e-02
1.23085151e-01	-9.38841520e-02
1.23251933e-01	-9.38167681e-02
1.23418715e-01	-9.37505607e-02
1.23585497e-01	-9.36856447e-02
1.23752279e-01	-9.36220421e-02
1.23919061e-01	-9.35596884e-02
1.24085843e-01	-9.34984930e-02
1.24252625e-01	-9.34383665e-02
1.24419408e-01	-9.33792268e-02
1.24586190e-01	-9.33209878e-02
1.24752972e-01	-9.32635502e-02
1.24919754e-01	-9.32068632e-02
1.25086536e-01	-9.31510562e-02
1.25253318e-01	-9.30965296e-02
1.25420100e-01	-9.30438781e-02
1.25586882e-01	-9.29936887e-02
1.25753664e-01	-9.29463541e-02
1.25920446e-01	-9.29020056e-02
1.26087228e-01	-9.28605615e-02
1.26254010e-01	-9.28218539e-02
1.26420792e-01	-9.27857852e-02
1.26587574e-01	-9.27524211e-02
1.26754356e-01	-9.27219734e-02
1.26921138e-01	-9.26947095e-02
1.27087920e-01	-9.26708763e-02
1.27254702e-01	-9.26506248e-02
1.27421484e-01	-9.26339086e-02
1.27588266e-01	-9.26204288e-02
1.27755048e-01	-9.26096888e-02
1.27921831e-01	-9.26011440e-02
1.28088613e-01	-9.25943313e-02
1.28255395e-01	-9.25889511e-02
1.28422177e-01	-9.25848701e-02
1.28588959e-01	-9.25820104e-02
1.28755741e-01	-9.25801974e-02
1.28922523e-01	-9.25790780e-02
1.29089305e-01	-9.25782011e-02
1.29256087e-01	-9.25771583e-02
1.29422869e-01	-9.25756825e-02
1.29589651e-01	-9.25736573e-02
1.29756433e-01	-9.25710379e-02
1.29923215e-01	-9.25677705e-02
1.30089997e-01	-9.25637590e-02
1.30256779e-01	-9.25589197e-02
1.30423561e-01	-9.25532300e-02
1.30590343e-01	-9.25467009e-02
1.30757125e-01	-9.25393032e-02
1.30923907e-01	-9.25309012e-02
1.31090689e-01	-9.25212760e-02
1.31257471e-01	-9.25102093e-02
1.31424254e-01	-9.24975995e-02
1.31591036e-01	-9.24835063e-02
1.31757818e-01	-9.24681031e-02
1.31924600e-01	-9.24516156e-02
1.32091382e-01	-9.24343037e-02
1.32258164e-01	-9.24164951e-02
1.32424946e-01	-9.23985970e-02
1.32591728e-01	-9.23810913e-02
1.32758510e-01	-9.23645288e-02
1.32925292e-01	-9.23495205e-02
1.33092074e-01	-9.23367598e-02
1.33258856e-01	-9.23270795e-02
1.33425638e-01	-9.23215048e-02
1.33592420e-01	-9.23211875e-02
1.33759202e-01	-9.23272547e-02
1.33925984e-01	-9.23407172e-02
1.34092766e-01	-9.23624945e-02
1.34259548e-01	-9.23934978e-02
1.34426330e-01	-9.24346708e-02
1.34593112e-01	-9.24869558e-02
1.34759894e-01	-9.25511532e-02
1.34926677e-01	-9.26277141e-02
1.35093459e-01	-9.27165919e-02
1.35260241e-01	-9.28172251e-02
1.35427023e-01	-9.29286094e-02
1.35593805e-01	-9.30493872e-02
1.35760587e-01	-9.31779459e-02
1.35927369e-01	-9.33125103e-02
1.36094151e-01	-9.34511907e-02
1.36260933e-01	-9.35919838e-02
1.36427715e-01	-9.37327949e-02
1.36594497e-01	-9.38715102e-02
1.36761279e-01	-9.40061181e-02
1.36928061e-01	-9.41348449e-02
1.37094843e-01	-9.42562644e-02
1.37261625e-01	-9.43693199e-02
1.37428407e-01	-9.44732423e-02
1.37595189e-01	-9.45674699e-02
1.37761971e-01	-9.46516467e-02
1.37928753e-01	-9.47257081e-02
1.38095535e-01	-9.47899586e-02
1.38262317e-01	-9.48450590e-02
1.38429100e-01	-9.48919000e-02
1.38595882e-01	-9.49313858e-02
1.38762664e-01	-9.49642386e-02
1.38929446e-01	-9.49908812e-02
1.39096228e-01	-9.50114193e-02
1.39263010e-01	-9.50256833e-02
1.39429792e-01	-9.50333063e-02
1.39596574e-01	-9.50338282e-02
1.39763356e-01	-9.50267807e-02
1.39930138e-01	-9.50117646e-02
1.40096920e-01	-9.49884898e-02
1.40263702e-01	-9.49568022e-02
1.40430484e-01	-9.49167241e-02
1.40597266e-01	-9.48685277e-02
1.40764048e-01	-9.48128059e-02
1.40930830e-01	-9.47504388e-02
1.41097612e-01	-9.46824847e-02
1.41264394e-01	-9.46100441e-02
1.41431176e-01	-9.45341404e-02
1.41597958e-01	-9.44556075e-02
1.41764740e-01	-9.43749709e-02
1.41931523e-01	-9.42923397e-02
1.42098305e-01	-9.42072977e-02
1.42265087e-01	-9.41188821e-02
1.42431869e-01	-9.40257038e-02
1.42598651e-01	-9.39261820e-02
1.42765433e-01	-9.38187806e-02
1.42932215e-01	-9.37021856e-02
1.43098997e-01	-9.35754594e-02
1.43265779e-01	-9.34381581e-02
1.43432561e-01	-9.32903927e-02
1.43599343e-01	-9.31327894e-02
1.43766125e-01	-9.29663369e-02
1.43932907e-01	-9.27921425e-02
1.44099689e-01	-9.26111824e-02
1.44266471e-01	-9.24241666e-02
1.44433253e-01	-9.22315108e-02
1.44600035e-01	-9.20333615e-02
1.44766817e-01	-9.18296555e-02
1.44933599e-01	-9.16202536e-02
1.45100381e-01	-9.14051268e-02
1.45267163e-01	-9.11845371e-02
1.45433946e-01	-9.09591854e-02
1.45600728e-01	-9.07302784e-02
1.45767510e-01	-9.04994656e-02
1.45934292e-01	-9.02686415e-02
1.46101074e-01	-9.00396761e-02
1.46267856e-01	-8.98141367e-02
1.46434638e-01	-8.95930538e-02
1.46601420e-01	-8.93768001e-02
1.46768202e-01	-8.91651260e-02
1.46934984e-01	-8.89573220e-02
1.47101766e-01	-8.87524496e-02
1.47268548e-01	-8.85495829e-02
1.47435330e-01	-8.83480048e-02
1.47602112e-01	-8.81473111e-02
1.47768894e-01	-8.79473968e-02
1.47935676e-01	-8.77483220e-02
1.48102458e-01	-8.75500816e-02
1.48269240e-01	-8.73523712e-02
1.48436022e-01	-8.71544613e-02
1.48602804e-01	-8.69552196e-02
1.48769586e-01	-8.67532526e-02
1.48936369e-01	-8.65471038e-02
1.49103151e-01	-8.63354547e-02
1.49269933e-01	-8.61172752e-02
1.49436715e-01	-8.58918991e-02
1.49603497e-01	-8.56590134e-02
1.49770279e-01	-8.54185434e-02
1.49937061e-01	-8.51704658e-02
1.50103843e-01	-8.49146142e-02
1.50270625e-01	-8.46505638e-02
1.50437407e-01	-8.43776200e-02
1.50604189e-01	-8.40949174e-02
1.50770971e-01	-8.38016025e-02
1.50937753e-01	-8.34970204e-02
1.51104535e-01	-8.31808416e-02
1.51271317e-01	-8.28530877e-02
1.51438099e-01	-8.25140732e-02
1.51604881e-01	-8.21642732e-02
1.51771663e-01	-8.18041693e-02
1.51938445e-01	-8.14341268e-02
1.52105227e-01	-8.10543360e-02
1.52272009e-01	-8.06648422e-02
1.52438792e-01	-8.02656642e-02
1.52605574e-01	-7.98569595e-02
1.52772356e-01	-7.94391344e-02
1.52939138e-01	-7.90128496e-02
1.53105920e-01	-7.85789375e-02
1.53272702e-01	-7.81382729e-02
1.53439484e-01	-7.76916473e-02
1.53606266e-01	-7.72396901e-02
1.53773048e-01	-7.67828521e-02
1.53939830e-01	-7.63214275e-02
1.54106612e-01	-7.58556141e-02
1.54273394e-01	-7.53856106e-02
1.54440176e-01	-7.49116924e-02
1.54606958e-01	-7.44342118e-02
1.54773740e-01	-7.39535276e-02
1.54940522e-01	-7.34699259e-02
1.55107304e-01	-7.29835658e-02
1.55274086e-01	-7.24944663e-02
1.55440868e-01	-7.20025343e-02
1.55607650e-01	-7.15076094e-02
1.55774432e-01	-7.10095048e-02
1.55941215e-01	-7.05080427e-02
1.56107997e-01	-7.00030925e-02
1.56274779e-01	-6.94945986e-02
1.56441561e-01	-6.89825927e-02
1.56608343e-01	-6.84671976e-02
1.56775125e-01	-6.79486229e-02
1.56941907e-01	-6.74271413e-02
1.57108689e-01	-6.69030549e-02
1.57275471e-01	-6.63766676e-02
1.57442253e-01	-6.58482673e-02
1.57609035e-01	-6.53181174e-02
1.57775817e-01	-6.47864486e-02
1.57942599e-01	-6.42534520e-02
1.58109381e-01	-6.37192707e-02
1.58276163e-01	-6.31839914e-02
1.58442945e-01	-6.26476316e-02
1.58609727e-01	-6.21101251e-02
1.58776509e-01	-6.15713238e-02
1.58943291e-01	-6.10310349e-02
1.59110073e-01	-6.04890948e-02
1.59276855e-01	-5.99454574e-02
1.59443638e-01	-5.94002575e-02
1.59610420e-01	-5.88538335e-02
1.59777202e-01	-5.83067208e-02
1.59943984e-01	-5.77596242e-02
1.60110766e-01	-5.72133638e-02
1.60277548e-01	-5.66687911e-02
1.60444330e-01	-5.61267020e-02
1.60611112e-01	-5.55877648e-02
1.60777894e-01	-5.50524763e-02
1.60944676e-01	-5.45211578e-02
1.61111458e-01	-5.39939897e-02
1.61278240e-01	-5.34710567e-02
1.61445022e-01	-5.29523809e-02
1.61611804e-01	-5.24379552e-02
1.61778586e-01	-5.19277849e-02
1.61945368e-01	-5.14219264e-02
1.62112150e-01	-5.09205253e-02
1.62278932e-01	-5.04238474e-02
1.62445714e-01	-4.99322673e-02
1.62612496e-01	-4.94462024e-02
1.62779278e-01	-4.89660275e-02
1.62946061e-01	-4.84919966e-02
1.63112843e-01	-4.80241869e-02
1.63279625e-01	-4.75624786e-02
1.63446407e-01	-4.71065820e-02
1.63613189e-01	-4.66560898e-02
1.63779971e-01	-4.62105301e-02
1.63946753e-01	-4.57694288e-02
1.64113535e-01	-4.53323847e-02
1.64280317e-01	-4.48991410e-02
1.64447099e-01	-4.44696214e-02
1.64613881e-01	-4.40439012e-02
1.64780663e-01	-4.36221048e-02
1.64947445e-01	-4.32042782e-02
1.65114227e-01	-4.27903057e-02
1.65281009e-01	-4.23799005e-02
1.65447791e-01	-4.19726538e-02
1.65614573e-01	-4.15681071e-02
1.65781355e-01	-4.11658155e-02
1.65948137e-01	-4.07653818e-02
1.66114919e-01	-4.03664693e-02
1.66281701e-01	-3.99688152e-02
1.66448484e-01	-3.95722500e-02
1.66615266e-01	-3.91767146e-02
1.66782048e-01	-3.87822551e-02
1.66948830e-01	-3.83889712e-02
1.67115612e-01	-3.79969166e-02
1.67282394e-01	-3.76060048e-02
1.67449176e-01	-3.72159927e-02
1.67615958e-01	-3.68265601e-02
1.67782740e-01	-3.64374361e-02
1.67949522e-01	-3.60485032e-02
1.68116304e-01	-3.56598322e-02
1.68283086e-01	-3.52716481e-02
1.68449868e-01	-3.48842579e-02
1.68616650e-01	-3.44979753e-02
1.68783432e-01	-3.41130675e-02
1.68950214e-01	-3.37297358e-02
1.69116996e-01	-3.33481181e-02
1.69283778e-01	-3.29683044e-02
1.69450560e-01	-3.25903703e-02
1.69617342e-01	-3.22144183e-02
1.69784124e-01	-3.18405974e-02
1.69950907e-01	-3.14691002e-02
1.70117689e-01	-3.11001528e-02
1.70284471e-01	-3.07340024e-02
1.70451253e-01	-3.03708988e-02
1.70618035e-01	-3.00110694e-02
1.70784817e-01	-2.96546833e-02
1.70951599e-01	-2.93018161e-02
1.71118381e-01	-2.89524448e-02
1.71285163e-01	-2.86064882e-02
1.71451945e-01	-2.82638735e-02
1.71618727e-01	-2.79245971e-02
1.71785509e-01	-2.75887432e-02
1.71952291e-01	-2.72564382e-02
1.72119073e-01	-2.69277672e-02
1.72285855e-01	-2.66027191e-02
1.72452637e-01	-2.62811901e-02
1.72619419e-01	-2.59630375e-02
1.72786201e-01	-2.56481437e-02
1.72952983e-01	-2.53364441e-02
1.73119765e-01	-2.50278959e-02
1.73286547e-01	-2.47224288e-02
1.73453330e-01	-2.44199358e-02
1.73620112e-01	-2.41203027e-02
1.73786894e-01	-2.38234375e-02
1.73953676e-01	-2.35292718e-02
1.74120458e-01	-2.32377285e-02
1.74287240e-01	-2.29486740e-02
1.74454022e-01	-2.26619011e-02
1.74620804e-01	-2.23771656e-02
1.74787586e-01	-2.20942402e-02
1.74954368e-01	-2.18129389e-02
1.75121150e-01	-2.15330976e-02
1.75287932e-01	-2.12545372e-02
1.75454714e-01	-2.09770448e-02
1.75621496e-01	-2.07003914e-02
1.75788278e-01	-2.04243584e-02
1.75955060e-01	-2.01487422e-02
1.76121842e-01	-1.98733410e-02
1.76288624e-01	-1.95979414e-02
1.76455406e-01	-1.93223170e-02
1.76622188e-01	-1.90462436e-02
1.76788970e-01	-1.87695239e-02
1.76955753e-01	-1.84919968e-02
1.77122535e-01	-1.82135264e-02
1.77289317e-01	-1.79339897e-02
1.77456099e-01	-1.76532752e-02
1.77622881e-01	-1.73712839e-02
1.77789663e-01	-1.70879228e-02
1.77956445e-01	-1.68030960e-02
1.78123227e-01	-1.65167001e-02
1.78290009e-01	-1.62286370e-02
1.78456791e-01	-1.59388394e-02
1.78623573e-01	-1.56472864e-02
1.78790355e-01	-1.53539953e-02
1.78957137e-01	-1.50589979e-02
1.79123919e-01	-1.47623303e-02
1.79290701e-01	-1.44640412e-02
1.79457483e-01	-1.41642098e-02
1.79624265e-01	-1.38629497e-02
1.79791047e-01	-1.35603971e-02
1.79957829e-01	-1.32567064e-02
1.80124611e-01	-1.29520661e-02
1.80291393e-01	-1.26467272e-02
1.80458176e-01	-1.23410178e-02
1.80624958e-01	-1.20353302e-02
1.80791740e-01	-1.17300820e-02
1.80958522e-01	-1.14256824e-02
1.81125304e-01	-1.11225299e-02
1.81292086e-01	-1.08210315e-02
1.81458868e-01	-1.05216141e-02
1.81625650e-01	-1.02247080e-02
1.81792432e-01	-9.93071607e-03
1.81959214e-01	-9.63998948e-03
1.82125996e-01	-9.35282522e-03
1.82292778e-01	-9.06946838e-03
1.82459560e-01	-8.79009535e-03
1.82626342e-01	-8.51477743e-03
1.82793124e-01	-8.24344764e-03
1.82959906e-01	-7.97589384e-03
1.83126688e-01	-7.71178028e-03
1.83293470e-01	-7.45067423e-03
1.83460252e-01	-7.19205044e-03
1.83627034e-01	-6.93527493e-03
1.83793816e-01	-6.67959247e-03
1.83960599e-01	-6.42413352e-03
1.84127381e-01	-6.16794209e-03
1.84294163e-01	-5.91001585e-03
1.84460945e-01	-5.64934285e-03
1.84627727e-01	-5.38493241e-03
1.84794509e-01	-5.11585033e-03
1.84961291e-01	-4.84124579e-03
1.85128073e-01	-4.56035493e-03
1.85294855e-01	-4.27249431e-03
1.85461637e-01	-3.97706985e-03
1.85628419e-01	-3.67360346e-03
1.85795201e-01	-3.36176883e-03
1.85961983e-01	-3.04142104e-03
1.86128765e-01	-2.71259616e-03
1.86295547e-01	-2.37547758e-03
1.86462329e-01	-2.03036049e-03
1.86629111e-01	-1.67763563e-03
1.86795893e-01	-1.31777731e-03
1.86962675e-01	-9.51323972e-04
1.87129457e-01	-5.78854250e-04
1.87296239e-01	-2.00966670e-04
1.87463022e-01	1.81731038e-04
1.87629804e-01	5.68627475e-04
1.87796586e-01	9.59130373e-04
1.87963368e-01	1.35271288e-03
1.88130150e-01	1.74895226e-03
1.88296932e-01	2.14753018e-03
1.88463714e-01	2.54820060e-03
1.88630496e-01	2.95075946e-03
1.88797278e-01	3.35504150e-03
1.88964060e-01	3.76093686e-03
1.89130842e-01	4.16839873e-03
1.89297624e-01	4.57742490e-03
1.89464406e-01	4.98802552e-03
1.89631188e-01	5.40020484e-03
1.89797970e-01	5.81397016e-03
1.89964752e-01	6.22934717e-03
1.90131534e-01	6.64637563e-03
1.90298316e-01	7.06508543e-03
1.90465098e-01	7.48547745e-03
1.90631880e-01	7.90752625e-03
1.90798662e-01	8.33119944e-03
1.90965445e-01	8.75647414e-03
1.91132227e-01	9.18333780e-03
1.91299009e-01	9.61177665e-03
1.91465791e-01	1.00417684e-02
1.91632573e-01	1.04732874e-02
1.91799355e-01	1.09063142e-02
1.91966137e-01	1.13408355e-02
1.92132919e-01	1.17768379e-02
1.92299701e-01	1.22143064e-02
1.92466483e-01	1.26532345e-02
1.92633265e-01	1.30936338e-02
1.92800047e-01	1.35355329e-02
1.92966829e-01	1.39789664e-02
1.93133611e-01	1.44239645e-02
1.93300393e-01	1.48705512e-02
1.93467175e-01	1.53187519e-02
1.93633957e-01	1.57686050e-02
1.93800739e-01	1.62201592e-02
1.93967521e-01	1.66734622e-02
1.94134303e-01	1.71285525e-02
1.94301085e-01	1.75854601e-02
1.94467868e-01	1.80442041e-02
1.94634650e-01	1.85047975e-02
1.94801432e-01	1.89672575e-02
1.94968214e-01	1.94316100e-02
1.95134996e-01	1.98978797e-02
1.95301778e-01	2.03660769e-02
1.95468560e-01	2.08361871e-02
1.95635342e-01	2.13081714e-02
1.95802124e-01	2.17819801e-02
1.95968906e-01	2.22575689e-02
1.96135688e-01	2.27348972e-02
1.96302470e-01	2.32139157e-02
1.96469252e-01	2.36945644e-02
1.96636034e-01	2.41767812e-02
1.96802816e-01	2.46605122e-02
1.96969598e-01	2.51457083e-02
1.97136380e-01	2.56323077e-02
1.97303162e-01	2.61202224e-02
1.97469944e-01	2.66093479e-02
1.97636726e-01	2.70995859e-02
1.97803508e-01	2.75908566e-02
1.97970291e-01	2.80830955e-02
1.98137073e-01	2.85762461e-02
1.98303855e-01	2.90702583e-02
1.98470637e-01	2.95650894e-02
1.98637419e-01	3.00607023e-02
1.98804201e-01	3.05570546e-02
1.98970983e-01	3.10540907e-02
1.99137765e-01	3.15517546e-02
1.99304547e-01	3.20500136e-02
1.99471329e-01	3.25488663e-02
1.99638111e-01	3.30483243e-02
1.99804893e-01	3.35483856e-02
1.99971675e-01	3.40490259e-02
2.00138457e-01	3.45502095e-02
2.00305239e-01	3.50519060e-02
2.00472021e-01	3.55540988e-02
2.00638803e-01	3.60567797e-02
2.00805585e-01	3.65599444e-02
2.00972367e-01	3.70635941e-02
2.01139149e-01	3.75677371e-02
2.01305931e-01	3.80723840e-02
2.01472713e-01	3.85775378e-02
2.01639496e-01	3.90831896e-02
2.01806278e-01	3.95893251e-02
2.01973060e-01	4.00959372e-02
2.02139842e-01	4.06030314e-02
2.02306624e-01	4.11106233e-02
2.02473406e-01	4.16187357e-02
2.02640188e-01	4.21273953e-02
2.02806970e-01	4.26366292e-02
2.02973752e-01	4.31464586e-02
2.03140534e-01	4.36568950e-02
2.03307316e-01	4.41679410e-02
2.03474098e-01	4.46795982e-02
2.03640880e-01	4.51918755e-02
2.03807662e-01	4.57047908e-02
2.03974444e-01	4.62183675e-02
2.04141226e-01	4.67326293e-02
2.04308008e-01	4.72475914e-02
2.04474790e-01	4.77632535e-02
2.04641572e-01	4.82796028e-02
2.04808354e-01	4.87966220e-02
2.04975136e-01	4.93142969e-02
2.05141919e-01	4.98326178e-02
2.05308701e-01	5.03515738e-02
2.05475483e-01	5.08711422e-02
2.05642265e-01	5.13912860e-02
2.05809047e-01	5.19119610e-02
2.05975829e-01	5.24331182e-02
2.06142611e-01	5.29546963e-02
2.06309393e-01	5.34766118e-02
2.06476175e-01	5.39987570e-02
2.06642957e-01	5.45210118e-02
2.06809739e-01	5.50432579e-02
2.06976521e-01	5.55653811e-02
2.07143303e-01	5.60872631e-02
2.07310085e-01	5.66087759e-02
2.07476867e-01	5.71297875e-02
2.07643649e-01	5.76501713e-02
2.07810431e-01	5.81698095e-02
2.07977213e-01	5.86885892e-02
2.08143995e-01	5.92064012e-02
2.08310777e-01	5.97231425e-02
2.08477559e-01	6.02387162e-02
2.08644342e-01	6.07530284e-02
2.08811124e-01	6.12659875e-02
2.08977906e-01	6.17775111e-02
2.09144688e-01	6.22875411e-02
2.09311470e-01	6.27960555e-02
2.09478252e-01	6.33030639e-02
2.09645034e-01	6.38085941e-02
2.09811816e-01	6.43126887e-02
2.09978598e-01	6.48154063e-02
2.10145380e-01	6.53168141e-02
2.10312162e-01	6.58169760e-02
2.10478944e-01	6.63159433e-02
2.10645726e-01	6.68137511e-02
2.10812508e-01	6.73104220e-02
2.10979290e-01	6.78059766e-02
2.11146072e-01	6.83004336e-02
2.11312854e-01	6.87937982e-02
2.11479636e-01	6.92860515e-02
2.11646418e-01	6.97771519e-02
2.11813200e-01	7.02670402e-02
2.11979982e-01	7.07556427e-02
2.12146765e-01	7.12428698e-02
2.12313547e-01	7.17286146e-02
2.12480329e-01	7.22127586e-02
2.12647111e-01	7.26951834e-02
2.12813893e-01	7.31757846e-02
2.12980675e-01	7.36544843e-02
2.13147457e-01	7.41312387e-02
2.13314239e-01	7.46060421e-02
2.13481021e-01	7.50789250e-02
2.13647803e-01	7.55499481e-02
2.13814585e-01	7.60191976e-02
2.13981367e-01	7.64867863e-02
2.14148149e-01	7.69528531e-02
2.14314931e-01	7.74175558e-02
2.14481713e-01	7.78810641e-02
2.14648495e-01	7.83435534e-02
2.14815277e-01	7.88051969e-02
2.14982059e-01	7.92661553e-02
2.15148841e-01	7.97265673e-02
2.15315623e-01	8.01865416e-02
2.15482405e-01	8.06461487e-02
2.15649188e-01	8.11054158e-02
2.15815970e-01	8.15643236e-02
2.15982752e-01	8.20228109e-02
2.16149534e-01	8.24807868e-02
2.16316316e-01	8.29381416e-02
2.16483098e-01	8.33947487e-02
2.16649880e-01	8.38504652e-02
2.16816662e-01	8.43051367e-02
2.16983444e-01	8.47586040e-02
2.17150226e-01	8.52107112e-02
2.17317008e-01	8.56613127e-02
2.17483790e-01	8.61102808e-02
2.17650572e-01	8.65575150e-02
2.17817354e-01	8.70029535e-02
2.17984136e-01	8.74465773e-02
2.18150918e-01	8.78884017e-02
2.18317700e-01	8.83284656e-02
2.18484482e-01	8.87668280e-02
2.18651264e-01	8.92035682e-02
2.18818046e-01	8.96387803e-02
2.18984828e-01	9.00725612e-02
2.19151611e-01	9.05050001e-02
2.19318393e-01	9.09361740e-02
2.19485175e-01	9.13661519e-02
2.19651957e-01	9.17950066e-02
2.19818739e-01	9.22228247e-02
2.19985521e-01	9.26497106e-02
2.20152303e-01	9.30757898e-02
2.20319085e-01	9.35012103e-02
2.20485867e-01	9.39261370e-02
2.20652649e-01	9.43507441e-02
2.20819431e-01	9.47752132e-02
2.20986213e-01	9.51997304e-02
2.21152995e-01	9.56244781e-02
2.21319777e-01	9.60496199e-02
2.21486559e-01	9.64752853e-02
2.21653341e-01	9.69015586e-02
2.21820123e-01	9.73284758e-02
2.21986905e-01	9.77560278e-02
2.22153687e-01	9.81841635e-02
2.22320469e-01	9.86127995e-02
2.22487251e-01	9.90418399e-02
2.22654034e-01	9.94711968e-02
2.22820816e-01	9.99008042e-02
2.22987598e-01	1.00330621e-01
2.23154380e-01	1.00760624e-01
2.23321162e-01	1.01190797e-01
2.23487944e-01	1.01621120e-01
2.23654726e-01	1.02051548e-01
2.23821508e-01	1.02482012e-01
2.23988290e-01	1.02912413e-01
2.24155072e-01	1.03342634e-01
2.24321854e-01	1.03772546e-01
2.24488636e-01	1.04202021e-01
2.24655418e-01	1.04630932e-01
2.24822200e-01	1.05059166e-01
2.24988982e-01	1.05486621e-01
2.25155764e-01	1.05913204e-01
2.25322546e-01	1.06338835e-01
2.25489328e-01	1.06763443e-01
2.25656110e-01	1.07186959e-01
2.25822892e-01	1.07609311e-01
2.25989674e-01	1.08030412e-01
2.26156457e-01	1.08450155e-01
2.26323239e-01	1.08868419e-01
2.26490021e-01	1.09285074e-01
2.26656803e-01	1.09699983e-01
2.26823585e-01	1.10113021e-01
2.26990367e-01	1.10524082e-01
2.27157149e-01	1.10933100e-01
2.27323931e-01	1.11340045e-01
2.27490713e-01	1.11744917e-01
2.27657495e-01	1.12147739e-01
2.27824277e-01	1.12548543e-01
2.27991059e-01	1.12947360e-01
2.28157841e-01	1.13344222e-01
2.28324623e-01	1.13739152e-01
2.28491405e-01	1.14132180e-01
2.28658187e-01	1.14523340e-01
2.28824969e-01	1.14912684e-01
2.28991751e-01	1.15300278e-01
2.29158533e-01	1.15686218e-01
2.29325315e-01	1.16070629e-01
2.29492097e-01	1.16453660e-01
2.29658880e-01	1.16835465e-01
2.29825662e-01	1.17216185e-01
2.29992444e-01	1.17595947e-01
2.30159226e-01	1.17974860e-01
2.30326008e-01	1.18353019e-01
2.30492790e-01	1.18730508e-01
2.30659572e-01	1.19107413e-01
2.30826354e-01	1.19483836e-01
2.30993136e-01	1.19859916e-01
2.31159918e-01	1.20235827e-01
2.31326700e-01	1.20611776e-01
2.31493482e-01	1.20987975e-01
2.31660264e-01	1.21364617e-01
2.31827046e-01	1.21741855e-01
2.31993828e-01	1.22119790e-01
2.32160610e-01	1.22498479e-01
2.32327392e-01	1.22877953e-01
2.32494174e-01	1.23258237e-01
2.32660956e-01	1.23639373e-01
2.32827738e-01	1.24021427e-01
2.32994520e-01	1.24404497e-01
2.33161303e-01	1.24788700e-01
2.33328085e-01	1.25174151e-01
2.33494867e-01	1.25560935e-01
2.33661649e-01	1.25949096e-01
2.33828431e-01	1.26338635e-01
2.33995213e-01	1.26729517e-01
2.34161995e-01	1.27121686e-01
2.34328777e-01	1.27515068e-01
2.34495559e-01	1.27909592e-01
2.34662341e-01	1.28305183e-01
2.34829123e-01	1.28701754e-01
2.34995905e-01	1.29099190e-01
2.35162687e-01	1.29497319e-01
2.35329469e-01	1.29895901e-01
2.35496251e-01	1.30294625e-01
2.35663033e-01	1.30693130e-01
2.35829815e-01	1.31091028e-01
2.35996597e-01	1.31487938e-01
2.36163379e-01	1.31883497e-01
2.36330161e-01	1.32277380e-01
2.36496943e-01	1.32669284e-01
2.36663726e-01	1.33058914e-01
2.36830508e-01	1.33445966e-01
2.36997290e-01	1.33830109e-01
2.37164072e-01	1.34210986e-01
2.37330854e-01	1.34588227e-01
2.37497636e-01	1.34961482e-01
2.37664418e-01	1.35330442e-01
2.37831200e-01	1.35694870e-01
2.37997982e-01	1.36054608e-01
2.38164764e-01	1.36409580e-01
2.38331546e-01	1.36759781e-01
2.38498328e-01	1.37105254e-01
2.38665110e-01	1.37446075e-01
2.38831892e-01	1.37782348e-01
2.38998674e-01	1.38114216e-01
2.39165456e-01	1.38441876e-01
2.39332238e-01	1.38765587e-01
2.39499020e-01	1.39085677e-01
2.39665802e-01	1.39402526e-01
2.39832584e-01	1.39716549e-01
2.39999366e-01	1.40028166e-01
2.40166149e-01	1.40337783e-01
2.40332931e-01	1.40645777e-01
2.40499713e-01	1.40952499e-01
2.40666495e-01	1.41258285e-01
2.40833277e-01	1.41563478e-01
2.41000059e-01	1.41868437e-01
2.41166841e-01	1.42173545e-01
2.41333623e-01	1.42479188e-01
2.41500405e-01	1.42785730e-01
2.41667187e-01	1.43093481e-01
2.41833969e-01	1.43402684e-01
2.42000751e-01	1.43713516e-01
2.42167533e-01	1.44026108e-01
2.42334315e-01	1.44340571e-01
2.42501097e-01	1.44657033e-01
2.42667879e-01	1.44975656e-01
2.42834661e-01	1.45296636e-01
2.43001443e-01	1.45620183e-01
2.43168225e-01	1.45946488e-01
2.43335007e-01	1.46275691e-01
2.43501789e-01	1.46607866e-01
2.43668572e-01	1.46943029e-01
2.43835354e-01	1.47281154e-01
2.44002136e-01	1.47622205e-01
2.44168918e-01	1.47966156e-01
2.44335700e-01	1.48312992e-01
2.44502482e-01	1.48662695e-01
2.44669264e-01	1.49015222e-01
2.44836046e-01	1.49370483e-01
2.45002828e-01	1.49728326e-01
2.45169610e-01	1.50088538e-01
2.45336392e-01	1.50450859e-01
2.45503174e-01	1.50815006e-01
2.45669956e-01	1.51180694e-01
2.45836738e-01	1.51547637e-01
2.46003520e-01	1.51915546e-01
2.46170302e-01	1.52284108e-01
2.46337084e-01	1.52652982e-01
2.46503866e-01	1.53021803e-01
2.46670648e-01	1.53390192e-01
2.46837430e-01	1.53757783e-01
2.47004212e-01	1.54124224e-01
2.47170995e-01	1.54489187e-01
2.47337777e-01	1.54852360e-01
2.47504559e-01	1.55213431e-01
2.47671341e-01	1.55572064e-01
2.47838123e-01	1.55927892e-01
2.48004905e-01	1.56280518e-01
2.48171687e-01	1.56629536e-01
2.48338469e-01	1.56974558e-01
2.48505251e-01	1.57315231e-01
2.48672033e-01	1.57651242e-01
2.48838815e-01	1.57982304e-01
2.49005597e-01	1.58308138e-01
2.49172379e-01	1.58628453e-01
2.49339161e-01	1.58942939e-01
2.49505943e-01	1.59251281e-01
2.49672725e-01	1.59553184e-01
2.49839507e-01	1.59848397e-01
2.50006289e-01	1.60136739e-01
2.50173071e-01	1.60418109e-01
2.50339853e-01	1.60692470e-01
2.50506635e-01	1.60959837e-01
2.50673418e-01	1.61220256e-01
2.50840200e-01	1.61473805e-01
2.51006982e-01	1.61720599e-01
2.51173764e-01	1.61960812e-01
2.51340546e-01	1.62194690e-01
2.51507328e-01	1.62422560e-01
2.51674110e-01	1.62644826e-01
2.51840892e-01	1.62861950e-01
2.52007674e-01	1.63074435e-01
2.52174456e-01	1.63282809e-01
2.52341238e-01	1.63487609e-01
2.52508020e-01	1.63689373e-01
2.52674802e-01	1.63888633e-01
2.52841584e-01	1.64085903e-01
2.53008366e-01	1.64281667e-01
2.53175148e-01	1.64476365e-01
2.53341930e-01	1.64670387e-01
2.53508712e-01	1.64864064e-01
2.53675494e-01	1.65057672e-01
2.53842276e-01	1.65251434e-01
2.54009058e-01	1.65445522e-01
2.54175841e-01	1.65640051e-01
2.54342623e-01	1.65835071e-01
2.54509405e-01	1.66030567e-01
2.54676187e-01	1.66226463e-01
2.54842969e-01	1.66422645e-01
2.55009751e-01	1.66618978e-01
2.55176533e-01	1.66815334e-01
2.55343315e-01	1.67011606e-01
2.55510097e-01	1.67207710e-01
2.55676879e-01	1.67403580e-01
2.55843661e-01	1.67599152e-01
2.56010443e-01	1.67794356e-01
2.56177225e-01	1.67989120e-01
2.56344007e-01	1.68183388e-01
2.56510789e-01	1.68377135e-01
2.56677571e-01	1.68570373e-01
2.56844353e-01	1.68763147e-01
2.57011135e-01	1.68955505e-01
2.57177917e-01	1.69147482e-01
2.57344699e-01	1.69339067e-01
2.57511481e-01	1.69530197e-01
2.57678264e-01	1.69720747e-01
2.57845046e-01	1.69910555e-01
2.58011828e-01	1.70099434e-01
2.58178610e-01	1.70287196e-01
2.58345392e-01	1.70473648e-01
2.58512174e-01	1.70658592e-01
2.58678956e-01	1.70841814e-01
2.58845738e-01	1.71023084e-01
2.59012520e-01	1.71202159e-01
2.59179302e-01	1.71378804e-01
2.59346084e-01	1.71552812e-01
2.59512866e-01	1.71724019e-01
2.59679648e-01	1.71892319e-01
2.59846430e-01	1.72057662e-01
2.60013212e-01	1.72220055e-01
2.60179994e-01	1.72379555e-01
2.60346776e-01	1.72536260e-01
2.60513558e-01	1.72690312e-01
2.60680340e-01	1.72841892e-01
2.60847122e-01	1.72991219e-01
2.61013904e-01	1.73138544e-01
2.61180687e-01	1.73284144e-01
2.61347469e-01	1.73428314e-01
2.61514251e-01	1.73571355e-01
2.61681033e-01	1.73713562e-01
2.61847815e-01	1.73855208e-01
2.62014597e-01	1.73996527e-01
2.62181379e-01	1.74137709e-01
2.62348161e-01	1.74278896e-01
2.62514943e-01	1.74420195e-01
2.62681725e-01	1.74561686e-01
2.62848507e-01	1.74703438e-01
2.63015289e-01	1.74845507e-01
2.63182071e-01	1.74987949e-01
2.63348853e-01	1.75130811e-01
2.63515635e-01	1.75274133e-01
2.63682417e-01	1.75417949e-01
2.63849199e-01	1.75562301e-01
2.64015981e-01	1.75707249e-01
2.64182763e-01	1.75852875e-01
2.64349545e-01	1.75999285e-01
2.64516327e-01	1.76146595e-01
2.64683110e-01	1.76294918e-01
2.64849892e-01	1.76444353e-01
2.65016674e-01	1.76594969e-01
2.65183456e-01	1.76746804e-01
2.65350238e-01	1.76899864e-01
2.65517020e-01	1.77054123e-01
2.65683802e-01	1.77209530e-01
2.65850584e-01	1.77366010e-01
2.66017366e-01	1.77523457e-01
2.66184148e-01	1.77681737e-01
2.66350930e-01	1.77840696e-01
2.66517712e-01	1.78000175e-01
2.66684494e-01	1.78160033e-01
2.66851276e-01	1.78320155e-01
2.67018058e-01	1.78480469e-01
2.67184840e-01	1.78640945e-01
2.67351622e-01	1.78801593e-01
2.67518404e-01	1.78962453e-01
2.67685186e-01	1.79123572e-01
2.67851968e-01	1.79284991e-01
2.68018750e-01	1.79446740e-01
2.68185533e-01	1.79608833e-01
2.68352315e-01	1.79771265e-01
2.68519097e-01	1.79934003e-01
2.68685879e-01	1.80096990e-01
2.68852661e-01	1.80260141e-01
2.69019443e-01	1.80423353e-01
2.69186225e-01	1.80586508e-01
2.69353007e-01	1.80749490e-01
2.69519789e-01	1.80912203e-01
2.69686571e-01	1.81074587e-01
2.69853353e-01	1.81236633e-01
2.70020135e-01	1.81398388e-01
2.70186917e-01	1.81559944e-01
2.70353699e-01	1.81721429e-01
2.70520481e-01	1.81882990e-01
2.70687263e-01	1.82044773e-01
2.70854045e-01	1.82206911e-01
2.71020827e-01	1.82369509e-01
2.71187609e-01	1.82532634e-01
2.71354391e-01	1.82696311e-01
2.71521173e-01	1.82860526e-01
2.71687956e-01	1.83025229e-01
2.71854738e-01	1.83190353e-01
2.72021520e-01	1.83355824e-01
2.72188302e-01	1.83521581e-01
2.72355084e-01	1.83687588e-01
2.72521866e-01	1.83853847e-01
2.72688648e-01	1.84020392e-01
2.72855430e-01	1.84187289e-01
2.73022212e-01	1.84354615e-01
2.73188994e-01	1.84522442e-01
2.73355776e-01	1.84690814e-01
2.73522558e-01	1.84859735e-01
2.73689340e-01	1.85029166e-01
2.73856122e-01	1.85199027e-01
2.74022904e-01	1.85369204e-01
2.74189686e-01	1.85539564e-01
2.74356468e-01	1.85709966e-01
2.74523250e-01	1.85880274e-01
2.74690032e-01	1.86050367e-01
2.74856814e-01	1.86220143e-01
2.75023596e-01	1.86389517e-01
2.75190379e-01	1.86558413e-01
2.75357161e-01	1.86726756e-01
2.75523943e-01	1.86894452e-01
2.75690725e-01	1.87061378e-01
2.75857507e-01	1.87227368e-01
2.76024289e-01	1.87392222e-01
2.76191071e-01	1.87555712e-01
2.76357853e-01	1.87717602e-01
2.76524635e-01	1.87877665e-01
2.76691417e-01	1.88035703e-01
2.76858199e-01	1.88191558e-01
2.77024981e-01	1.88345118e-01
2.77191763e-01	1.88496315e-01
2.77358545e-01	1.88645125e-01
2.77525327e-01	1.88791554e-01
2.77692109e-01	1.88935631e-01
2.77858891e-01	1.89077388e-01
2.78025673e-01	1.89216846e-01
2.78192455e-01	1.89354012e-01
2.78359237e-01	1.89488884e-01
2.78526019e-01	1.89621470e-01
2.78692802e-01	1.89751810e-01
2.78859584e-01	1.89879990e-01
2.79026366e-01	1.90006157e-01
2.79193148e-01	1.90130510e-01
2.79359930e-01	1.90253295e-01
2.79526712e-01	1.90374791e-01
2.79693494e-01	1.90495292e-01
2.79860276e-01	1.90615090e-01
2.80027058e-01	1.90734467e-01
2.80193840e-01	1.90853685e-01
2.80360622e-01	1.90972986e-01
2.80527404e-01	1.91092605e-01
2.80694186e-01	1.91212787e-01
2.80860968e-01	1.91333803e-01
2.81027750e-01	1.91455967e-01
2.81194532e-01	1.91579637e-01
2.81361314e-01	1.91705211e-01
2.81528096e-01	1.91833111e-01
2.81694878e-01	1.91963772e-01
2.81861660e-01	1.92097625e-01
2.82028442e-01	1.92235094e-01
2.82195225e-01	1.92376587e-01
2.82362007e-01	1.92522487e-01
2.82528789e-01	1.92673149e-01
2.82695571e-01	1.92828906e-01
2.82862353e-01	1.92990078e-01
2.83029135e-01	1.93156978e-01
2.83195917e-01	1.93329910e-01
2.83362699e-01	1.93509150e-01
2.83529481e-01	1.93694929e-01
2.83696263e-01	1.93887419e-01
2.83863045e-01	1.94086717e-01
2.84029827e-01	1.94292835e-01
2.84196609e-01	1.94505706e-01
2.84363391e-01	1.94725182e-01
2.84530173e-01	1.94951042e-01
2.84696955e-01	1.95182994e-01
2.84863737e-01	1.95420680e-01
2.85030519e-01	1.95663677e-01
2.85197301e-01	1.95911499e-01
2.85364083e-01	1.96163595e-01
2.85530865e-01	1.96419336e-01
2.85697648e-01	1.96678007e-01
2.85864430e-01	1.96938803e-01
2.86031212e-01	1.97200832e-01
2.86197994e-01	1.97463132e-01
2.86364776e-01	1.97724690e-01
2.86531558e-01	1.97984453e-01
2.86698340e-01	1.98241346e-01
2.86865122e-01	1.98494287e-01
2.87031904e-01	1.98742199e-01
2.87198686e-01	1.98984036e-01
2.87365468e-01	1.99218804e-01
2.87532250e-01	1.99445587e-01
2.87699032e-01	1.99663575e-01
2.87865814e-01	1.99872082e-01
2.88032596e-01	2.00070569e-01
2.88199378e-01	2.00258654e-01
2.88366160e-01	2.00436135e-01
2.88532942e-01	2.00602997e-01
2.88699724e-01	2.00759420e-01
2.88866506e-01	2.00905777e-01
2.89033288e-01	2.01042617e-01
2.89200071e-01	2.01170651e-01
2.89366853e-01	2.01290727e-01
2.89533635e-01	2.01403800e-01
2.89700417e-01	2.01510888e-01
2.89867199e-01	2.01613027e-01
2.90033981e-01	2.01711223e-01
2.90200763e-01	2.01806419e-01
2.90367545e-01	2.01899481e-01
2.90534327e-01	2.01991198e-01
2.90701109e-01	2.02082275e-01
2.90867891e-01	2.02173336e-01
2.91034673e-01	2.02264923e-01
2.91201455e-01	2.02357487e-01
2.91368237e-01	2.02451383e-01
2.91535019e-01	2.02546855e-01
2.91701801e-01	2.02644043e-01
2.91868583e-01	2.02742977e-01
2.92035365e-01	2.02843608e-01
2.92202147e-01	2.02945839e-01
2.92368929e-01	2.03049566e-01
2.92535711e-01	2.03154714e-01
2.92702494e-01	2.03261265e-01
2.92869276e-01	2.03369257e-01
2.93036058e-01	2.03478768e-01
2.93202840e-01	2.03589897e-01
2.93369622e-01	2.03702739e-01
2.93536404e-01	2.03817394e-01
2.93703186e-01	2.03933972e-01
2.93869968e-01	2.04052618e-01
2.94036750e-01	2.04173521e-01
2.94203532e-01	2.04296912e-01
2.94370314e-01	2.04423058e-01
2.94537096e-01	2.04552232e-01
2.94703878e-01	2.04684677e-01
2.94870660e-01	2.04820566e-01
2.95037442e-01	2.04959972e-01
2.95204224e-01	2.05102864e-01
2.95371006e-01	2.05249121e-01
2.95537788e-01	2.05398564e-01
2.95704570e-01	2.05550998e-01
2.95871352e-01	2.05706240e-01
2.96038134e-01	2.05864136e-01
2.96204917e-01	2.06024546e-01
2.96371699e-01	2.06187321e-01
2.96538481e-01	2.06352282e-01
2.96705263e-01	2.06519217e-01
2.96872045e-01	2.06687900e-01
2.97038827e-01	2.06858104e-01
2.97205609e-01	2.07029626e-01
2.97372391e-01	2.07202300e-01
2.97539173e-01	2.07376008e-01
2.97705955e-01	2.07550674e-01
2.97872737e-01	2.07726244e-01
2.98039519e-01	2.07902664e-01
2.98206301e-01	2.08079857e-01
2.98373083e-01	2.08257726e-01
2.98539865e-01	2.08436168e-01
2.98706647e-01	2.08615095e-01
2.98873429e-01	2.08794459e-01
2.99040211e-01	2.08974252e-01
2.99206993e-01	2.09154496e-01
2.99373775e-01	2.09335218e-01
2.99540557e-01	2.09516422e-01
2.99707340e-01	2.09698071e-01
2.99874122e-01	2.09880090e-01
3.00040904e-01	2.10062381e-01
3.00207686e-01	2.10244855e-01
3.00374468e-01	2.10427465e-01
3.00541250e-01	2.10610226e-01
3.00708032e-01	2.10793216e-01
3.00874814e-01	2.10976554e-01
3.01041596e-01	2.11160362e-01
3.01208378e-01	2.11344733e-01
3.01375160e-01	2.11529715e-01
3.01541942e-01	2.11715318e-01
3.01708724e-01	2.11901538e-01
3.01875506e-01	2.12088392e-01
3.02042288e-01	2.12275943e-01
3.02209070e-01	2.12464304e-01
3.02375852e-01	2.12653622e-01
3.02542634e-01	2.12844050e-01
3.02709416e-01	2.13035730e-01
3.02876198e-01	2.13228764e-01
3.03042980e-01	2.13423211e-01
3.03209763e-01	2.13619085e-01
3.03376545e-01	2.13816378e-01
3.03543327e-01	2.14015095e-01
3.03710109e-01	2.14215259e-01
3.03876891e-01	2.14416920e-01
3.04043673e-01	2.14620133e-01
3.04210455e-01	2.14824938e-01
3.04377237e-01	2.15031351e-01
3.04544019e-01	2.15239349e-01
3.04710801e-01	2.15448877e-01
3.04877583e-01	2.15659864e-01
3.05044365e-01	2.15872238e-01
3.05211147e-01	2.16085941e-01
3.05377929e-01	2.16300918e-01
3.05544711e-01	2.16517106e-01
3.05711493e-01	2.16734420e-01
3.05878275e-01	2.16952749e-01
3.06045057e-01	2.17171962e-01
3.06211839e-01	2.17391903e-01
3.06378621e-01	2.17612408e-01
3.06545403e-01	2.17833317e-01
3.06712186e-01	2.18054497e-01
3.06878968e-01	2.18275843e-01
3.07045750e-01	2.18497257e-01
3.07212532e-01	2.18718633e-01
3.07379314e-01	2.18939845e-01
3.07546096e-01	2.19160753e-01
3.07712878e-01	2.19381209e-01
3.07879660e-01	2.19601073e-01
3.08046442e-01	2.19820226e-01
3.08213224e-01	2.20038573e-01
3.08380006e-01	2.20256037e-01
3.08546788e-01	2.20472548e-01
3.08713570e-01	2.20688030e-01
3.08880352e-01	2.20902402e-01
3.09047134e-01	2.21115582e-01
3.09213916e-01	2.21327495e-01
3.09380698e-01	2.21538083e-01
3.09547480e-01	2.21747309e-01
3.09714262e-01	2.21955157e-01
3.09881044e-01	2.22161616e-01
3.10047826e-01	2.22366665e-01
3.10214609e-01	2.22570268e-01
3.10381391e-01	2.22772380e-01
3.10548173e-01	2.22972968e-01
3.10714955e-01	2.23172015e-01
3.10881737e-01	2.23369526e-01
3.11048519e-01	2.23565521e-01
3.11215301e-01	2.23760031e-01
3.11382083e-01	2.23953078e-01
3.11548865e-01	2.24144669e-01
3.11715647e-01	2.24334792e-01
3.11882429e-01	2.24523436e-01
3.12049211e-01	2.24710600e-01
3.12215993e-01	2.24896307e-01
3.12382775e-01	2.25080610e-01
3.12549557e-01	2.25263591e-01
3.12716339e-01	2.25445342e-01
3.12883121e-01	2.25625950e-01
3.13049903e-01	2.25805480e-01
3.13216685e-01	2.25983980e-01
3.13383467e-01	2.26161497e-01
3.13550249e-01	2.26338098e-01
3.13717032e-01	2.26513867e-01
3.13883814e-01	2.26688908e-01
3.14050596e-01	2.26863335e-01
3.14217378e-01	2.27037273e-01
3.14384160e-01	2.27210843e-01
3.14550942e-01	2.27384152e-01
3.14717724e-01	2.27557279e-01
3.14884506e-01	2.27730279e-01
3.15051288e-01	2.27903190e-01
3.15218070e-01	2.28076035e-01
3.15384852e-01	2.28248832e-01
3.15551634e-01	2.28421594e-01
3.15718416e-01	2.28594335e-01
3.15885198e-01	2.28767072e-01
3.16051980e-01	2.28939822e-01
3.16218762e-01	2.29112593e-01
3.16385544e-01	2.29285374e-01
3.16552326e-01	2.29458141e-01
3.16719108e-01	2.29630846e-01
3.16885890e-01	2.29803431e-01
3.17052672e-01	2.29975829e-01
3.17219455e-01	2.30147983e-01
3.17386237e-01	2.30319857e-01
3.17553019e-01	2.30491423e-01
3.17719801e-01	2.30662657e-01
3.17886583e-01	2.30833526e-01
3.18053365e-01	2.31003989e-01
3.18220147e-01	2.31173997e-01
3.18386929e-01	2.31343489e-01
3.18553711e-01	2.31512394e-01
3.18720493e-01	2.31680638e-01
3.18887275e-01	2.31848153e-01
3.19054057e-01	2.32014881e-01
3.19220839e-01	2.32180779e-01
3.19387621e-01	2.32345810e-01
3.19554403e-01	2.32509947e-01
3.19721185e-01	2.32673164e-01
3.19887967e-01	2.32835430e-01
3.20054749e-01	2.32996715e-01
3.20221531e-01	2.33156984e-01
3.20388313e-01	2.33316218e-01
3.20555095e-01	2.33474408e-01
3.20721878e-01	2.33631558e-01
3.20888660e-01	2.33787686e-01
3.21055442e-01	2.33942814e-01
3.21222224e-01	2.34096958e-01
3.21389006e-01	2.34250124e-01
3.21555788e-01	2.34402306e-01
3.21722570e-01	2.34553498e-01
3.21889352e-01	2.34703708e-01
3.22056134e-01	2.34852949e-01
3.22222916e-01	2.35001238e-01
3.22389698e-01	2.35148589e-01
3.22556480e-01	2.35295014e-01
3.22723262e-01	2.35440513e-01
3.22890044e-01	2.35585074e-01
3.23056826e-01	2.35728675e-01
3.23223608e-01	2.35871301e-01
3.23390390e-01	2.36012946e-01
3.23557172e-01	2.36153615e-01
3.23723954e-01	2.36293318e-01
3.23890736e-01	2.36432068e-01
3.24057518e-01	2.36569875e-01
3.24224301e-01	2.36706752e-01
3.24391083e-01	2.36842712e-01
3.24557865e-01	2.36977774e-01
3.24724647e-01	2.37111971e-01
3.24891429e-01	2.37245351e-01
3.25058211e-01	2.37377978e-01
3.25224993e-01	2.37509929e-01
3.25391775e-01	2.37641304e-01
3.25558557e-01	2.37772223e-01
3.25725339e-01	2.37902820e-01
3.25892121e-01	2.38033232e-01
3.26058903e-01	2.38163594e-01
3.26225685e-01	2.38294046e-01
3.26392467e-01	2.38424732e-01
3.26559249e-01	2.38555809e-01
3.26726031e-01	2.38687446e-01
3.26892813e-01	2.38819817e-01
3.27059595e-01	2.38953105e-01
3.27226377e-01	2.39087495e-01
3.27393159e-01	2.39223165e-01
3.27559941e-01	2.39360278e-01
3.27726724e-01	2.39498977e-01
3.27893506e-01	2.39639386e-01
3.28060288e-01	2.39781612e-01
3.28227070e-01	2.39925749e-01
3.28393852e-01	2.40071874e-01
3.28560634e-01	2.40220045e-01
3.28727416e-01	2.40370295e-01
3.28894198e-01	2.40522626e-01
3.29060980e-01	2.40677012e-01
3.29227762e-01	2.40833395e-01
3.29394544e-01	2.40991691e-01
3.29561326e-01	2.41151786e-01
3.29728108e-01	2.41313539e-01
3.29894890e-01	2.41476789e-01
3.30061672e-01	2.41641357e-01
3.30228454e-01	2.41807052e-01
3.30395236e-01	2.41973669e-01
3.30562018e-01	2.42140995e-01
3.30728800e-01	2.42308817e-01
3.30895582e-01	2.42476927e-01
3.31062364e-01	2.42645136e-01
3.31229147e-01	2.42813276e-01
3.31395929e-01	2.42981203e-01
3.31562711e-01	2.43148794e-01
3.31729493e-01	2.43315946e-01
3.31896275e-01	2.43482576e-01
3.32063057e-01	2.43648616e-01
3.32229839e-01	2.43814024e-01
3.32396621e-01	2.43978781e-01
3.32563403e-01	2.44142894e-01
3.32730185e-01	2.44306391e-01
3.32896967e-01	2.44469323e-01
3.33063749e-01	2.44631752e-01
3.33230531e-01	2.44793746e-01
3.33397313e-01	2.44955372e-01
3.33564095e-01	2.45116690e-01
3.33730877e-01	2.45277752e-01
