-8.00553828e-03	-0.00000000e+00
-7.67197419e-03	-1.41104115e-02
-7.33841009e-03	-4.72425644e-02
-7.00484600e-03	-1.23907357e-01
-6.67128190e-03	-2.97049935e-01
-6.33771781e-03	-6.74181145e-01
-6.00415371e-03	-1.46417495e+00
-5.67058962e-03	-3.05305945e+00
-5.33702552e-03	-6.12023692e+00
-5.00346143e-03	-1.18015346e+01
-4.66989733e-03	-2.18964591e+01
-4.33633324e-03	-3.90976568e+01
-4.00276914e-03	-6.71938198e+01
-3.66920505e-03	-1.11164246e+02
-3.33564095e-03	-1.77057548e+02
-3.00207686e-03	-2.71542198e+02
-2.66851276e-03	-4.01051468e+02
-2.33494867e-03	-5.70528262e+02
-2.00138457e-03	-7.81903070e+02
-1.66782048e-03	-1.03258072e+03
-1.33425638e-03	-1.31432208e+03
-1.00069229e-03	-1.61292882e+03
-6.67128190e-04	-1.90903538e+03
-3.33564095e-04	-2.18007970e+03
1.85165269e-18	-2.40321614e+03
3.33564095e-04	-2.55864035e+03
6.67128190e-04	-2.63262297e+03
1.00069229e-03	-2.61956783e+03
1.33425638e-03	-2.52263214e+03
1.66782048e-03	-2.35280598e+03
2.00138457e-03	-2.12673212e+03
2.33494867e-03	-1.86383298e+03
2.66851276e-03	-1.58341758e+03
3.00207686e-03	-1.30235242e+03
3.33564095e-03	-1.03364951e+03
3.66920505e-03	-7.86042115e+02
4.00276914e-03	-5.64376691e+02
4.33633324e-03	-3.70507816e+02
4.66989733e-03	-2.04356655e+02
5.00346143e-03	-6.48590589e+01
5.33702552e-03	4.93581019e+01
5.67058962e-03	1.39618359e+02
6.00415371e-03	2.07112991e+02
6.33771781e-03	2.53004105e+02
6.67128190e-03	2.78611393e+02
7.00484600e-03	2.85594446e+02
7.33841009e-03	2.76069895e+02
7.67197419e-03	2.52633815e+02
8.00553828e-03	2.18287683e+02
8.33910238e-03	1.76287356e+02
8.67266648e-03	1.29946879e+02
9.00623057e-03	8.24327371e+01
9.33979467e-03	3.65802481e+01
9.67335876e-03	-5.24530761e+00
1.00069229e-02	-4.12317185e+01
1.03404870e-02	-7.01471158e+01
1.06740510e-02	-9.13203549e+01
1.10076151e-02	-1.04588559e+02
1.13411792e-02	-1.10227151e+02
1.16747433e-02	-1.08875400e+02
1.20083074e-02	-1.01465603e+02
1.23418715e-02	-8.91580842e+01
1.26754356e-02	-7.32788418e+01
1.30089997e-02	-5.52538037e+01
1.33425638e-02	-3.65340341e+01
1.36761279e-02	-1.85100543e+01
1.40096920e-02	-2.41927625e+00
1.43432561e-02	1.07436926e+01
1.46768202e-02	2.03006428e+01
1.50103843e-02	2.59342991e+01
1.53439484e-02	2.76949901e+01
1.56775125e-02	2.59674087e+01
1.60110766e-02	2.14028306e+01
1.63446407e-02	1.48280775e+01
1.66782048e-02	7.14553089e+00
1.70117689e-02	-7.61849627e-01
1.73453330e-02	-8.10960024e+00
1.76788970e-02	-1.42685539e+01
1.80124611e-02	-1.87976188e+01
1.83460252e-02	-2.14544002e+01
1.86795893e-02	-2.21875908e+01
1.90131534e-02	-2.11156104e+01
1.93467175e-02	-1.84955228e+01
1.96802816e-02	-1.46855189e+01
2.00138457e-02	-1.01037604e+01
2.03474098e-02	-5.18643534e+00
2.06809739e-02	-3.48297266e-01
2.10145380e-02	4.05060440e+00
2.13481021e-02	7.72843528e+00
2.16816662e-02	1.04927711e+01
2.20152303e-02	1.22388716e+01
2.23487944e-02	1.29367824e+01
2.26823585e-02	1.26111601e+01
2.30159226e-02	1.13189180e+01
2.33494867e-02	9.12971994e+00
2.36830508e-02	6.11298473e+00
2.40166149e-02	2.33296979e+00
2.43501789e-02	-2.14869267e+00
2.46837430e-02	-7.26523382e+00
2.50173071e-02	-1.29347633e+01
2.53508712e-02	-1.90509488e+01
2.56844353e-02	-2.54765928e+01
2.60179994e-02	-3.20414321e+01
2.63515635e-02	-3.85446661e+01
2.66851276e-02	-4.47620336e+01
2.70186917e-02	-5.04567387e+01
2.73522558e-02	-5.53930620e+01
2.76858199e-02	-5.93511432e+01
2.80193840e-02	-6.21412090e+01
2.83529481e-02	-6.36156000e+01
2.86865122e-02	-6.36773207e+01
2.90200763e-02	-6.22845296e+01
2.93536404e-02	-5.94511648e+01
2.96872045e-02	-5.52445741e+01
3.00207686e-02	-4.97812905e+01
3.03543327e-02	-4.32219444e+01
3.06878968e-02	-3.57657450e+01
3.10214609e-02	-2.76443199e+01
3.13550249e-02	-1.91142506e+01
3.16885890e-02	-1.04477060e+01
3.20221531e-02	-1.92113234e+00
3.23557172e-02	6.19717565e+00
3.26892813e-02	1.36590682e+01
3.30228454e-02	2.02462837e+01
3.33564095e-02	2.57766060e+01
3.36899736e-02	3.01061592e+01
3.40235377e-02	3.31288398e+01
3.43571018e-02	3.47747911e+01
3.46906659e-02	3.50099889e+01
3.50242300e-02	3.38382925e+01
3.53577941e-02	3.13059818e+01
3.56913582e-02	2.75073307e+01
3.60249223e-02	2.25887649e+01
3.63584864e-02	1.67490107e+01
3.66920505e-02	1.02334423e+01
3.70256146e-02	3.32226723e+00
3.73591787e-02	-3.68619554e+00
3.76927428e-02	-1.04946335e+01
3.80263069e-02	-1.68251924e+01
3.83598709e-02	-2.24344880e+01
3.86934350e-02	-2.71233435e+01
3.90269991e-02	-3.07407061e+01
3.93605632e-02	-3.31824633e+01
3.96941273e-02	-3.43868446e+01
4.00276914e-02	-3.43285249e+01
4.03612555e-02	-3.30134283e+01
4.06948196e-02	-3.04756336e+01
4.10283837e-02	-2.67768990e+01
4.13619478e-02	-2.20083543e+01
4.16955119e-02	-1.62931064e+01
4.20290760e-02	-9.78807571e+00
4.23626401e-02	-2.68341979e+00
4.26962042e-02	4.80162176e+00
4.30297683e-02	1.24268200e+01
4.33633324e-02	1.99424221e+01
4.36968965e-02	2.71026212e+01
4.40304606e-02	3.36791843e+01
4.43640247e-02	3.94733182e+01
4.46975888e-02	4.43241915e+01
4.50311529e-02	4.81131861e+01
4.53647169e-02	5.07637803e+01
4.56982810e-02	5.22377787e+01
4.60318451e-02	5.25292679e+01
4.63654092e-02	5.16580647e+01
4.66989733e-02	4.96644391e+01
4.70325374e-02	4.66064946e+01
4.73661015e-02	4.25608167e+01
4.76996656e-02	3.76260169e+01
4.80332297e-02	3.19278234e+01
4.83667938e-02	2.56236795e+01
4.87003579e-02	1.89046431e+01
4.90339220e-02	1.19928326e+01
4.93674861e-02	5.13363654e+00
4.97010502e-02	-1.41686012e+00
5.00346143e-02	-7.40761350e+00
5.03681784e-02	-1.26091321e+01
5.07017425e-02	-1.68282027e+01
5.10353066e-02	-1.99187026e+01
5.13688707e-02	-2.17872555e+01
5.17024348e-02	-2.23935817e+01
5.20359989e-02	-2.17464178e+01
5.23695629e-02	-1.98966004e+01
5.27031270e-02	-1.69291939e+01
5.30366911e-02	-1.29563840e+01
5.33702552e-02	-8.11231495e+00
5.37038193e-02	-2.55026100e+00
5.40373834e-02	3.55831348e+00
5.43709475e-02	1.00239426e+01
5.47045116e-02	1.66401148e+01
5.50380757e-02	2.31864789e+01
5.53716398e-02	2.94353075e+01
5.57052039e-02	3.51614062e+01
5.60387680e-02	4.01546918e+01
5.63723321e-02	4.42337935e+01
5.67058962e-02	4.72585032e+01
5.70394603e-02	4.91388869e+01
5.73730244e-02	4.98394174e+01
5.77065885e-02	4.93774647e+01
5.80401526e-02	4.78166409e+01
5.83737167e-02	4.52565505e+01
5.87072808e-02	4.18211578e+01
5.90408449e-02	3.76480882e+01
5.93744089e-02	3.28807170e+01
5.97079730e-02	2.76640002e+01
6.00415371e-02	2.21439115e+01
6.03751012e-02	1.64693411e+01
6.07086653e-02	1.07946453e+01
6.10422294e-02	5.28087686e+00
6.13757935e-02	9.40917748e-02
6.17093576e-02	-4.60006165e+00
6.20429217e-02	-8.64522021e+00
6.23764858e-02	-1.19053844e+01
6.27100499e-02	-1.42762177e+01
6.30436140e-02	-1.56943348e+01
6.33771781e-02	-1.61426356e+01
6.37107422e-02	-1.56504954e+01
6.40443063e-02	-1.42886680e+01
6.43778704e-02	-1.21598279e+01
6.47114345e-02	-9.38656088e+00
6.50449986e-02	-6.09907795e+00
6.53785627e-02	-2.42490634e+00
6.57121268e-02	1.51772926e+00
6.60456908e-02	5.62201918e+00
6.63792549e-02	9.79044169e+00
6.67128190e-02	1.39296666e+01
6.70463831e-02	1.79444675e+01
6.73799472e-02	2.17328403e+01
6.77135113e-02	2.51842145e+01
6.80470754e-02	2.81818622e+01
6.83806395e-02	3.06095532e+01
6.87142036e-02	3.23614173e+01
6.90477677e-02	3.33531350e+01
6.93813318e-02	3.35321678e+01
6.97148959e-02	3.28848654e+01
7.00484600e-02	3.14389049e+01
7.03820241e-02	2.92604943e+01
7.07155882e-02	2.64468538e+01
7.10491523e-02	2.31154616e+01
7.13827164e-02	1.93921705e+01
7.17162805e-02	1.54004708e+01
7.20498446e-02	1.12538248e+01
7.23834087e-02	7.05222955e+00
7.27169728e-02	2.88313398e+00
7.30505368e-02	-1.17420417e+00
7.33841009e-02	-5.04266726e+00
7.37176650e-02	-8.64166772e+00
7.40512291e-02	-1.18839894e+01
7.43847932e-02	-1.46764556e+01
7.47183573e-02	-1.69248231e+01
7.50519214e-02	-1.85422033e+01
7.53854855e-02	-1.94593784e+01
7.57190496e-02	-1.96348262e+01
7.60526137e-02	-1.90622303e+01
7.63861778e-02	-1.77737250e+01
7.67197419e-02	-1.58380107e+01
7.70533060e-02	-1.33535664e+01
7.73868701e-02	-1.04382258e+01
7.77204342e-02	-7.21714791e+00
7.80539983e-02	-3.81152298e+00
7.83875624e-02	-3.30140221e-01
7.87211265e-02	3.13475405e+00
7.90546906e-02	6.50690570e+00
7.93882547e-02	9.72151340e+00
7.97218188e-02	1.27183539e+01
8.00553828e-02	1.54347795e+01
8.03889469e-02	1.78008287e+01
8.07225110e-02	1.97381714e+01
8.10560751e-02	2.11636728e+01
8.13896392e-02	2.19971920e+01
8.17232033e-02	2.21721378e+01
8.20567674e-02	2.16465369e+01
8.23903315e-02	2.04121441e+01
8.27238956e-02	1.84994858e+01
8.30574597e-02	1.59775977e+01
8.33910238e-02	1.29483740e+01
8.37245879e-02	9.53660228e+00
8.40581520e-02	5.87761604e+00
8.43917161e-02	2.10487857e+00
8.47252802e-02	-1.66034498e+00
8.50588443e-02	-5.31567285e+00
8.53924084e-02	-8.77997608e+00
8.57259725e-02	-1.19916824e+01
8.60595366e-02	-1.49040441e+01
8.63931007e-02	-1.74788984e+01
8.67266648e-02	-1.96806134e+01
8.70602288e-02	-2.14717437e+01
8.73937929e-02	-2.28114839e+01
8.77273570e-02	-2.36573849e+01
8.80609211e-02	-2.39700879e+01
8.83944852e-02	-2.37201456e+01
8.87280493e-02	-2.28954838e+01
8.90616134e-02	-2.15078152e+01
8.93951775e-02	-1.95964366e+01
8.97287416e-02	-1.72283187e+01
9.00623057e-02	-1.44941659e+01
9.03958698e-02	-1.15010093e+01
9.07294339e-02	-8.36268327e+00
9.10629980e-02	-5.19002104e+00
9.13965621e-02	-2.08265691e+00
9.17301262e-02	8.76080055e-01
9.20636903e-02	3.62046361e+00
9.23972544e-02	6.10006104e+00
9.27308185e-02	8.27485694e+00
9.30643826e-02	1.01094077e+01
9.33979467e-02	1.15677713e+01
9.37315108e-02	1.26106836e+01
9.40650748e-02	1.31958494e+01
9.43986389e-02	1.32814535e+01
9.47322030e-02	1.28322412e+01
9.50657671e-02	1.18269270e+01
9.53993312e-02	1.02653841e+01
9.57328953e-02	8.17407444e+00
9.60664594e-02	5.60848761e+00
9.64000235e-02	2.65190074e+00
9.67335876e-02	-5.89547514e-01
9.70671517e-02	-3.99478658e+00
9.74007158e-02	-7.43750362e+00
9.77342799e-02	-1.07960226e+01
9.80678440e-02	-1.39617788e+01
9.84014081e-02	-1.68450949e+01
9.87349722e-02	-1.93775326e+01
9.90685363e-02	-2.15108095e+01
9.94021004e-02	-2.32129855e+01
9.97356645e-02	-2.44631762e+01
1.00069229e-01	-2.52463118e+01
1.00402793e-01	-2.55493681e+01
1.00736357e-01	-2.53600768e+01
1.01069921e-01	-2.46684814e+01
1.01403485e-01	-2.34709802e+01
1.01737049e-01	-2.17758745e+01
1.02070613e-01	-1.96090399e+01
1.02404177e-01	-1.70182711e+01
1.02737741e-01	-1.40750819e+01
1.03071305e-01	-1.08732568e+01
1.03404870e-01	-7.52410006e+00
1.03738434e-01	-4.14900400e+00
1.04071998e-01	-8.70489960e-01
1.04405562e-01	2.19682063e+00
1.04739126e-01	4.95384991e+00
1.05072690e-01	7.32216747e+00
1.05406254e-01	9.24594684e+00
1.05739818e-01	1.06908232e+01
1.06073382e-01	1.16403339e+01
1.06406946e-01	1.20910829e+01
1.06740510e-01	1.20479666e+01
1.07074075e-01	1.15206766e+01
1.07407639e-01	1.05222983e+01
1.07741203e-01	9.07025130e+00
1.08074767e-01	7.18920385e+00
1.08408331e-01	4.91508266e+00
1.08741895e-01	2.29900477e+00
1.09075459e-01	-5.90072745e-01
1.09409023e-01	-3.66494788e+00
1.09742587e-01	-6.82253766e+00
1.10076151e-01	-9.94898148e+00
1.10409716e-01	-1.29269181e+01
1.10743280e-01	-1.56439350e+01
1.11076844e-01	-1.80009473e+01
1.11410408e-01	-1.99192352e+01
1.11743972e-01	-2.13450923e+01
1.12077536e-01	-2.22514377e+01
1.12411100e-01	-2.26362889e+01
1.12744664e-01	-2.25185428e+01
1.13078228e-01	-2.19319994e+01
1.13411792e-01	-2.09188565e+01
1.13745356e-01	-1.95239542e+01
1.14078921e-01	-1.77908276e+01
1.14412485e-01	-1.57601863e+01
1.14746049e-01	-1.34708635e+01
1.15079613e-01	-1.09627003e+01
1.15413177e-01	-8.28037990e+00
1.15746741e-01	-5.47701617e+00
1.16080305e-01	-2.61635647e+00
1.16413869e-01	2.27211329e-01
1.16747433e-01	2.97115377e+00
1.17080997e-01	5.52951518e+00
1.17414562e-01	7.81910469e+00
1.17748126e-01	9.76606377e+00
1.18081690e-01	1.13116664e+01
1.18415254e-01	1.24163782e+01
1.18748818e-01	1.30615799e+01
1.19082382e-01	1.32488277e+01
1.19415946e-01	1.29969861e+01
1.19749510e-01	1.23379239e+01
1.20083074e-01	1.13116808e+01
1.20416638e-01	9.96202440e+00
1.20750202e-01	8.33317537e+00
1.21083767e-01	6.46818612e+00
1.21417331e-01	4.40909696e+00
1.21750895e-01	2.19859755e+00
1.22084459e-01	-1.17418427e-01
1.22418023e-01	-2.48724780e+00
1.22751587e-01	-4.85161259e+00
1.23085151e-01	-7.14348709e+00
1.23418715e-01	-9.28994233e+00
1.23752279e-01	-1.12159901e+01
1.24085843e-01	-1.28499314e+01
1.24419408e-01	-1.41293292e+01
1.24752972e-01	-1.50065174e+01
1.25086536e-01	-1.54526036e+01
1.25420100e-01	-1.54592112e+01
1.25753664e-01	-1.50376728e+01
1.26087228e-01	-1.42159134e+01
1.26420792e-01	-1.30337343e+01
1.26754356e-01	-1.15375056e+01
1.27087920e-01	-9.77533509e+00
1.27421484e-01	-7.79359758e+00
1.27755048e-01	-5.63534754e+00
1.28088613e-01	-3.34069635e+00
1.28422177e-01	-9.48807166e-01
1.28755741e-01	1.49916801e+00
1.29089305e-01	3.95706324e+00
1.29422869e-01	6.37144250e+00
1.29756433e-01	8.68082944e+00
1.30089997e-01	1.08168650e+01
1.30423561e-01	1.27074832e+01
1.30757125e-01	1.42817961e+01
1.31090689e-01	1.54760342e+01
1.31424254e-01	1.62396227e+01
1.31757818e-01	1.65403851e+01
1.32091382e-01	1.63679476e+01
1.32424946e-01	1.57347256e+01
1.32758510e-01	1.46742977e+01
1.33092074e-01	1.32374859e+01
1.33425638e-01	1.14868824e+01
1.33759202e-01	9.49086057e+00
1.34092766e-01	7.31813920e+00
1.34426330e-01	5.03379660e+00
1.34759894e-01	2.69723818e+00
1.35093459e-01	3.62165015e-01
1.35427023e-01	-1.92187838e+00
1.35760587e-01	-4.10712589e+00
1.36094151e-01	-6.14528355e+00
1.36427715e-01	-7.98612770e+00
1.36761279e-01	-9.57758544e+00
1.37094843e-01	-1.08675136e+01
1.37428407e-01	-1.18069821e+01
1.37761971e-01	-1.23545344e+01
1.38095535e-01	-1.24806577e+01
1.38429100e-01	-1.21716430e+01
1.38762664e-01	-1.14321018e+01
1.39096228e-01	-1.02856445e+01
1.39429792e-01	-8.77354053e+00
1.39763356e-01	-6.95153014e+00
1.40096920e-01	-4.88528431e+00
1.40430484e-01	-2.64523417e+00
1.40764048e-01	-3.01605659e-01
1.41097612e-01	2.07955731e+00
1.41431176e-01	4.43880302e+00
1.41764740e-01	6.72387961e+00
1.42098305e-01	8.88871944e+00
1.42431869e-01	1.08913510e+01
1.42765433e-01	1.26915470e+01
1.43098997e-01	1.42490715e+01
1.43432561e-01	1.55232322e+01
1.43766125e-01	1.64741056e+01
1.44099689e-01	1.70653572e+01
1.44433253e-01	1.72681671e+01
1.44766817e-01	1.70654794e+01
1.45100381e-01	1.64556918e+01
1.45433946e-01	1.54549958e+01
1.45767510e-01	1.40978278e+01
1.46101074e-01	1.24352577e+01
1.46434638e-01	1.05315110e+01
1.46768202e-01	8.45914716e+00
1.47101766e-01	6.29362752e+00
1.47435330e-01	4.10808200e+00
1.47768894e-01	1.96901506e+00
1.48102458e-01	-6.65164040e-02
1.48436022e-01	-1.95201076e+00
1.48769586e-01	-3.65098849e+00
1.49103151e-01	-5.13519127e+00
1.49436715e-01	-6.38210501e+00
1.49770279e-01	-7.37250745e+00
1.50103843e-01	-8.08870410e+00
1.50437407e-01	-8.51394862e+00
1.50770971e-01	-8.63327394e+00
1.51104535e-01	-8.43562543e+00
1.51438099e-01	-7.91685015e+00
1.51771663e-01	-7.08284930e+00
1.52105227e-01	-5.95210530e+00
1.52438792e-01	-4.55689224e+00
1.52772356e-01	-2.94273710e+00
1.53105920e-01	-1.16606972e+00
1.53439484e-01	7.09602698e-01
1.53773048e-01	2.61835006e+00
1.54106612e-01	4.49650812e+00
1.54440176e-01	6.28664465e+00
1.54773740e-01	7.94024074e+00
1.55107304e-01	9.41881391e+00
1.55440868e-01	1.06935306e+01
1.55774432e-01	1.17436405e+01
1.56107997e-01	1.25542514e+01
1.56441561e-01	1.31140430e+01
1.56775125e-01	1.34134901e+01
1.57108689e-01	1.34440363e+01
1.57442253e-01	1.31984510e+01
1.57775817e-01	1.26723319e+01
1.58109381e-01	1.18664496e+01
1.58442945e-01	1.07894150e+01
1.58776509e-01	9.46003615e+00
1.59110073e-01	7.90874746e+00
1.59443638e-01	6.17765459e+00
1.59777202e-01	4.31900205e+00
1.60110766e-01	2.39218670e+00
1.60444330e-01	4.59726073e-01
1.60777894e-01	-1.41721039e+00
1.61111458e-01	-3.18301880e+00
1.61445022e-01	-4.79099673e+00
1.61778586e-01	-6.20534319e+00
1.62112150e-01	-7.40162124e+00
1.62445714e-01	-8.36576515e+00
1.62779278e-01	-9.09197157e+00
1.63112843e-01	-9.57999887e+00
1.63446407e-01	-9.83247939e+00
1.63779971e-01	-9.85280620e+00
1.64113535e-01	-9.64400656e+00
1.64447099e-01	-9.20879328e+00
1.64780663e-01	-8.55073377e+00
1.65114227e-01	-7.67624384e+00
1.65447791e-01	-6.59694106e+00
1.65781355e-01	-5.33181080e+00
1.66114919e-01	-3.90866064e+00
1.66448484e-01	-2.36446146e+00
1.66782048e-01	-7.44375166e-01
1.67115612e-01	9.00479405e-01
1.67449176e-01	2.51621787e+00
1.67782740e-01	4.04983933e+00
1.68116304e-01	5.45274403e+00
1.68449868e-01	6.68356928e+00
1.68783432e-01	7.70995183e+00
1.69116996e-01	8.50906303e+00
1.69450560e-01	9.06702236e+00
1.69784124e-01	9.37751001e+00
1.70117689e-01	9.44002207e+00
1.70451253e-01	9.25822270e+00
1.70784817e-01	8.83876175e+00
1.71118381e-01	8.19077404e+00
1.71451945e-01	7.32609841e+00
1.71785509e-01	6.26008658e+00
1.72119073e-01	5.01274205e+00
1.72452637e-01	3.60985183e+00
1.72786201e-01	2.08375843e+00
1.73119765e-01	4.73466054e-01
1.73453330e-01	-1.17612230e+00
1.73786894e-01	-2.81589227e+00
1.74120458e-01	-4.39501435e+00
1.74454022e-01	-5.86396815e+00
1.74787586e-01	-7.17768476e+00
1.75121150e-01	-8.29833786e+00
1.75454714e-01	-9.19734725e+00
1.75788278e-01	-9.85628615e+00
1.76121842e-01	-1.02665868e+01
1.76455406e-01	-1.04281761e+01
1.76788970e-01	-1.03473931e+01
1.77122535e-01	-1.00346855e+01
1.77456099e-01	-9.50261925e+00
1.77789663e-01	-8.76463646e+00
1.78123227e-01	-7.83479628e+00
1.78456791e-01	-6.72847646e+00
1.78790355e-01	-5.46377093e+00
1.79123919e-01	-4.06314830e+00
1.79457483e-01	-2.55487767e+00
1.79791047e-01	-9.73792974e-01
1.80124611e-01	6.38874977e-01
1.80458176e-01	2.23666884e+00
1.80791740e-01	3.76996087e+00
1.81125304e-01	5.18863863e+00
1.81458868e-01	6.44508419e+00
1.81792432e-01	7.49708675e+00
1.82125996e-01	8.31035091e+00
1.82459560e-01	8.86031827e+00
1.82793124e-01	9.13310213e+00
1.83126688e-01	9.12544710e+00
1.83460252e-01	8.84376584e+00
1.83793816e-01	8.30245711e+00
1.84127381e-01	7.52184015e+00
1.84460945e-01	6.52611352e+00
1.84794509e-01	5.34173293e+00
1.85128073e-01	3.99649448e+00
1.85461637e-01	2.51942403e+00
1.85795201e-01	9.41351410e-01
1.86128765e-01	-7.04150880e-01
1.86462329e-01	-2.37990274e+00
1.86795893e-01	-4.04476728e+00
1.87129457e-01	-5.65414565e+00
1.87463022e-01	-7.16143993e+00
1.87796586e-01	-8.52036605e+00
1.88130150e-01	-9.68778249e+00
1.88463714e-01	-1.06265692e+01
1.88797278e-01	-1.13080775e+01
1.89130842e-01	-1.17137711e+01
1.89464406e-01	-1.18358544e+01
1.89797970e-01	-1.16768866e+01
1.90131534e-01	-1.12485633e+01
1.90465098e-01	-1.05699660e+01
1.90798662e-01	-9.66562524e+00
1.91132227e-01	-8.56370992e+00
1.91465791e-01	-7.29458445e+00
1.91799355e-01	-5.88987527e+00
1.92132919e-01	-4.38208607e+00
1.92466483e-01	-2.80469839e+00
1.92800047e-01	-1.19260081e+00
1.93133611e-01	4.17383269e-01
1.93467175e-01	1.98614290e+00
1.93800739e-01	3.47237377e+00
1.94134303e-01	4.83333419e+00
1.94467868e-01	6.02635864e+00
1.94801432e-01	7.01106135e+00
1.95134996e-01	7.75199106e+00
1.95468560e-01	8.22136236e+00
1.95802124e-01	8.40142466e+00
1.96135688e-01	8.28605915e+00
1.96469252e-01	7.88131839e+00
1.96802816e-01	7.20481445e+00
1.97136380e-01	6.28407417e+00
1.97469944e-01	5.15416484e+00
1.97803508e-01	3.85500734e+00
1.98137073e-01	2.42881428e+00
1.98470637e-01	9.18014992e-01
1.98804201e-01	-6.36118389e-01
1.99137765e-01	-2.19411077e+00
1.99471329e-01	-3.71832479e+00
1.99804893e-01	-5.17265506e+00
2.00138457e-01	-6.52217491e+00
2.00472021e-01	-7.73300724e+00
2.00805585e-01	-8.77260424e+00
2.01139149e-01	-9.61050455e+00
2.01472713e-01	-1.02195230e+01
2.01806278e-01	-1.05772388e+01
2.02139842e-01	-1.06675905e+01
2.02473406e-01	-1.04823593e+01
2.02806970e-01	-1.00223248e+01
2.03140534e-01	-9.29790130e+00
2.03474098e-01	-8.32911715e+00
2.03807662e-01	-7.14486926e+00
2.04141226e-01	-5.78148751e+00
2.04474790e-01	-4.28075141e+00
2.04808354e-01	-2.68760392e+00
2.05141919e-01	-1.04786780e+00
2.05475483e-01	5.93732683e-01
2.05809047e-01	2.19501390e+00
2.06142611e-01	3.71713452e+00
2.06476175e-01	5.12480463e+00
2.06809739e-01	6.38608657e+00
2.07143303e-01	7.47205586e+00
2.07476867e-01	8.35660065e+00
2.07810431e-01	9.01657803e+00
2.08143995e-01	9.43243499e+00
2.08477559e-01	9.58927000e+00
2.08811124e-01	9.47818902e+00
2.09144688e-01	9.09772165e+00
2.09478252e-01	8.45502536e+00
2.09811816e-01	7.56662099e+00
2.10145380e-01	6.45846472e+00
2.10478944e-01	5.16525858e+00
2.10812508e-01	3.72901478e+00
2.11146072e-01	2.19699913e+00
2.11479636e-01	6.19267020e-01
2.11813200e-01	-9.53942162e-01
2.12146765e-01	-2.47467428e+00
2.12480329e-01	-3.89934280e+00
2.12813893e-01	-5.19023532e+00
2.13147457e-01	-6.31634348e+00
2.13481021e-01	-7.25351861e+00
2.13814585e-01	-7.98405901e+00
2.14148149e-01	-8.49592262e+00
2.14481713e-01	-8.78181414e+00
2.14815277e-01	-8.83840142e+00
2.15148841e-01	-8.66586703e+00
2.15482405e-01	-8.26790352e+00
2.15815970e-01	-7.65213922e+00
2.16149534e-01	-6.83086330e+00
2.16483098e-01	-5.82183128e+00
2.16816662e-01	-4.64889414e+00
2.17150226e-01	-3.34221213e+00
2.17483790e-01	-1.93788026e+00
2.17817354e-01	-4.76891918e-01
2.18150918e-01	9.96518472e-01
2.18484482e-01	2.43700140e+00
2.18818046e-01	3.80044587e+00
2.19151611e-01	5.04627042e+00
2.19485175e-01	6.13936287e+00
2.19818739e-01	7.05143733e+00
2.20152303e-01	7.76168295e+00
2.20485867e-01	8.25671394e+00
2.20819431e-01	8.52996264e+00
2.21152995e-01	8.58075340e+00
2.21486559e-01	8.41333031e+00
2.21820123e-01	8.03607854e+00
2.22153687e-01	7.46108975e+00
2.22487251e-01	6.70410258e+00
2.22820816e-01	5.78473282e+00
2.23154380e-01	4.72682450e+00
2.23487944e-01	3.55871830e+00
2.23821508e-01	2.31324589e+00
2.24155072e-01	1.02730574e+00
2.24488636e-01	-2.59057074e-01
2.24822200e-01	-1.50406676e+00
2.25155764e-01	-2.66604871e+00
2.25489328e-01	-3.70552455e+00
2.25822892e-01	-4.58735864e+00
2.26156457e-01	-5.28270827e+00
2.26490021e-01	-5.77053001e+00
2.26823585e-01	-6.03843902e+00
2.27157149e-01	-6.08280751e+00
2.27490713e-01	-5.90810782e+00
2.27824277e-01	-5.52563307e+00
2.28157841e-01	-4.95183765e+00
2.28491405e-01	-4.20660644e+00
2.28824969e-01	-3.31176589e+00
2.29158533e-01	-2.29008429e+00
2.29492097e-01	-1.16488357e+00
2.29825662e-01	3.97714032e-02
2.30159226e-01	1.29849257e+00
2.30492790e-01	2.58389107e+00
2.30826354e-01	3.86612960e+00
2.31159918e-01	5.11297735e+00
2.31493482e-01	6.29051362e+00
2.31827046e-01	7.36446407e+00
2.32160610e-01	8.30200289e+00
2.32494174e-01	9.07375270e+00
2.32827738e-01	9.65568223e+00
2.33161303e-01	1.00306377e+01
2.33494867e-01	1.01893277e+01
2.33828431e-01	1.01306811e+01
2.34161995e-01	9.86158753e+00
2.34495559e-01	9.39609837e+00
2.34829123e-01	8.75420911e+00
2.35162687e-01	7.96037846e+00
2.35496251e-01	7.04195642e+00
2.35829815e-01	6.02770333e+00
2.36163379e-01	4.94656944e+00
2.36496943e-01	3.82686513e+00
2.36830508e-01	2.69587896e+00
2.37164072e-01	1.57990155e+00
2.37497636e-01	5.04508774e-01
2.37831200e-01	-5.05121118e-01
2.38164764e-01	-1.42410711e+00
2.38498328e-01	-2.22818940e+00
2.38831892e-01	-2.89457701e+00
2.39165456e-01	-3.40326944e+00
2.39499020e-01	-3.73865198e+00
2.39832584e-01	-3.89105766e+00
2.40166149e-01	-3.85795754e+00
2.40499713e-01	-3.64449872e+00
2.40833277e-01	-3.26324228e+00
2.41166841e-01	-2.73312345e+00
2.41500405e-01	-2.07781970e+00
2.41833969e-01	-1.32382242e+00
2.42167533e-01	-4.98540837e-01
2.42501097e-01	3.71280425e-01
2.42834661e-01	1.26065227e+00
2.43168225e-01	2.14688659e+00
2.43501789e-01	3.00965104e+00
2.43835354e-01	3.83065958e+00
2.44168918e-01	4.59315681e+00
2.44502482e-01	5.28135708e+00
2.44836046e-01	5.87998863e+00
2.45169610e-01	6.37407715e+00
2.45503174e-01	6.74907898e+00
2.45836738e-01	6.99143132e+00
2.46170302e-01	7.08951827e+00
2.46503866e-01	7.03495724e+00
2.46837430e-01	6.82401152e+00
2.47170995e-01	6.45885888e+00
2.47504559e-01	5.94842518e+00
2.47838123e-01	5.30854081e+00
2.48171687e-01	4.56129288e+00
2.48505251e-01	3.73360315e+00
2.48838815e-01	2.85522293e+00
2.49172379e-01	1.95646016e+00
2.49505943e-01	1.06600874e+00
2.49839507e-01	2.09220164e-01
2.50173071e-01	-5.92947637e-01
2.50506635e-01	-1.32422276e+00
2.50840200e-01	-1.97263287e+00
2.51173764e-01	-2.52965043e+00
2.51507328e-01	-2.98915035e+00
2.51840892e-01	-3.34645983e+00
2.52174456e-01	-3.59771777e+00
2.52508020e-01	-3.73966282e+00
2.52841584e-01	-3.76986355e+00
2.53175148e-01	-3.68731377e+00
2.53508712e-01	-3.49325290e+00
2.53842276e-01	-3.19203575e+00
2.54175841e-01	-2.79186501e+00
2.54509405e-01	-2.30520918e+00
2.54842969e-01	-1.74875994e+00
2.55176533e-01	-1.14284081e+00
2.55510097e-01	-5.10265524e-01
2.55843661e-01	1.25248516e-01
2.56177225e-01	7.40898807e-01
2.56510789e-01	1.31655672e+00
2.56844353e-01	1.83615389e+00
2.57177917e-01	2.28843525e+00
2.57511481e-01	2.66694057e+00
2.57845046e-01	2.96924198e+00
2.58178610e-01	3.19563188e+00
2.58512174e-01	3.34757887e+00
2.58845738e-01	3.42631678e+00
2.59179302e-01	3.43189195e+00
2.59512866e-01	3.36288103e+00
2.59846430e-01	3.21683518e+00
2.60179994e-01	2.99134626e+00
2.60513558e-01	2.68549775e+00
2.60847122e-01	2.30138238e+00
2.61180687e-01	1.84534990e+00
2.61514251e-01	1.32869368e+00
2.61847815e-01	7.67584540e-01
2.62181379e-01	1.82197668e-01
2.62514943e-01	-4.04870334e-01
2.62848507e-01	-9.70659745e-01
2.63182071e-01	-1.49404963e+00
2.63515635e-01	-1.95773593e+00
2.63849199e-01	-2.34965358e+00
2.64182763e-01	-2.66361125e+00
2.64516327e-01	-2.89905282e+00
2.64849892e-01	-3.06002209e+00
2.65183456e-01	-3.15355562e+00
2.65517020e-01	-3.18783480e+00
2.65850584e-01	-3.17046983e+00
2.66184148e-01	-3.10725402e+00
2.66517712e-01	-3.00162189e+00
2.66851276e-01	-2.85488965e+00
2.67184840e-01	-2.66718429e+00
2.67518404e-01	-2.43881652e+00
2.67851968e-01	-2.17175736e+00
2.68185533e-01	-1.87085959e+00
2.68519097e-01	-1.54452532e+00
2.68852661e-01	-1.20464345e+00
2.69186225e-01	-8.65774739e-01
2.69519789e-01	-5.43716874e-01
2.69853353e-01	-2.53706874e-01
2.70186917e-01	-8.59339973e-03
2.70520481e-01	1.82675074e-01
2.70854045e-01	3.15950291e-01
2.71187609e-01	3.91984054e-01
2.71521173e-01	4.15689621e-01
2.71854738e-01	3.94694407e-01
2.72188302e-01	3.37466594e-01
2.72521866e-01	2.51401647e-01
2.72855430e-01	1.41280413e-01
2.73188994e-01	8.44477955e-03
2.73522558e-01	-1.49112843e-01
2.73856122e-01	-3.35753036e-01
2.74189686e-01	-5.56501186e-01
2.74523250e-01	-8.15044580e-01
2.74856814e-01	-1.11186623e+00
2.75190379e-01	-1.44293731e+00
2.75523943e-01	-1.79926662e+00
2.75857507e-01	-2.16742060e+00
2.76191071e-01	-2.53092649e+00
2.76524635e-01	-2.87229864e+00
2.76858199e-01	-3.17531673e+00
2.77191763e-01	-3.42714851e+00
2.77525327e-01	-3.61994779e+00
2.77858891e-01	-3.75165786e+00
2.78192455e-01	-3.82589217e+00
2.78526019e-01	-3.85092407e+00
2.78859584e-01	-3.83797172e+00
2.79193148e-01	-3.79908773e+00
2.79526712e-01	-3.74503539e+00
2.79860276e-01	-3.68353983e+00
2.80193840e-01	-3.61823828e+00
2.80527404e-01	-3.54852670e+00
2.80860968e-01	-3.47032894e+00
2.81194532e-01	-3.37762996e+00
2.81528096e-01	-3.26445256e+00
2.81861660e-01	-3.12685396e+00
2.82195225e-01	-2.96450232e+00
2.82528789e-01	-2.78147584e+00
2.82862353e-01	-2.58609521e+00
2.83195917e-01	-2.38981864e+00
2.83529481e-01	-2.20544355e+00
2.83863045e-01	-2.04501761e+00
2.84196609e-01	-1.91792091e+00
2.84530173e-01	-1.82952764e+00
2.84863737e-01	-1.78070733e+00
2.85197301e-01	-1.76822430e+00
2.85530865e-01	-1.78589431e+00
2.85864430e-01	-1.82620487e+00
2.86197994e-01	-1.88202996e+00
2.86531558e-01	-1.94807836e+00
2.86865122e-01	-2.02179487e+00
2.87198686e-01	-2.10355907e+00
2.87532250e-01	-2.19616943e+00
2.87865814e-01	-2.30373599e+00
2.88199378e-01	-2.43021349e+00
2.88532942e-01	-2.57787417e+00
2.88866506e-01	-2.74603648e+00
2.89200071e-01	-2.93032763e+00
2.89533635e-01	-3.12266720e+00
2.89867199e-01	-3.31202660e+00
2.90200763e-01	-3.48586535e+00
2.90534327e-01	-3.63199842e+00
2.90867891e-01	-3.74054236e+00
2.91201455e-01	-3.80554881e+00
2.91535019e-01	-3.82597698e+00
2.91868583e-01	-3.80577869e+00
2.92202147e-01	-3.75304797e+00
2.92535711e-01	-3.67838401e+00
2.92869276e-01	-3.59278658e+00
2.93202840e-01	-3.50550738e+00
2.93536404e-01	-3.42229408e+00
2.93869968e-01	-3.34438291e+00
2.94203532e-01	-3.26843632e+00
2.94537096e-01	-3.18742278e+00
2.94870660e-01	-3.09224159e+00
2.95204224e-01	-2.97375055e+00
2.95537788e-01	-2.82478792e+00
2.95871352e-01	-2.64180183e+00
2.96204917e-01	-2.42579762e+00
2.96538481e-01	-2.18245833e+00
2.96872045e-01	-1.92145266e+00
2.97205609e-01	-1.65508550e+00
2.97539173e-01	-1.39654905e+00
2.97872737e-01	-1.15808633e+00
2.98206301e-01	-9.49381468e-01
2.98539865e-01	-7.76444838e-01
2.98873429e-01	-6.41171831e-01
2.99206993e-01	-5.41631840e-01
2.99540557e-01	-4.73008182e-01
2.99874122e-01	-4.28983578e-01
3.00207686e-01	-4.03276959e-01
3.00541250e-01	-3.91007872e-01
3.00874814e-01	-3.89604752e-01
3.01208378e-01	-3.99075989e-01
3.01541942e-01	-4.21605457e-01
3.01875506e-01	-4.60584214e-01
3.02209070e-01	-5.19313533e-01
3.02542634e-01	-5.99684248e-01
3.02876198e-01	-7.01139073e-01
3.03209763e-01	-8.20158985e-01
3.03543327e-01	-9.50397765e-01
3.03876891e-01	-1.08344684e+00
3.04210455e-01	-1.21007549e+00
3.04544019e-01	-1.32168844e+00
3.04877583e-01	-1.41169493e+00
3.05211147e-01	-1.47650171e+00
3.05544711e-01	-1.51591997e+00
3.05878275e-01	-1.53289757e+00
3.06211839e-01	-1.53262587e+00
3.06545403e-01	-1.52119856e+00
3.06878968e-01	-1.50409095e+00
3.07212532e-01	-1.48476607e+00
3.07546096e-01	-1.46369082e+00
3.07879660e-01	-1.43796785e+00
3.08213224e-01	-1.40167259e+00
3.08546788e-01	-1.34685054e+00
3.08880352e-01	-1.26500331e+00
3.09213916e-01	-1.14879501e+00
3.09547480e-01	-9.93661804e-01
3.09881044e-01	-7.99016882e-01
3.10214609e-01	-5.68810578e-01
3.10548173e-01	-3.11321289e-01
3.10881737e-01	-3.81970950e-02
3.11215301e-01	2.37088169e-01
3.11548865e-01	5.01086595e-01
3.11882429e-01	7.42198188e-01
3.12215993e-01	9.52133352e-01
3.12549557e-01	1.12675928e+00
3.12883121e-01	1.26619613e+00
3.13216685e-01	1.37417389e+00
3.13550249e-01	1.45679845e+00
3.13883814e-01	1.52098038e+00
3.14217378e-01	1.57283431e+00
3.14550942e-01	1.61635435e+00
3.14884506e-01	1.65261168e+00
3.15218070e-01	1.67961712e+00
3.15551634e-01	1.69286148e+00
3.15885198e-01	1.68641575e+00
3.16218762e-01	1.65436469e+00
3.16552326e-01	1.59228425e+00
3.16885890e-01	1.49846785e+00
3.17219455e-01	1.37466084e+00
3.17553019e-01	1.22616343e+00
3.17886583e-01	1.06128857e+00
3.18220147e-01	8.90287257e-01
3.18553711e-01	7.23954900e-01
3.18887275e-01	5.72190829e-01
3.19220839e-01	4.42787278e-01
3.19554403e-01	3.40674723e-01
3.19887967e-01	2.67755724e-01
3.20221531e-01	2.23337679e-01
3.20555095e-01	2.05049648e-01
3.20888660e-01	2.10025488e-01
3.21222224e-01	2.36078172e-01
3.21555788e-01	2.82592487e-01
3.21889352e-01	3.50925664e-01
3.22222916e-01	4.44213826e-01
3.22556480e-01	5.66612359e-01
3.22890044e-01	7.22121746e-01
3.23223608e-01	9.13240730e-01
3.23557172e-01	1.13972851e+00
3.23890736e-01	1.39774165e+00
3.24224301e-01	1.67954535e+00
3.24557865e-01	1.97389549e+00
3.24891429e-01	2.26706583e+00
3.25224993e-01	2.54437321e+00
3.25558557e-01	2.79195467e+00
3.25892121e-01	2.99849181e+00
3.26225685e-01	3.15657334e+00
3.26559249e-01	3.26344179e+00
3.26892813e-01	3.32098022e+00
3.27226377e-01	3.33493833e+00
3.27559941e-01	3.31354728e+00
3.27893506e-01	3.26579320e+00
3.28227070e-01	3.19968586e+00
3.28560634e-01	3.12085611e+00
3.28894198e-01	3.03174520e+00
3.29227762e-01	2.93152850e+00
3.29561326e-01	2.81677089e+00
3.29894890e-01	2.68267143e+00
3.30228454e-01	2.52464652e+00
3.30562018e-01	2.33993951e+00
3.30895582e-01	2.12894225e+00
3.31229147e-01	1.89596793e+00
3.31562711e-01	1.64931739e+00
3.31896275e-01	1.40061240e+00
3.32229839e-01	1.16350685e+00
3.32563403e-01	9.52003415e-01
3.32896967e-01	7.78676622e-01
3.33230531e-01	6.53118976e-01
3.33564095e-01	5.80882681e-01
3.33897659e-01	5.46083910e-01
