-8.00553828e-03	-0.00000000e+00
-7.67197419e-03	-1.28539644e-04
-7.33841009e-03	-4.07491346e-04
-7.00484600e-03	-1.06408886e-03
-6.67128190e-03	-2.55055510e-03
-6.33771781e-03	-5.78304128e-03
-6.00415371e-03	-1.25428480e-02
-5.67058962e-03	-2.61439047e-02
-5.33702552e-03	-5.24640851e-02
-5.00346143e-03	-1.01444721e-01
-4.66989733e-03	-1.89105482e-01
-4.33633324e-03	-3.39978502e-01
-4.00276914e-03	-5.89677398e-01
-3.66920505e-03	-9.87052218e-01
-3.33564095e-03	-1.59508581e+00
-3.00207686e-03	-2.48952503e+00
-2.66851276e-03	-3.75428757e+00
-2.33494867e-03	-5.47305752e+00
-2.00138457e-03	-7.71726869e+00
-1.66782048e-03	-1.05317162e+01
-1.33425638e-03	-1.39201166e+01
-1.00069229e-03	-1.78337104e+01
-6.67128190e-04	-2.21660641e+01
-3.33564095e-04	-2.67564272e+01
1.85165269e-18	-3.14023747e+01
3.33564095e-04	-3.58803666e+01
6.67128190e-04	-3.99709261e+01
1.00069229e-03	-4.34839024e+01
1.33425638e-03	-4.62792007e+01
1.66782048e-03	-4.82794402e+01
2.00138457e-03	-4.94728978e+01
2.33494867e-03	-4.99072609e+01
2.66851276e-03	-4.96764909e+01
3.00207686e-03	-4.89040899e+01
3.33564095e-03	-4.77261272e+01
3.66920505e-03	-4.62766669e+01
4.00276914e-03	-4.46771276e+01
4.33633324e-03	-4.30299452e+01
4.66989733e-03	-4.14160358e+01
5.00346143e-03	-3.98950679e+01
5.33702552e-03	-3.85074530e+01
5.67058962e-03	-3.72771387e+01
6.00415371e-03	-3.62145690e+01
6.33771781e-03	-3.53194720e+01
6.67128190e-03	-3.45833443e+01
7.00484600e-03	-3.39916159e+01
7.33841009e-03	-3.35255263e+01
7.67197419e-03	-3.31637330e+01
8.00553828e-03	-3.28836596e+01
8.33910238e-03	-3.26625854e+01
8.67266648e-03	-3.24784810e+01
9.00623057e-03	-3.23106171e+01
9.33979467e-03	-3.21399800e+01
9.67335876e-03	-3.19495469e+01
1.00069229e-02	-3.17244604e+01
1.03404870e-02	-3.14521370e+01
1.06740510e-02	-3.11223259e+01
1.10076151e-02	-3.07271159e+01
1.13411792e-02	-3.02608829e+01
1.16747433e-02	-2.97201577e+01
1.20083074e-02	-2.91034019e+01
1.23418715e-02	-2.84106786e+01
1.26754356e-02	-2.76432198e+01
1.30089997e-02	-2.68029069e+01
1.33425638e-02	-2.58916981e+01
1.36761279e-02	-2.49110616e+01
1.40096920e-02	-2.38614916e+01
1.43432561e-02	-2.27422065e+01
1.46768202e-02	-2.15511392e+01
1.50103843e-02	-2.02853302e+01
1.53439484e-02	-1.89418109e+01
1.56775125e-02	-1.75190170e+01
1.60110766e-02	-1.60186874e+01
1.63446407e-02	-1.44480938e+01
1.66782048e-02	-1.28223107e+01
1.70117689e-02	-1.11661136e+01
1.73453330e-02	-9.51500872e+00
1.76788970e-02	-7.91489467e+00
1.80124611e-02	-6.41997637e+00
1.83460252e-02	-5.08879350e+00
1.86795893e-02	-3.97858424e+00
1.90131534e-02	-3.13861194e+00
1.93467175e-02	-2.60344501e+00
1.96802816e-02	-2.38739330e+00
2.00138457e-02	-2.48126977e+00
2.03474098e-02	-2.85232759e+00
2.06809739e-02	-3.44765116e+00
2.10145380e-02	-4.20057576e+00
2.13481021e-02	-5.03904653e+00
2.16816662e-02	-5.89438989e+00
2.20152303e-02	-6.70889135e+00
2.23487944e-02	-7.44088547e+00
2.26823585e-02	-8.06668383e+00
2.30159226e-02	-8.57941120e+00
2.33494867e-02	-8.98547839e+00
2.36830508e-02	-9.29981444e+00
2.40166149e-02	-9.54103212e+00
2.43501789e-02	-9.72744691e+00
2.46837430e-02	-9.87443864e+00
2.50173071e-02	-9.99320194e+00
2.53508712e-02	-1.00906112e+01
2.56844353e-02	-1.01697885e+01
2.60179994e-02	-1.02309922e+01
2.63515635e-02	-1.02725630e+01
2.66851276e-02	-1.02918000e+01
2.70186917e-02	-1.02857213e+01
2.73522558e-02	-1.02516942e+01
2.76858199e-02	-1.01879096e+01
2.80193840e-02	-1.00936624e+01
2.83529481e-02	-9.96940954e+00
2.86865122e-02	-9.81661204e+00
2.90200763e-02	-9.63741466e+00
2.93536404e-02	-9.43425376e+00
2.96872045e-02	-9.20949450e+00
3.00207686e-02	-8.96517665e+00
3.03543327e-02	-8.70290710e+00
3.06878968e-02	-8.42388945e+00
3.10214609e-02	-8.12904449e+00
3.13550249e-02	-7.81915854e+00
3.16885890e-02	-7.49500294e+00
3.20221531e-02	-7.15739085e+00
3.23557172e-02	-6.80716544e+00
3.26892813e-02	-6.44513854e+00
3.30228454e-02	-6.07201036e+00
3.33564095e-02	-5.68830066e+00
3.36899736e-02	-5.29431152e+00
3.40235377e-02	-4.89012960e+00
3.43571018e-02	-4.47566518e+00
3.46906659e-02	-4.05072229e+00
3.50242300e-02	-3.61509597e+00
3.53577941e-02	-3.16869682e+00
3.56913582e-02	-2.71170364e+00
3.60249223e-02	-2.24473913e+00
3.63584864e-02	-1.76905412e+00
3.66920505e-02	-1.28669368e+00
3.70256146e-02	-8.00610079e-01
3.73591787e-02	-3.14685975e-01
3.76927428e-02	1.66361268e-01
3.80263069e-02	6.37207127e-01
3.83598709e-02	1.09227125e+00
3.86934350e-02	1.52616159e+00
3.90269991e-02	1.93416063e+00
3.93605632e-02	2.31268883e+00
3.96941273e-02	2.65967611e+00
4.00276914e-02	2.97477953e+00
4.03612555e-02	3.25940465e+00
4.06948196e-02	3.51651573e+00
4.10283837e-02	3.75025370e+00
4.13619478e-02	3.96541277e+00
4.16955119e-02	4.16685136e+00
4.20290760e-02	4.35892520e+00
4.23626401e-02	4.54502599e+00
4.26962042e-02	4.72729129e+00
4.30297683e-02	4.90652000e+00
4.33633324e-02	5.08229226e+00
4.36968965e-02	5.25325709e+00
4.40304606e-02	5.41752403e+00
4.43640247e-02	5.57308228e+00
4.46975888e-02	5.71817247e+00
4.50311529e-02	5.85155341e+00
4.53647169e-02	5.97263324e+00
4.56982810e-02	6.08146547e+00
4.60318451e-02	6.17863717e+00
4.63654092e-02	6.26509290e+00
4.66989733e-02	6.34194206e+00
4.70325374e-02	6.41028967e+00
4.73661015e-02	6.47111511e+00
4.76996656e-02	6.52520612e+00
4.80332297e-02	6.57314182e+00
4.83667938e-02	6.61531177e+00
4.87003579e-02	6.65195653e+00
4.90339220e-02	6.68321808e+00
4.93674861e-02	6.70919150e+00
4.97010502e-02	6.72997215e+00
5.00346143e-02	6.74569255e+00
5.03681784e-02	6.75654423e+00
5.07017425e-02	6.76278113e+00
5.10353066e-02	6.76470542e+00
5.13688707e-02	6.76264100e+00
5.17024348e-02	6.75690419e+00
5.20359989e-02	6.74778166e+00
5.23695629e-02	6.73552240e+00
5.27031270e-02	6.72034404e+00
5.30366911e-02	6.70244692e+00
5.33702552e-02	6.68202511e+00
5.37038193e-02	6.65926447e+00
5.40373834e-02	6.63432328e+00
5.43709475e-02	6.60729924e+00
5.47045116e-02	6.57819392e+00
5.50380757e-02	6.54688938e+00
5.53716398e-02	6.51314906e+00
5.57052039e-02	6.47664779e+00
5.60387680e-02	6.43702675e+00
5.63723321e-02	6.39396121e+00
5.67058962e-02	6.34722508e+00
5.70394603e-02	6.29673848e+00
5.73730244e-02	6.24259070e+00
5.77065885e-02	6.18503815e+00
5.80401526e-02	6.12448279e+00
5.83737167e-02	6.06143927e+00
5.87072808e-02	5.99649825e+00
5.90408449e-02	5.93029024e+00
5.93744089e-02	5.86345181e+00
5.97079730e-02	5.79659423e+00
6.00415371e-02	5.73027545e+00
6.03751012e-02	5.66497647e+00
6.07086653e-02	5.60108408e+00
6.10422294e-02	5.53888092e+00
6.13757935e-02	5.47854312e+00
6.17093576e-02	5.42014401e+00
6.20429217e-02	5.36366236e+00
6.23764858e-02	5.30899429e+00
6.27100499e-02	5.25596849e+00
6.30436140e-02	5.20436446e+00
6.33771781e-02	5.15393263e+00
6.37107422e-02	5.10441418e+00
6.40443063e-02	5.05555755e+00
6.43778704e-02	5.00712885e+00
6.47114345e-02	4.95891599e+00
6.50449986e-02	4.91072781e+00
6.53785627e-02	4.86239156e+00
6.57121268e-02	4.81375167e+00
6.60456908e-02	4.76467208e+00
6.63792549e-02	4.71504176e+00
6.67128190e-02	4.66478236e+00
6.70463831e-02	4.61385639e+00
6.73799472e-02	4.56227449e+00
6.77135113e-02	4.51010076e+00
6.80470754e-02	4.45745508e+00
6.83806395e-02	4.40451192e+00
6.87142036e-02	4.35149437e+00
6.90477677e-02	4.29866276e+00
6.93813318e-02	4.24629781e+00
6.97148959e-02	4.19467951e+00
7.00484600e-02	4.14406302e+00
7.03820241e-02	4.09465327e+00
7.07155882e-02	4.04657939e+00
7.10491523e-02	3.99987012e+00
7.13827164e-02	3.95443115e+00
7.17162805e-02	3.91002604e+00
7.20498446e-02	3.86626290e+00
7.23834087e-02	3.82258952e+00
7.27169728e-02	3.77829955e+00
7.30505368e-02	3.73255142e+00
7.33841009e-02	3.68440095e+00
7.37176650e-02	3.63284677e+00
7.40512291e-02	3.57688688e+00
7.43847932e-02	3.51558282e+00
7.47183573e-02	3.44812705e+00
7.50519214e-02	3.37390810e+00
7.53854855e-02	3.29256752e+00
7.57190496e-02	3.20404300e+00
7.60526137e-02	3.10859238e+00
7.63861778e-02	3.00679469e+00
7.67197419e-02	2.89952623e+00
7.70533060e-02	2.78791178e+00
7.73868701e-02	2.67325376e+00
7.77204342e-02	2.55694429e+00
7.80539983e-02	2.44036789e+00
7.83875624e-02	2.32480353e+00
7.87211265e-02	2.21133627e+00
7.90546906e-02	2.10078740e+00
7.93882547e-02	1.99367081e+00
7.97218188e-02	1.89018038e+00
8.00553828e-02	1.79020987e+00
8.03889469e-02	1.69340303e+00
8.07225110e-02	1.59922783e+00
8.10560751e-02	1.50706551e+00
8.13896392e-02	1.41630320e+00
8.17232033e-02	1.32641789e+00
8.20567674e-02	1.23704066e+00
8.23903315e-02	1.14799341e+00
8.27238956e-02	1.05929426e+00
8.30574597e-02	9.71133516e-01
8.33910238e-02	8.83826442e-01
8.37245879e-02	7.97752684e-01
8.40581520e-02	7.13293669e-01
8.43917161e-02	6.30778540e-01
8.47252802e-02	5.50446728e-01
8.50588443e-02	4.72431172e-01
8.53924084e-02	3.96761932e-01
8.57259725e-02	3.23385776e-01
8.60595366e-02	2.52194688e-01
8.63931007e-02	1.83055283e-01
8.67266648e-02	1.15831901e-01
8.70602288e-02	5.03989565e-02
8.73937929e-02	-1.33584359e-02
8.77273570e-02	-7.55526533e-02
8.80609211e-02	-1.36304963e-01
8.83944852e-02	-1.95753695e-01
8.87280493e-02	-2.54053813e-01
8.90616134e-02	-3.11365491e-01
8.93951775e-02	-3.67832923e-01
8.97287416e-02	-4.23558075e-01
9.00623057e-02	-4.78576414e-01
9.03958698e-02	-5.32841678e-01
9.07294339e-02	-5.86224855e-01
9.10629980e-02	-6.38529325e-01
9.13965621e-02	-6.89520090e-01
9.17301262e-02	-7.38961747e-01
9.20636903e-02	-7.86657413e-01
9.23972544e-02	-8.32480399e-01
9.27308185e-02	-8.76392123e-01
9.30643826e-02	-9.18442469e-01
9.33979467e-02	-9.58752902e-01
9.37315108e-02	-9.97486332e-01
9.40650748e-02	-1.03481056e+00
9.43986389e-02	-1.07086391e+00
9.47322030e-02	-1.10573055e+00
9.50657671e-02	-1.13943112e+00
9.53993312e-02	-1.17193034e+00
9.57328953e-02	-1.20315887e+00
9.60664594e-02	-1.23304350e+00
9.64000235e-02	-1.26153724e+00
9.67335876e-02	-1.28864122e+00
9.70671517e-02	-1.31441235e+00
9.74007158e-02	-1.33895483e+00
9.77342799e-02	-1.36239785e+00
9.80678440e-02	-1.38486584e+00
9.84014081e-02	-1.40644979e+00
9.87349722e-02	-1.42718789e+00
9.90685363e-02	-1.44706076e+00
9.94021004e-02	-1.46600301e+00
9.97356645e-02	-1.48392793e+00
1.00069229e-01	-1.50075861e+00
1.00402793e-01	-1.51645685e+00
1.00736357e-01	-1.53104183e+00
1.01069921e-01	-1.54459340e+00
1.01403485e-01	-1.55723912e+00
1.01737049e-01	-1.56912894e+00
1.02070613e-01	-1.58040432e+00
1.02404177e-01	-1.59117035e+00
1.02737741e-01	-1.60147789e+00
1.03071305e-01	-1.61131977e+00
1.03404870e-01	-1.62064040e+00
1.03738434e-01	-1.62935443e+00
1.04071998e-01	-1.63736778e+00
1.04405562e-01	-1.64459397e+00
1.04739126e-01	-1.65096151e+00
1.05072690e-01	-1.65641150e+00
1.05406254e-01	-1.66088839e+00
1.05739818e-01	-1.66432979e+00
1.06073382e-01	-1.66666124e+00
1.06406946e-01	-1.66780037e+00
1.06740510e-01	-1.66767160e+00
1.07074075e-01	-1.66622738e+00
1.07407639e-01	-1.66347030e+00
1.07741203e-01	-1.65946795e+00
1.08074767e-01	-1.65435453e+00
1.08408331e-01	-1.64831730e+00
1.08741895e-01	-1.64156989e+00
1.09075459e-01	-1.63431923e+00
1.09409023e-01	-1.62673542e+00
1.09742587e-01	-1.61893260e+00
1.10076151e-01	-1.61096665e+00
1.10409716e-01	-1.60284975e+00
1.10743280e-01	-1.59457715e+00
1.11076844e-01	-1.58615777e+00
1.11410408e-01	-1.57763892e+00
1.11743972e-01	-1.56911807e+00
1.12077536e-01	-1.56073852e+00
1.12411100e-01	-1.55267111e+00
1.12744664e-01	-1.54508874e+00
1.13078228e-01	-1.53814180e+00
1.13411792e-01	-1.53194208e+00
1.13745356e-01	-1.52655858e+00
1.14078921e-01	-1.52202444e+00
1.14412485e-01	-1.51835022e+00
1.14746049e-01	-1.51553690e+00
1.15079613e-01	-1.51358319e+00
1.15413177e-01	-1.51248465e+00
1.15746741e-01	-1.51222606e+00
1.16080305e-01	-1.51277133e+00
1.16413869e-01	-1.51405612e+00
1.16747433e-01	-1.51598648e+00
1.17080997e-01	-1.51844452e+00
1.17414562e-01	-1.52129796e+00
1.17748126e-01	-1.52440993e+00
1.18081690e-01	-1.52764529e+00
1.18415254e-01	-1.53087241e+00
1.18748818e-01	-1.53396262e+00
1.19082382e-01	-1.53679106e+00
1.19415946e-01	-1.53924296e+00
1.19749510e-01	-1.54122646e+00
1.20083074e-01	-1.54268971e+00
1.20416638e-01	-1.54363643e+00
1.20750202e-01	-1.54413315e+00
1.21083767e-01	-1.54430284e+00
1.21417331e-01	-1.54430440e+00
1.21750895e-01	-1.54430227e+00
1.22084459e-01	-1.54443475e+00
1.22418023e-01	-1.54479046e+00
1.22751587e-01	-1.54539982e+00
1.23085151e-01	-1.54624311e+00
1.23418715e-01	-1.54727102e+00
1.23752279e-01	-1.54842896e+00
1.24085843e-01	-1.54967610e+00
1.24419408e-01	-1.55099254e+00
1.24752972e-01	-1.55237342e+00
1.25086536e-01	-1.55381411e+00
1.25420100e-01	-1.55529396e+00
1.25753664e-01	-1.55676567e+00
1.26087228e-01	-1.55815474e+00
1.26420792e-01	-1.55936839e+00
1.26754356e-01	-1.56030972e+00
1.27087920e-01	-1.56089125e+00
1.27421484e-01	-1.56104343e+00
1.27755048e-01	-1.56071645e+00
1.28088613e-01	-1.55987717e+00
1.28422177e-01	-1.55850467e+00
1.28755741e-01	-1.55658785e+00
1.29089305e-01	-1.55412571e+00
1.29422869e-01	-1.55112902e+00
1.29756433e-01	-1.54762036e+00
1.30089997e-01	-1.54363027e+00
1.30423561e-01	-1.53918895e+00
1.30757125e-01	-1.53431598e+00
1.31090689e-01	-1.52901198e+00
1.31424254e-01	-1.52325505e+00
1.31757818e-01	-1.51700340e+00
1.32091382e-01	-1.51020230e+00
1.32424946e-01	-1.50279178e+00
1.32758510e-01	-1.49471154e+00
1.33092074e-01	-1.48590146e+00
1.33425638e-01	-1.47629865e+00
1.33759202e-01	-1.46583421e+00
1.34092766e-01	-1.45443313e+00
1.34426330e-01	-1.44201917e+00
1.34759894e-01	-1.42852393e+00
1.35093459e-01	-1.41389753e+00
1.35427023e-01	-1.39811714e+00
1.35760587e-01	-1.38119058e+00
1.36094151e-01	-1.36315435e+00
1.36427715e-01	-1.34406735e+00
1.36761279e-01	-1.32400264e+00
1.37094843e-01	-1.30303980e+00
1.37428407e-01	-1.28125927e+00
1.37761971e-01	-1.25873839e+00
1.38095535e-01	-1.23554803e+00
1.38429100e-01	-1.21174890e+00
1.38762664e-01	-1.18738740e+00
1.39096228e-01	-1.16249190e+00
1.39429792e-01	-1.13707111e+00
1.39763356e-01	-1.11111599e+00
1.40096920e-01	-1.08460522e+00
1.40430484e-01	-1.05751329e+00
1.40764048e-01	-1.02981922e+00
1.41097612e-01	-1.00151377e+00
1.41431176e-01	-9.72604322e-01
1.41764740e-01	-9.43116809e-01
1.42098305e-01	-9.13095314e-01
1.42431869e-01	-8.82599947e-01
1.42765433e-01	-8.51703685e-01
1.43098997e-01	-8.20488324e-01
1.43432561e-01	-7.89039344e-01
1.43766125e-01	-7.57439698e-01
1.44099689e-01	-7.25762878e-01
1.44433253e-01	-6.94066105e-01
1.44766817e-01	-6.62384919e-01
1.45100381e-01	-6.30730456e-01
1.45433946e-01	-5.99090087e-01
1.45767510e-01	-5.67431377e-01
1.46101074e-01	-5.35708865e-01
1.46434638e-01	-5.03872757e-01
1.46768202e-01	-4.71878236e-01
1.47101766e-01	-4.39693901e-01
1.47435330e-01	-4.07307910e-01
1.47768894e-01	-3.74730658e-01
1.48102458e-01	-3.41993379e-01
1.48436022e-01	-3.09142761e-01
1.48769586e-01	-2.76232588e-01
1.49103151e-01	-2.43314135e-01
1.49436715e-01	-2.10427328e-01
1.49770279e-01	-1.77594557e-01
1.50103843e-01	-1.44818515e-01
1.50437407e-01	-1.12084550e-01
1.50770971e-01	-7.93670525e-02
1.51104535e-01	-4.66386324e-02
1.51438099e-01	-1.38804851e-02
1.51771663e-01	1.89079742e-02
1.52105227e-01	5.17021197e-02
1.52438792e-01	8.44493937e-02
1.52772356e-01	1.17071874e-01
1.53105920e-01	1.49474150e-01
1.53439484e-01	1.81555230e-01
1.53773048e-01	2.13222123e-01
1.54106612e-01	2.44402150e-01
1.54440176e-01	2.75051217e-01
1.54773740e-01	3.05156295e-01
1.55107304e-01	3.34731954e-01
1.55440868e-01	3.63812394e-01
1.55774432e-01	3.92441391e-01
1.56107997e-01	4.20662706e-01
1.56441561e-01	4.48512907e-01
1.56775125e-01	4.76017340e-01
1.57108689e-01	5.03188991e-01
1.57442253e-01	5.30029453e-01
1.57775817e-01	5.56531050e-01
1.58109381e-01	5.82679292e-01
1.58442945e-01	6.08455204e-01
1.58776509e-01	6.33837529e-01
1.59110073e-01	6.58805011e-01
1.59443638e-01	6.83338822e-01
1.59777202e-01	7.07424739e-01
1.60110766e-01	7.31054506e-01
1.60444330e-01	7.54225813e-01
1.60777894e-01	7.76940686e-01
1.61111458e-01	7.99202421e-01
1.61445022e-01	8.21011661e-01
1.61778586e-01	8.42362529e-01
1.62112150e-01	8.63239833e-01
1.62445714e-01	8.83618146e-01
1.62779278e-01	9.03463170e-01
1.63112843e-01	9.22735176e-01
1.63446407e-01	9.41393757e-01
1.63779971e-01	9.59402886e-01
1.64113535e-01	9.76735288e-01
1.64447099e-01	9.93375349e-01
1.64780663e-01	1.00932007e+00
1.65114227e-01	1.02457798e+00
1.65447791e-01	1.03916640e+00
1.65781355e-01	1.05310740e+00
1.66114919e-01	1.06642315e+00
1.66448484e-01	1.07913109e+00
1.66782048e-01	1.09123979e+00
1.67115612e-01	1.10274630e+00
1.67449176e-01	1.11363577e+00
1.67782740e-01	1.12388361e+00
1.68116304e-01	1.13345977e+00
1.68449868e-01	1.14233395e+00
1.68783432e-01	1.15048025e+00
1.69116996e-01	1.15787958e+00
1.69450560e-01	1.16451913e+00
1.69784124e-01	1.17038922e+00
1.70117689e-01	1.17547904e+00
1.70451253e-01	1.17977311e+00
1.70784817e-01	1.18325001e+00
1.71118381e-01	1.18588434e+00
1.71451945e-01	1.18765154e+00
1.71785509e-01	1.18853446e+00
1.72119073e-01	1.18852989e+00
1.72452637e-01	1.18765352e+00
1.72786201e-01	1.18594232e+00
1.73119765e-01	1.18345371e+00
1.73453330e-01	1.18026201e+00
1.73786894e-01	1.17645246e+00
1.74120458e-01	1.17211366e+00
1.74454022e-01	1.16732952e+00
1.74787586e-01	1.16217175e+00
1.75121150e-01	1.15669469e+00
1.75454714e-01	1.15093325e+00
1.75788278e-01	1.14490485e+00
1.76121842e-01	1.13861473e+00
1.76455406e-01	1.13206329e+00
1.76788970e-01	1.12525317e+00
1.77122535e-01	1.11819394e+00
1.77456099e-01	1.11090306e+00
1.77789663e-01	1.10340321e+00
1.78123227e-01	1.09571721e+00
1.78456791e-01	1.08786253e+00
1.78790355e-01	1.07984756e+00
1.79123919e-01	1.07167071e+00
1.79457483e-01	1.06332275e+00
1.79791047e-01	1.05479108e+00
1.80124611e-01	1.04606426e+00
1.80458176e-01	1.03713538e+00
1.80791740e-01	1.02800333e+00
1.81125304e-01	1.01867214e+00
1.81458868e-01	1.00914909e+00
1.81792432e-01	9.99442704e-01
1.82125996e-01	9.89561445e-01
1.82459560e-01	9.79513702e-01
1.82793124e-01	9.69308514e-01
1.83126688e-01	9.58956293e-01
1.83460252e-01	9.48468794e-01
1.83793816e-01	9.37858043e-01
1.84127381e-01	9.27134493e-01
1.84460945e-01	9.16305108e-01
1.84794509e-01	9.05372249e-01
1.85128073e-01	8.94333957e-01
1.85461637e-01	8.83185440e-01
1.85795201e-01	8.71920835e-01
1.86128765e-01	8.60534113e-01
1.86462329e-01	8.49018442e-01
1.86795893e-01	8.37364117e-01
1.87129457e-01	8.25555835e-01
1.87463022e-01	8.13570567e-01
1.87796586e-01	8.01377276e-01
1.88130150e-01	7.88939273e-01
1.88463714e-01	7.76218987e-01
1.88797278e-01	7.63184099e-01
1.89130842e-01	7.49813646e-01
1.89464406e-01	7.36103017e-01
1.89797970e-01	7.22067214e-01
1.90131534e-01	7.07742069e-01
1.90465098e-01	6.93183309e-01
1.90798662e-01	6.78463547e-01
1.91132227e-01	6.63667418e-01
1.91465791e-01	6.48885213e-01
1.91799355e-01	6.34205531e-01
1.92132919e-01	6.19707913e-01
1.92466483e-01	6.05456720e-01
1.92800047e-01	5.91497328e-01
1.93133611e-01	5.77855162e-01
1.93467175e-01	5.64537383e-01
1.93800739e-01	5.51536618e-01
1.94134303e-01	5.38835834e-01
1.94467868e-01	5.26413322e-01
1.94801432e-01	5.14246923e-01
1.95134996e-01	5.02316980e-01
1.95468560e-01	4.90607873e-01
1.95802124e-01	4.79108033e-01
1.96135688e-01	4.67808296e-01
1.96469252e-01	4.56698659e-01
1.96802816e-01	4.45763941e-01
1.97136380e-01	4.34979314e-01
1.97469944e-01	4.24306973e-01
1.97803508e-01	4.13695279e-01
1.98137073e-01	4.03081428e-01
1.98470637e-01	3.92397902e-01
1.98804201e-01	3.81581867e-01
1.99137765e-01	3.70585655e-01
1.99471329e-01	3.59386131e-01
1.99804893e-01	3.47990930e-01
2.00138457e-01	3.36440294e-01
2.00472021e-01	3.24804223e-01
2.00805585e-01	3.13175702e-01
2.01139149e-01	3.01661494e-01
2.01472713e-01	2.90372184e-01
2.01806278e-01	2.79412844e-01
2.02139842e-01	2.68875302e-01
2.02473406e-01	2.58832686e-01
2.02806970e-01	2.49336641e-01
2.03140534e-01	2.40417256e-01
2.03474098e-01	2.32085315e-01
2.03807662e-01	2.24336109e-01
2.04141226e-01	2.17153704e-01
2.04474790e-01	2.10514447e-01
2.04808354e-01	2.04388744e-01
2.05141919e-01	1.98740877e-01
2.05475483e-01	1.93527602e-01
2.05809047e-01	1.88697075e-01
2.06142611e-01	1.84189772e-01
2.06476175e-01	1.79942413e-01
2.06809739e-01	1.75894675e-01
2.07143303e-01	1.71997133e-01
2.07476867e-01	1.68218059e-01
2.07810431e-01	1.64546829e-01
2.08143995e-01	1.60992701e-01
2.08477559e-01	1.57579208e-01
2.08811124e-01	1.54335773e-01
2.09144688e-01	1.51288864e-01
2.09478252e-01	1.48454923e-01
2.09811816e-01	1.45836360e-01
2.10145380e-01	1.43420752e-01
2.10478944e-01	1.41182462e-01
2.10812508e-01	1.39085719e-01
2.11146072e-01	1.37088453e-01
2.11479636e-01	1.35146532e-01
2.11813200e-01	1.33218364e-01
2.12146765e-01	1.31269839e-01
2.12480329e-01	1.29279350e-01
2.12813893e-01	1.27242050e-01
2.13147457e-01	1.25172109e-01
2.13481021e-01	1.23101791e-01
2.13814585e-01	1.21076858e-01
2.14148149e-01	1.19148694e-01
2.14481713e-01	1.17364488e-01
2.14815277e-01	1.15757495e-01
2.15148841e-01	1.14339490e-01
2.15482405e-01	1.13096993e-01
2.15815970e-01	1.11991818e-01
2.16149534e-01	1.10965443e-01
2.16483098e-01	1.09945975e-01
2.16816662e-01	1.08856178e-01
2.17150226e-01	1.07621210e-01
2.17483790e-01	1.06175197e-01
2.17817354e-01	1.04466407e-01
2.18150918e-01	1.02461131e-01
2.18484482e-01	1.00146404e-01
2.18818046e-01	9.75315189e-02
2.19151611e-01	9.46480123e-02
2.19485175e-01	9.15477368e-02
2.19818739e-01	8.82986580e-02
2.20152303e-01	8.49783186e-02
2.20485867e-01	8.16654013e-02
2.20819431e-01	7.84303961e-02
2.21152995e-01	7.53267843e-02
2.21486559e-01	7.23842597e-02
2.21820123e-01	6.96052829e-02
2.22153687e-01	6.69657397e-02
2.22487251e-01	6.44197143e-02
2.22820816e-01	6.19075863e-02
2.23154380e-01	5.93660020e-02
2.23487944e-01	5.67378727e-02
2.23821508e-01	5.39804711e-02
2.24155072e-01	5.10700311e-02
2.24488636e-01	4.80020511e-02
2.24822200e-01	4.47875396e-02
2.25155764e-01	4.14464261e-02
2.25489328e-01	3.80000479e-02
2.25822892e-01	3.44648513e-02
2.26156457e-01	3.08490654e-02
2.26490021e-01	2.71531195e-02
2.26823585e-01	2.33732937e-02
2.27157149e-01	1.95069873e-02
2.27490713e-01	1.55574700e-02
2.27824277e-01	1.15361886e-02
2.28157841e-01	7.46159459e-03
2.28491405e-01	3.35474093e-03
2.28824969e-01	-7.66889101e-04
2.29158533e-01	-4.89515513e-03
2.29492097e-01	-9.03450748e-03
2.29825662e-01	-1.32013232e-02
2.30159226e-01	-1.74191521e-02
2.30492790e-01	-2.17110158e-02
2.30826354e-01	-2.60909323e-02
2.31159918e-01	-3.05572539e-02
2.31493482e-01	-3.50900753e-02
2.31827046e-01	-3.96540169e-02
2.32160610e-01	-4.42063144e-02
2.32494174e-01	-4.87086586e-02
2.32827738e-01	-5.31400110e-02
2.33161303e-01	-5.75070867e-02
2.33494867e-01	-6.18495612e-02
2.33828431e-01	-6.62382128e-02
2.34161995e-01	-7.07658579e-02
2.34495559e-01	-7.55326769e-02
2.34829123e-01	-8.06289287e-02
2.35162687e-01	-8.61187463e-02
2.35496251e-01	-9.20284602e-02
2.35829815e-01	-9.83418356e-02
2.36163379e-01	-1.05003013e-01
2.36496943e-01	-1.11926249e-01
2.36830508e-01	-1.19010182e-01
2.37164072e-01	-1.26153592e-01
2.37497636e-01	-1.33269680e-01
2.37831200e-01	-1.40296541e-01
2.38164764e-01	-1.47202564e-01
2.38498328e-01	-1.53986526e-01
2.38831892e-01	-1.60673145e-01
2.39165456e-01	-1.67305446e-01
2.39499020e-01	-1.73935559e-01
2.39832584e-01	-1.80615497e-01
2.40166149e-01	-1.87389246e-01
2.40499713e-01	-1.94287158e-01
2.40833277e-01	-2.01323161e-01
2.41166841e-01	-2.08494816e-01
2.41500405e-01	-2.15785763e-01
2.41833969e-01	-2.23169835e-01
2.42167533e-01	-2.30616026e-01
2.42501097e-01	-2.38093572e-01
2.42834661e-01	-2.45576549e-01
2.43168225e-01	-2.53047464e-01
2.43501789e-01	-2.60499392e-01
2.43835354e-01	-2.67936254e-01
2.44168918e-01	-2.75370901e-01
2.44502482e-01	-2.82820904e-01
2.44836046e-01	-2.90302372e-01
2.45169610e-01	-2.97822677e-01
2.45503174e-01	-3.05373543e-01
2.45836738e-01	-3.12926211e-01
2.46170302e-01	-3.20430256e-01
2.46503866e-01	-3.27816948e-01
2.46837430e-01	-3.35007068e-01
2.47170995e-01	-3.41922022e-01
2.47504559e-01	-3.48496118e-01
2.47838123e-01	-3.54687413e-01
2.48171687e-01	-3.60484612e-01
2.48505251e-01	-3.65908309e-01
2.48838815e-01	-3.71006112e-01
2.49172379e-01	-3.75842609e-01
2.49505943e-01	-3.80486360e-01
2.49839507e-01	-3.84996827e-01
2.50173071e-01	-3.89414179e-01
2.50506635e-01	-3.93754153e-01
2.50840200e-01	-3.98008916e-01
2.51173764e-01	-4.02153292e-01
2.51507328e-01	-4.06154462e-01
2.51840892e-01	-4.09982414e-01
2.52174456e-01	-4.13618454e-01
2.52508020e-01	-4.17059781e-01
2.52841584e-01	-4.20319362e-01
2.53175148e-01	-4.23421718e-01
2.53508712e-01	-4.26396245e-01
2.53842276e-01	-4.29270249e-01
2.54175841e-01	-4.32063627e-01
2.54509405e-01	-4.34786420e-01
2.54842969e-01	-4.37439405e-01
2.55176533e-01	-4.40016965e-01
2.55510097e-01	-4.42510827e-01
2.55843661e-01	-4.44913108e-01
2.56177225e-01	-4.47217476e-01
2.56510789e-01	-4.49417948e-01
2.56844353e-01	-4.51505737e-01
2.57177917e-01	-4.53465274e-01
2.57511481e-01	-4.55270975e-01
2.57845046e-01	-4.56886167e-01
2.58178610e-01	-4.58265111e-01
2.58512174e-01	-4.59358221e-01
2.58845738e-01	-4.60119768e-01
2.59179302e-01	-4.60516576e-01
2.59512866e-01	-4.60535850e-01
2.59846430e-01	-4.60190243e-01
2.60179994e-01	-4.59518829e-01
2.60513558e-01	-4.58583494e-01
2.60847122e-01	-4.57461336e-01
2.61180687e-01	-4.56234546e-01
2.61514251e-01	-4.54979769e-01
2.61847815e-01	-4.53759033e-01
2.62181379e-01	-4.52613852e-01
2.62514943e-01	-4.51563340e-01
2.62848507e-01	-4.50606191e-01
2.63182071e-01	-4.49725475e-01
2.63515635e-01	-4.48894779e-01
2.63849199e-01	-4.48084139e-01
2.64182763e-01	-4.47264639e-01
2.64516327e-01	-4.46411171e-01
2.64849892e-01	-4.45503466e-01
2.65183456e-01	-4.44525969e-01
2.65517020e-01	-4.43467234e-01
2.65850584e-01	-4.42319492e-01
2.66184148e-01	-4.41078798e-01
2.66517712e-01	-4.39745874e-01
2.66851276e-01	-4.38327426e-01
2.67184840e-01	-4.36837494e-01
2.67518404e-01	-4.35298185e-01
2.67851968e-01	-4.33739169e-01
2.68185533e-01	-4.32195477e-01
2.68519097e-01	-4.30703574e-01
2.68852661e-01	-4.29296165e-01
2.69186225e-01	-4.27996700e-01
2.69519789e-01	-4.26814785e-01
2.69853353e-01	-4.25743585e-01
2.70186917e-01	-4.24759903e-01
2.70520481e-01	-4.23826905e-01
2.70854045e-01	-4.22898814e-01
2.71187609e-01	-4.21926425e-01
2.71521173e-01	-4.20862268e-01
2.71854738e-01	-4.19664603e-01
2.72188302e-01	-4.18300009e-01
2.72521866e-01	-4.16744861e-01
2.72855430e-01	-4.14986207e-01
2.73188994e-01	-4.13022488e-01
2.73522558e-01	-4.10864165e-01
2.73856122e-01	-4.08533974e-01
2.74189686e-01	-4.06066228e-01
2.74523250e-01	-4.03504582e-01
2.74856814e-01	-4.00897971e-01
2.75190379e-01	-3.98294954e-01
2.75523943e-01	-3.95737264e-01
2.75857507e-01	-3.93253742e-01
2.76191071e-01	-3.90855904e-01
2.76524635e-01	-3.88536113e-01
2.76858199e-01	-3.86268776e-01
2.77191763e-01	-3.84014334e-01
2.77525327e-01	-3.81725201e-01
2.77858891e-01	-3.79352387e-01
2.78192455e-01	-3.76851488e-01
2.78526019e-01	-3.74187023e-01
2.78859584e-01	-3.71334663e-01
2.79193148e-01	-3.68281474e-01
2.79526712e-01	-3.65024846e-01
2.79860276e-01	-3.61570892e-01
2.80193840e-01	-3.57933046e-01
2.80527404e-01	-3.54131178e-01
2.80860968e-01	-3.50191153e-01
2.81194532e-01	-3.46144409e-01
2.81528096e-01	-3.42027047e-01
2.81861660e-01	-3.37877963e-01
2.82195225e-01	-3.33735869e-01
2.82528789e-01	-3.29635409e-01
2.82862353e-01	-3.25602912e-01
2.83195917e-01	-3.21652596e-01
2.83529481e-01	-3.17784016e-01
2.83863045e-01	-3.13981449e-01
2.84196609e-01	-3.10215530e-01
2.84530173e-01	-3.06447089e-01
2.84863737e-01	-3.02632676e-01
2.85197301e-01	-2.98730920e-01
2.85530865e-01	-2.94708628e-01
2.85864430e-01	-2.90545455e-01
2.86197994e-01	-2.86236210e-01
2.86531558e-01	-2.81790243e-01
2.86865122e-01	-2.77228020e-01
2.87198686e-01	-2.72575644e-01
2.87532250e-01	-2.67858614e-01
2.87865814e-01	-2.63096295e-01
2.88199378e-01	-2.58298387e-01
2.88532942e-01	-2.53464031e-01
2.88866506e-01	-2.48583474e-01
2.89200071e-01	-2.43641413e-01
2.89533635e-01	-2.38620778e-01
2.89867199e-01	-2.33505725e-01
2.90200763e-01	-2.28283093e-01
2.90534327e-01	-2.22942310e-01
2.90867891e-01	-2.17474429e-01
2.91201455e-01	-2.11871309e-01
2.91535019e-01	-2.06125851e-01
2.91868583e-01	-2.00233665e-01
2.92202147e-01	-1.94195802e-01
2.92535711e-01	-1.88021581e-01
2.92869276e-01	-1.81730259e-01
2.93202840e-01	-1.75350587e-01
2.93536404e-01	-1.68917933e-01
2.93869968e-01	-1.62469519e-01
2.94203532e-01	-1.56038949e-01
2.94537096e-01	-1.49651446e-01
2.94870660e-01	-1.43320956e-01
2.95204224e-01	-1.37049674e-01
2.95537788e-01	-1.30829824e-01
2.95871352e-01	-1.24646902e-01
2.96204917e-01	-1.18483339e-01
2.96538481e-01	-1.12321672e-01
2.96872045e-01	-1.06146671e-01
2.97205609e-01	-9.99463386e-02
2.97539173e-01	-9.37120708e-02
2.97872737e-01	-8.74384333e-02
2.98206301e-01	-8.11229837e-02
2.98539865e-01	-7.47663665e-02
2.98873429e-01	-6.83726617e-02
2.99206993e-01	-6.19497567e-02
2.99540557e-01	-5.55094246e-02
2.99874122e-01	-4.90668396e-02
3.00207686e-01	-4.26394129e-02
3.00541250e-01	-3.62450214e-02
3.00874814e-01	-2.98998825e-02
3.01208378e-01	-2.36164540e-02
3.01541942e-01	-1.74017658e-02
3.01875506e-01	-1.12565232e-02
3.02209070e-01	-5.17517837e-03
3.02542634e-01	8.52991498e-04
3.02876198e-01	6.84191019e-03
3.03209763e-01	1.28060559e-02
3.03543327e-01	1.87574483e-02
3.03876891e-01	2.47026329e-02
3.04210455e-01	3.06400724e-02
3.04544019e-01	3.65583953e-02
3.04877583e-01	4.24359580e-02
3.05211147e-01	4.82420989e-02
3.05544711e-01	5.39402384e-02
3.05878275e-01	5.94926090e-02
3.06211839e-01	6.48659740e-02
3.06545403e-01	7.00373302e-02
3.06878968e-01	7.49984175e-02
3.07212532e-01	7.97579781e-02
3.07546096e-01	8.43411357e-02
3.07879660e-01	8.87858956e-02
3.08213224e-01	9.31374298e-02
3.08546788e-01	9.74413163e-02
3.08880352e-01	1.01737097e-01
3.09213916e-01	1.06053360e-01
3.09547480e-01	1.10405100e-01
3.09881044e-01	1.14793540e-01
3.10214609e-01	1.19208056e-01
3.10548173e-01	1.23629460e-01
3.10881737e-01	1.28033819e-01
3.11215301e-01	1.32396022e-01
3.11548865e-01	1.36692591e-01
3.11882429e-01	1.40903511e-01
3.12215993e-01	1.45013115e-01
3.12549557e-01	1.49010243e-01
3.12883121e-01	1.52887935e-01
3.13216685e-01	1.56642922e-01
3.13550249e-01	1.60275065e-01
3.13883814e-01	1.63786838e-01
3.14217378e-01	1.67182850e-01
3.14550942e-01	1.70469397e-01
3.14884506e-01	1.73653997e-01
3.15218070e-01	1.76744890e-01
3.15551634e-01	1.79750477e-01
3.15885198e-01	1.82678676e-01
3.16218762e-01	1.85536215e-01
3.16552326e-01	1.88327922e-01
3.16885890e-01	1.91056119e-01
3.17219455e-01	1.93720275e-01
3.17553019e-01	1.96317119e-01
3.17886583e-01	1.98841332e-01
3.18220147e-01	2.01286869e-01
3.18553711e-01	2.03648780e-01
3.18887275e-01	2.05925265e-01
3.19220839e-01	2.08119566e-01
3.19554403e-01	2.10241273e-01
3.19887967e-01	2.12306689e-01
3.20221531e-01	2.14338027e-01
3.20555095e-01	2.16361456e-01
3.20888660e-01	2.18404207e-01
3.21222224e-01	2.20491155e-01
3.21555788e-01	2.22641372e-01
3.21889352e-01	2.24865154e-01
3.22222916e-01	2.27161879e-01
3.22556480e-01	2.29518957e-01
3.22890044e-01	2.31911958e-01
3.23223608e-01	2.34305967e-01
3.23557172e-01	2.36658161e-01
3.23890736e-01	2.38921571e-01
3.24224301e-01	2.41049859e-01
3.24557865e-01	2.43002765e-01
3.24891429e-01	2.44751550e-01
3.25224993e-01	2.46283577e-01
3.25558557e-01	2.47605018e-01
3.25892121e-01	2.48740912e-01
3.26225685e-01	2.49732245e-01
3.26559249e-01	2.50630326e-01
3.26892813e-01	2.51489429e-01
3.27226377e-01	2.52359078e-01
3.27559941e-01	2.53277473e-01
3.27893506e-01	2.54267219e-01
3.28227070e-01	2.55333938e-01
3.28560634e-01	2.56467644e-01
3.28894198e-01	2.57646214e-01
3.29227762e-01	2.58839949e-01
3.29561326e-01	2.60016247e-01
3.29894890e-01	2.61143663e-01
3.30228454e-01	2.62194988e-01
3.30562018e-01	2.63149262e-01
3.30895582e-01	2.63992850e-01
3.31229147e-01	2.64719707e-01
3.31562711e-01	2.65330944e-01
3.31896275e-01	2.65833747e-01
3.32229839e-01	2.66239735e-01
3.32563403e-01	2.66562923e-01
3.32896967e-01	2.66817564e-01
3.33230531e-01	2.67016248e-01
3.33564095e-01	2.67168596e-01
3.33897659e-01	2.68013533e-01
