-8.00553828e-03	-0.00000000e+00
-7.67197419e-03	-1.17019081e-04
-7.33841009e-03	-3.71133731e-04
-7.00484600e-03	-9.69484421e-04
-6.67128190e-03	-2.32420307e-03
-6.33771781e-03	-5.27006377e-03
-6.00415371e-03	-1.14306313e-02
-5.67058962e-03	-2.38270915e-02
-5.33702552e-03	-4.78179308e-02
-5.00346143e-03	-9.24659504e-02
-4.66989733e-03	-1.72375551e-01
-4.33633324e-03	-3.09909821e-01
-4.00276914e-03	-5.37527552e-01
-3.66920505e-03	-8.99737859e-01
-3.33564095e-03	-1.45389599e+00
-3.00207686e-03	-2.26891815e+00
-2.66851276e-03	-3.42103619e+00
-2.33494867e-03	-4.98605231e+00
-2.00138457e-03	-7.02827885e+00
-1.66782048e-03	-9.58730541e+00
-1.33425638e-03	-1.26647291e+01
-1.00069229e-03	-1.62137014e+01
-6.67128190e-04	-2.01342043e+01
-3.33564095e-04	-2.42762358e+01
1.85165269e-18	-2.84515823e+01
3.33564095e-04	-3.24529241e+01
6.67128190e-04	-3.60772221e+01
1.00069229e-03	-3.91491904e+01
1.33425638e-03	-4.15405656e+01
1.66782048e-03	-4.31818779e+01
2.00138457e-03	-4.40651803e+01
2.33494867e-03	-4.42382036e+01
2.66851276e-03	-4.37920635e+01
3.00207686e-03	-4.28455817e+01
3.33564095e-03	-4.15293511e+01
3.66920505e-03	-3.99720230e+01
4.00276914e-03	-3.82902612e+01
4.33633324e-03	-3.65827298e+01
4.66989733e-03	-3.49276530e+01
5.00346143e-03	-3.33830291e+01
5.33702552e-03	-3.19884718e+01
5.67058962e-03	-3.07678165e+01
6.00415371e-03	-2.97318868e+01
6.33771781e-03	-2.88810984e+01
6.67128190e-03	-2.82077744e+01
7.00484600e-03	-2.76981625e+01
7.33841009e-03	-2.73341869e+01
7.67197419e-03	-2.70949602e+01
8.00553828e-03	-2.69580675e+01
8.33910238e-03	-2.69006257e+01
8.67266648e-03	-2.69001190e+01
9.00623057e-03	-2.69350337e+01
9.33979467e-03	-2.69853187e+01
9.67335876e-03	-2.70327149e+01
1.00069229e-02	-2.70609878e+01
1.03404870e-02	-2.70560898e+01
1.06740510e-02	-2.70062659e+01
1.10076151e-02	-2.69020983e+01
1.13411792e-02	-2.67364794e+01
1.16747433e-02	-2.65044977e+01
1.20083074e-02	-2.62032210e+01
1.23418715e-02	-2.58313702e+01
1.26754356e-02	-2.53888863e+01
1.30089997e-02	-2.48764106e+01
1.33425638e-02	-2.42947157e+01
1.36761279e-02	-2.36441454e+01
1.40096920e-02	-2.29241445e+01
1.43432561e-02	-2.21329750e+01
1.46768202e-02	-2.12677286e+01
1.50103843e-02	-2.03247413e+01
1.53439484e-02	-1.93004969e+01
1.56775125e-02	-1.81930519e+01
1.60110766e-02	-1.70039362e+01
1.63446407e-02	-1.57403679e+01
1.66782048e-02	-1.44174915e+01
1.70117689e-02	-1.30602244e+01
1.73453330e-02	-1.17042163e+01
1.76788970e-02	-1.03954296e+01
1.80124611e-02	-9.18796588e+00
1.83460252e-02	-8.14001686e+00
1.86795893e-02	-7.30817220e+00
1.90131534e-02	-6.74072624e+00
1.93467175e-02	-6.47098337e+00
1.96802816e-02	-6.51176812e+00
2.00138457e-02	-6.85230275e+00
2.03474098e-02	-7.45828783e+00
2.06809739e-02	-8.27544232e+00
2.10145380e-02	-9.23605299e+00
2.13481021e-02	-1.02674212e+01
2.16816662e-02	-1.13006646e+01
2.20152303e-02	-1.22782642e+01
2.23487944e-02	-1.31590692e+01
2.26823585e-02	-1.39201070e+01
2.30159226e-02	-1.45552903e+01
2.33494867e-02	-1.50717775e+01
2.36830508e-02	-1.54851273e+01
2.40166149e-02	-1.58144306e+01
2.43501789e-02	-1.60783394e+01
2.46837430e-02	-1.62924711e+01
2.50173071e-02	-1.64682184e+01
2.53508712e-02	-1.66126755e+01
2.56844353e-02	-1.67292569e+01
2.60179994e-02	-1.68186172e+01
2.63515635e-02	-1.68796098e+01
2.66851276e-02	-1.69101549e+01
2.70186917e-02	-1.69079777e+01
2.73522558e-02	-1.68712045e+01
2.76858199e-02	-1.67987970e+01
2.80193840e-02	-1.66907909e+01
2.83529481e-02	-1.65483188e+01
2.86865122e-02	-1.63734283e+01
2.90200763e-02	-1.61687564e+01
2.93536404e-02	-1.59371528e+01
2.96872045e-02	-1.56813525e+01
3.00207686e-02	-1.54037702e+01
3.03543327e-02	-1.51064464e+01
3.06878968e-02	-1.47911216e+01
3.10214609e-02	-1.44593838e+01
3.13550249e-02	-1.41128175e+01
3.16885890e-02	-1.37530984e+01
3.20221531e-02	-1.33820045e+01
3.23557172e-02	-1.30013503e+01
3.26892813e-02	-1.26128781e+01
3.30228454e-02	-1.22181484e+01
3.33564095e-02	-1.18184703e+01
3.36899736e-02	-1.14148877e+01
3.40235377e-02	-1.10082210e+01
3.43571018e-02	-1.05991440e+01
3.46906659e-02	-1.01882695e+01
3.50242300e-02	-9.77622555e+00
3.53577941e-02	-9.36371135e+00
3.56913582e-02	-8.95153870e+00
3.60249223e-02	-8.54066482e+00
3.63584864e-02	-8.13222393e+00
3.66920505e-02	-7.72755652e+00
3.70256146e-02	-7.32822728e+00
3.73591787e-02	-6.93601835e+00
3.76927428e-02	-6.55288540e+00
3.80263069e-02	-6.18087187e+00
3.83598709e-02	-5.82198647e+00
3.86934350e-02	-5.47805902e+00
3.90269991e-02	-5.15059596e+00
3.93605632e-02	-4.84065890e+00
3.96941273e-02	-4.54878622e+00
4.00276914e-02	-4.27496981e+00
4.03612555e-02	-4.01868903e+00
4.06948196e-02	-3.77899401e+00
4.10283837e-02	-3.55462286e+00
4.13619478e-02	-3.34413301e+00
4.16955119e-02	-3.14602777e+00
4.20290760e-02	-2.95886331e+00
4.23626401e-02	-2.78132793e+00
4.26962042e-02	-2.61229163e+00
4.30297683e-02	-2.45082835e+00
4.33633324e-02	-2.29621502e+00
4.36968965e-02	-2.14791181e+00
4.40304606e-02	-2.00552639e+00
4.43640247e-02	-1.86876432e+00
4.46975888e-02	-1.73736883e+00
4.50311529e-02	-1.61105587e+00
4.53647169e-02	-1.48945349e+00
4.56982810e-02	-1.37205621e+00
4.60318451e-02	-1.25820543e+00
4.63654092e-02	-1.14710311e+00
4.66989733e-02	-1.03786032e+00
4.70325374e-02	-9.29573576e-01
4.73661015e-02	-8.21414384e-01
4.76996656e-02	-7.12713361e-01
4.80332297e-02	-6.03019605e-01
4.83667938e-02	-4.92121349e-01
4.87003579e-02	-3.80023774e-01
4.90339220e-02	-2.66892001e-01
4.93674861e-02	-1.52977664e-01
4.97010502e-02	-3.85527291e-02
5.00346143e-02	7.61278627e-02
5.03681784e-02	1.90822645e-01
5.07017425e-02	3.05261435e-01
5.10353066e-02	4.19080874e-01
5.13688707e-02	5.31762999e-01
5.17024348e-02	6.42602563e-01
5.20359989e-02	7.50719942e-01
5.23695629e-02	8.55122018e-01
5.27031270e-02	9.54797857e-01
5.30366911e-02	1.04882553e+00
5.33702552e-02	1.13646428e+00
5.37038193e-02	1.21721260e+00
5.40373834e-02	1.29082496e+00
5.43709475e-02	1.35729220e+00
5.47045116e-02	1.41679980e+00
5.50380757e-02	1.46968039e+00
5.53716398e-02	1.51637320e+00
5.57052039e-02	1.55739575e+00
5.60387680e-02	1.59332660e+00
5.63723321e-02	1.62479336e+00
5.67058962e-02	1.65246032e+00
5.70394603e-02	1.67701315e+00
5.73730244e-02	1.69914206e+00
5.77065885e-02	1.71952752e+00
5.80401526e-02	1.73883231e+00
5.83737167e-02	1.75770137e+00
5.87072808e-02	1.77676734e+00
5.90408449e-02	1.79665714e+00
5.93744089e-02	1.81799390e+00
5.97079730e-02	1.84139085e+00
6.00415371e-02	1.86743691e+00
6.03751012e-02	1.89667666e+00
6.07086653e-02	1.92958876e+00
6.10422294e-02	1.96656699e+00
6.13757935e-02	2.00790639e+00
6.17093576e-02	2.05379509e+00
6.20429217e-02	2.10431156e+00
6.23764858e-02	2.15942668e+00
6.27100499e-02	2.21901034e+00
6.30436140e-02	2.28284264e+00
6.33771781e-02	2.35062895e+00
6.37107422e-02	2.42201814e+00
6.40443063e-02	2.49662191e+00
6.43778704e-02	2.57403346e+00
6.47114345e-02	2.65384420e+00
6.50449986e-02	2.73565776e+00
6.53785627e-02	2.81910125e+00
6.57121268e-02	2.90383378e+00
6.60456908e-02	2.98955206e+00
6.63792549e-02	3.07599294e+00
6.67128190e-02	3.16293330e+00
6.70463831e-02	3.25018876e+00
6.73799472e-02	3.33761297e+00
6.77135113e-02	3.42509870e+00
6.80470754e-02	3.51258062e+00
6.83806395e-02	3.60003813e+00
6.87142036e-02	3.68749536e+00
6.90477677e-02	3.77501489e+00
6.93813318e-02	3.86268346e+00
6.97148959e-02	3.95058993e+00
7.00484600e-02	4.03879759e+00
7.03820241e-02	4.12731441e+00
7.07155882e-02	4.21606471e+00
7.10491523e-02	4.30486568e+00
7.13827164e-02	4.39341108e+00
7.17162805e-02	4.48126342e+00
7.20498446e-02	4.56785563e+00
7.23834087e-02	4.65250254e+00
7.27169728e-02	4.73442202e+00
7.30505368e-02	4.81276486e+00
7.33841009e-02	4.88665228e+00
7.37176650e-02	4.95521890e+00
7.40512291e-02	5.01765941e+00
7.43847932e-02	5.07327634e+00
7.47183573e-02	5.12152658e+00
7.50519214e-02	5.16206377e+00
7.53854855e-02	5.19477355e+00
7.57190496e-02	5.21979871e+00
7.60526137e-02	5.23755082e+00
7.63861778e-02	5.24870580e+00
7.67197419e-02	5.25418103e+00
7.70533060e-02	5.25509309e+00
7.73868701e-02	5.25269662e+00
7.77204342e-02	5.24830676e+00
7.80539983e-02	5.24320987e+00
7.83875624e-02	5.23857005e+00
7.87211265e-02	5.23534058e+00
7.90546906e-02	5.23419040e+00
7.93882547e-02	5.23545530e+00
7.97218188e-02	5.23912111e+00
8.00553828e-02	5.24484288e+00
8.03889469e-02	5.25199877e+00
8.07225110e-02	5.25977301e+00
8.10560751e-02	5.26725744e+00
8.13896392e-02	5.27355863e+00
8.17232033e-02	5.27789673e+00
8.20567674e-02	5.27968298e+00
8.23903315e-02	5.27856690e+00
8.27238956e-02	5.27444861e+00
8.30574597e-02	5.26745762e+00
8.33910238e-02	5.25790456e+00
8.37245879e-02	5.24621590e+00
8.40581520e-02	5.23286416e+00
8.43917161e-02	5.21830490e+00
8.47252802e-02	5.20292986e+00
8.50588443e-02	5.18704138e+00
8.53924084e-02	5.17084825e+00
8.57259725e-02	5.15447942e+00
8.60595366e-02	5.13800818e+00
8.63931007e-02	5.12147882e+00
8.67266648e-02	5.10492799e+00
8.70602288e-02	5.08839569e+00
8.73937929e-02	5.07192434e+00
8.77273570e-02	5.05554841e+00
8.80609211e-02	5.03927966e+00
8.83944852e-02	5.02309457e+00
8.87280493e-02	5.00692938e+00
8.90616134e-02	4.99068583e+00
8.93951775e-02	4.97424742e+00
8.97287416e-02	4.95750219e+00
9.00623057e-02	4.94036627e+00
9.03958698e-02	4.92280125e+00
9.07294339e-02	4.90482043e+00
9.10629980e-02	4.88648146e+00
9.13965621e-02	4.86786639e+00
9.17301262e-02	4.84905370e+00
9.20636903e-02	4.83008832e+00
9.23972544e-02	4.81095701e+00
9.27308185e-02	4.79157439e+00
9.30643826e-02	4.77178300e+00
9.33979467e-02	4.75136738e+00
9.37315108e-02	4.73007953e+00
9.40650748e-02	4.70767077e+00
9.43986389e-02	4.68392414e+00
9.47322030e-02	4.65868178e+00
9.50657671e-02	4.63186247e+00
9.53993312e-02	4.60346718e+00
9.57328953e-02	4.57357208e+00
9.60664594e-02	4.54231129e+00
9.64000235e-02	4.50985306e+00
9.67335876e-02	4.47637431e+00
9.70671517e-02	4.44203808e+00
9.74007158e-02	4.40697749e+00
9.77342799e-02	4.37128796e+00
9.80678440e-02	4.33502741e+00
9.84014081e-02	4.29822212e+00
9.87349722e-02	4.26087563e+00
9.90685363e-02	4.22297768e+00
9.94021004e-02	4.18451164e+00
9.97356645e-02	4.14545979e+00
1.00069229e-01	4.10580694e+00
1.00402793e-01	4.06554378e+00
1.00736357e-01	4.02467078e+00
1.01069921e-01	3.98320274e+00
1.01403485e-01	3.94117313e+00
1.01737049e-01	3.89863648e+00
1.02070613e-01	3.85566740e+00
1.02404177e-01	3.81235514e+00
1.02737741e-01	3.76879412e+00
1.03071305e-01	3.72507222e+00
1.03404870e-01	3.68125945e+00
1.03738434e-01	3.63740022e+00
1.04071998e-01	3.59351133e+00
1.04405562e-01	3.54958642e+00
1.04739126e-01	3.50560584e+00
1.05072690e-01	3.46154911e+00
1.05406254e-01	3.41740668e+00
1.05739818e-01	3.37318735e+00
1.06073382e-01	3.32891988e+00
1.06406946e-01	3.28464805e+00
1.06740510e-01	3.24042058e+00
1.07074075e-01	3.19627893e+00
1.07407639e-01	3.15224593e+00
1.07741203e-01	3.10831821e+00
1.08074767e-01	3.06446471e+00
1.08408331e-01	3.02063104e+00
1.08741895e-01	2.97674948e+00
1.09075459e-01	2.93275210e+00
1.09409023e-01	2.88858404e+00
1.09742587e-01	2.84421411e+00
1.10076151e-01	2.79963942e+00
1.10409716e-01	2.75488244e+00
1.10743280e-01	2.70998036e+00
1.11076844e-01	2.66496807e+00
1.11410408e-01	2.61985865e+00
1.11743972e-01	2.57462571e+00
1.12077536e-01	2.52919264e+00
1.12411100e-01	2.48343229e+00
1.12744664e-01	2.43717839e+00
1.13078228e-01	2.39024721e+00
1.13411792e-01	2.34246511e+00
1.13745356e-01	2.29369636e+00
1.14078921e-01	2.24386507e+00
1.14412485e-01	2.19296664e+00
1.14746049e-01	2.14106673e+00
1.15079613e-01	2.08828864e+00
1.15413177e-01	2.03479245e+00
1.15746741e-01	1.98075110e+00
1.16080305e-01	1.92632815e+00
1.16413869e-01	1.87166152e+00
1.16747433e-01	1.81685541e+00
1.17080997e-01	1.76198070e+00
1.17414562e-01	1.70708250e+00
1.17748126e-01	1.65219247e+00
1.18081690e-01	1.59734254e+00
1.18415254e-01	1.54257704e+00
1.18748818e-01	1.48796070e+00
1.19082382e-01	1.43358039e+00
1.19415946e-01	1.37954042e+00
1.19749510e-01	1.32595174e+00
1.20083074e-01	1.27291696e+00
1.20416638e-01	1.22051426e+00
1.20750202e-01	1.16878333e+00
1.21083767e-01	1.11771683e+00
1.21417331e-01	1.06725946e+00
1.21750895e-01	1.01731541e+00
1.22084459e-01	9.67762964e-01
1.22418023e-01	9.18473492e-01
1.22751587e-01	8.69330903e-01
1.23085151e-01	8.20247540e-01
1.23418715e-01	7.71173368e-01
1.23752279e-01	7.22097247e-01
1.24085843e-01	6.73040803e-01
1.24419408e-01	6.24047346e-01
1.24752972e-01	5.75169338e-01
1.25086536e-01	5.26457593e-01
1.25420100e-01	4.77954570e-01
1.25753664e-01	4.29692672e-01
1.26087228e-01	3.81696714e-01
1.26420792e-01	3.33988778e-01
1.26754356e-01	2.86593341e-01
1.27087920e-01	2.39540634e-01
1.27421484e-01	1.92867032e-01
1.27755048e-01	1.46612349e-01
1.28088613e-01	1.00814876e-01
1.28422177e-01	5.55055478e-02
1.28755741e-01	1.07027599e-02
1.29089305e-01	-3.35904217e-02
1.29422869e-01	-7.73854586e-02
1.29756433e-01	-1.20703877e-01
1.30089997e-01	-1.63569689e-01
1.30423561e-01	-2.06000091e-01
1.30757125e-01	-2.47996931e-01
1.31090689e-01	-2.89541199e-01
1.31424254e-01	-3.30591807e-01
1.31757818e-01	-3.71088982e-01
1.32091382e-01	-4.10961048e-01
1.32424946e-01	-4.50132059e-01
1.32758510e-01	-4.88527889e-01
1.33092074e-01	-5.26079120e-01
1.33425638e-01	-5.62720488e-01
1.33759202e-01	-5.98388375e-01
1.34092766e-01	-6.33018862e-01
1.34426330e-01	-6.66548588e-01
1.34759894e-01	-6.98919716e-01
1.35093459e-01	-7.30088505e-01
1.35427023e-01	-7.60035044e-01
1.35760587e-01	-7.88770680e-01
1.36094151e-01	-8.16339841e-01
1.36427715e-01	-8.42814227e-01
1.36761279e-01	-8.68279792e-01
1.37094843e-01	-8.92819630e-01
1.37428407e-01	-9.16497513e-01
1.37761971e-01	-9.39346847e-01
1.38095535e-01	-9.61368286e-01
1.38429100e-01	-9.82536470e-01
1.38762664e-01	-1.00281335e+00
1.39096228e-01	-1.02216354e+00
1.39429792e-01	-1.04056679e+00
1.39763356e-01	-1.05802411e+00
1.40096920e-01	-1.07455662e+00
1.40430484e-01	-1.09019875e+00
1.40764048e-01	-1.10498943e+00
1.41097612e-01	-1.11896518e+00
1.41431176e-01	-1.13215792e+00
1.41764740e-01	-1.14459794e+00
1.42098305e-01	-1.15632002e+00
1.42431869e-01	-1.16736976e+00
1.42765433e-01	-1.17780703e+00
1.43098997e-01	-1.18770511e+00
1.43432561e-01	-1.19714538e+00
1.43766125e-01	-1.20620947e+00
1.44099689e-01	-1.21497098e+00
1.44433253e-01	-1.22348842e+00
1.44766817e-01	-1.23180031e+00
1.45100381e-01	-1.23992222e+00
1.45433946e-01	-1.24784529e+00
1.45767510e-01	-1.25553582e+00
1.46101074e-01	-1.26293695e+00
1.46434638e-01	-1.26997344e+00
1.46768202e-01	-1.27656065e+00
1.47101766e-01	-1.28261715e+00
1.47435330e-01	-1.28807878e+00
1.47768894e-01	-1.29291042e+00
1.48102458e-01	-1.29711185e+00
1.48436022e-01	-1.30071535e+00
1.48769586e-01	-1.30377527e+00
1.49103151e-01	-1.30635309e+00
1.49436715e-01	-1.30850264e+00
1.49770279e-01	-1.31026066e+00
1.50103843e-01	-1.31164554e+00
1.50437407e-01	-1.31266409e+00
1.50770971e-01	-1.31332334e+00
1.51104535e-01	-1.31364239e+00
1.51438099e-01	-1.31366002e+00
1.51771663e-01	-1.31343578e+00
1.52105227e-01	-1.31304439e+00
1.52438792e-01	-1.31256613e+00
1.52772356e-01	-1.31207609e+00
1.53105920e-01	-1.31163512e+00
1.53439484e-01	-1.31128370e+00
1.53773048e-01	-1.31103892e+00
1.54106612e-01	-1.31089374e+00
1.54440176e-01	-1.31081834e+00
1.54773740e-01	-1.31076343e+00
1.55107304e-01	-1.31066634e+00
1.55440868e-01	-1.31045998e+00
1.55774432e-01	-1.31008397e+00
1.56107997e-01	-1.30949589e+00
1.56441561e-01	-1.30867956e+00
1.56775125e-01	-1.30764740e+00
1.57108689e-01	-1.30643548e+00
1.57442253e-01	-1.30509187e+00
1.57775817e-01	-1.30366155e+00
1.58109381e-01	-1.30217252e+00
1.58442945e-01	-1.30062774e+00
1.58776509e-01	-1.29900540e+00
1.59110073e-01	-1.29726709e+00
1.59443638e-01	-1.29537063e+00
1.59777202e-01	-1.29328316e+00
1.60110766e-01	-1.29099042e+00
1.60444330e-01	-1.28849981e+00
1.60777894e-01	-1.28583757e+00
1.61111458e-01	-1.28304230e+00
1.61445022e-01	-1.28015778e+00
1.61778586e-01	-1.27722762e+00
1.62112150e-01	-1.27429237e+00
1.62445714e-01	-1.27138843e+00
1.62779278e-01	-1.26854727e+00
1.63112843e-01	-1.26579379e+00
1.63446407e-01	-1.26314407e+00
1.63779971e-01	-1.26060355e+00
1.64113535e-01	-1.25816722e+00
1.64447099e-01	-1.25582257e+00
1.64780663e-01	-1.25355520e+00
1.65114227e-01	-1.25135517e+00
1.65447791e-01	-1.24922191e+00
1.65781355e-01	-1.24716580e+00
1.66114919e-01	-1.24520592e+00
1.66448484e-01	-1.24336532e+00
1.66782048e-01	-1.24166577e+00
1.67115612e-01	-1.24012439e+00
1.67449176e-01	-1.23875322e+00
1.67782740e-01	-1.23756179e+00
1.68116304e-01	-1.23656148e+00
1.68449868e-01	-1.23576995e+00
1.68783432e-01	-1.23521407e+00
1.69116996e-01	-1.23493087e+00
1.69450560e-01	-1.23496622e+00
1.69784124e-01	-1.23537165e+00
1.70117689e-01	-1.23619961e+00
1.70451253e-01	-1.23749771e+00
1.70784817e-01	-1.23930260e+00
1.71118381e-01	-1.24163424e+00
1.71451945e-01	-1.24449148e+00
1.71785509e-01	-1.24785019e+00
1.72119073e-01	-1.25166462e+00
1.72452637e-01	-1.25587210e+00
1.72786201e-01	-1.26040027e+00
1.73119765e-01	-1.26517543e+00
1.73453330e-01	-1.27013008e+00
1.73786894e-01	-1.27520807e+00
1.74120458e-01	-1.28036657e+00
1.74454022e-01	-1.28557485e+00
1.74787586e-01	-1.29081046e+00
1.75121150e-01	-1.29605381e+00
1.75454714e-01	-1.30128245e+00
1.75788278e-01	-1.30646618e+00
1.76121842e-01	-1.31156407e+00
1.76455406e-01	-1.31652423e+00
1.76788970e-01	-1.32128696e+00
1.77122535e-01	-1.32579128e+00
1.77456099e-01	-1.32998399e+00
1.77789663e-01	-1.33382979e+00
1.78123227e-01	-1.33732009e+00
1.78456791e-01	-1.34047853e+00
1.78790355e-01	-1.34336129e+00
1.79123919e-01	-1.34605145e+00
1.79457483e-01	-1.34864821e+00
1.79791047e-01	-1.35125271e+00
1.80124611e-01	-1.35395349e+00
1.80458176e-01	-1.35681424e+00
1.80791740e-01	-1.35986631e+00
1.81125304e-01	-1.36310670e+00
1.81458868e-01	-1.36650169e+00
1.81792432e-01	-1.36999485e+00
1.82125996e-01	-1.37351747e+00
1.82459560e-01	-1.37699944e+00
1.82793124e-01	-1.38037872e+00
1.83126688e-01	-1.38360830e+00
1.83460252e-01	-1.38665972e+00
1.83793816e-01	-1.38952264e+00
1.84127381e-01	-1.39220103e+00
1.84460945e-01	-1.39470652e+00
1.84794509e-01	-1.39705072e+00
1.85128073e-01	-1.39923821e+00
1.85461637e-01	-1.40126203e+00
1.85795201e-01	-1.40310334e+00
1.86128765e-01	-1.40473534e+00
1.86462329e-01	-1.40613029e+00
1.86795893e-01	-1.40726723e+00
1.87129457e-01	-1.40813785e+00
1.87463022e-01	-1.40874859e+00
1.87796586e-01	-1.40911825e+00
1.88130150e-01	-1.40927209e+00
1.88463714e-01	-1.40923407e+00
1.88797278e-01	-1.40901992e+00
1.89130842e-01	-1.40863254e+00
1.89464406e-01	-1.40806047e+00
1.89797970e-01	-1.40727865e+00
1.90131534e-01	-1.40625080e+00
1.90465098e-01	-1.40493245e+00
1.90798662e-01	-1.40327436e+00
1.91132227e-01	-1.40122618e+00
1.91465791e-01	-1.39874050e+00
1.91799355e-01	-1.39577695e+00
1.92132919e-01	-1.39230569e+00
1.92466483e-01	-1.38830924e+00
1.92800047e-01	-1.38378187e+00
1.93133611e-01	-1.37872648e+00
1.93467175e-01	-1.37315032e+00
1.93800739e-01	-1.36706065e+00
1.94134303e-01	-1.36046206e+00
1.94467868e-01	-1.35335635e+00
1.94801432e-01	-1.34574489e+00
1.95134996e-01	-1.33763257e+00
1.95468560e-01	-1.32903180e+00
1.95802124e-01	-1.31996482e+00
1.96135688e-01	-1.31046390e+00
1.96469252e-01	-1.30056920e+00
1.96802816e-01	-1.29032514e+00
1.97136380e-01	-1.27977623e+00
1.97469944e-01	-1.26896367e+00
1.97803508e-01	-1.25792317e+00
1.98137073e-01	-1.24668444e+00
1.98470637e-01	-1.23527159e+00
1.98804201e-01	-1.22370386e+00
1.99137765e-01	-1.21199607e+00
1.99471329e-01	-1.20015837e+00
1.99804893e-01	-1.18819521e+00
2.00138457e-01	-1.17610389e+00
2.00472021e-01	-1.16387333e+00
2.00805585e-01	-1.15148371e+00
2.01139149e-01	-1.13890703e+00
2.01472713e-01	-1.12610879e+00
2.01806278e-01	-1.11305045e+00
2.02139842e-01	-1.09969229e+00
2.02473406e-01	-1.08599629e+00
2.02806970e-01	-1.07192857e+00
2.03140534e-01	-1.05746148e+00
2.03474098e-01	-1.04257541e+00
2.03807662e-01	-1.02726066e+00
2.04141226e-01	-1.01151923e+00
2.04474790e-01	-9.95366445e-01
2.04808354e-01	-9.78831787e-01
2.05141919e-01	-9.61958262e-01
2.05475483e-01	-9.44799595e-01
2.05809047e-01	-9.27415012e-01
2.06142611e-01	-9.09862019e-01
2.06476175e-01	-8.92188470e-01
2.06809739e-01	-8.74425799e-01
2.07143303e-01	-8.56585358e-01
2.07476867e-01	-8.38659206e-01
2.07810431e-01	-8.20625443e-01
2.08143995e-01	-8.02456794e-01
2.08477559e-01	-7.84130056e-01
2.08811124e-01	-7.65633708e-01
2.09144688e-01	-7.46971575e-01
2.09478252e-01	-7.28161719e-01
2.09811816e-01	-7.09231356e-01
2.10145380e-01	-6.90209936e-01
2.10478944e-01	-6.71122931e-01
2.10812508e-01	-6.51988317e-01
2.11146072e-01	-6.32816448e-01
2.11479636e-01	-6.13612723e-01
2.11813200e-01	-5.94381439e-01
2.12146765e-01	-5.75128855e-01
2.12480329e-01	-5.55863914e-01
2.12813893e-01	-5.36596241e-01
2.13147457e-01	-5.17332403e-01
2.13481021e-01	-4.98072327e-01
2.13814585e-01	-4.78807809e-01
2.14148149e-01	-4.59524384e-01
2.14481713e-01	-4.40206559e-01
2.14815277e-01	-4.20844975e-01
2.15148841e-01	-4.01443138e-01
2.15482405e-01	-3.82021292e-01
2.15815970e-01	-3.62615918e-01
2.16149534e-01	-3.43274812e-01
2.16483098e-01	-3.24049137e-01
2.16816662e-01	-3.04984849e-01
2.17150226e-01	-2.86116029e-01
2.17483790e-01	-2.67461875e-01
2.17817354e-01	-2.49027688e-01
2.18150918e-01	-2.30808799e-01
2.18484482e-01	-2.12795537e-01
2.18818046e-01	-1.94977253e-01
2.19151611e-01	-1.77344087e-01
2.19485175e-01	-1.59886270e-01
2.19818739e-01	-1.42591908e-01
2.20152303e-01	-1.25444881e-01
2.20485867e-01	-1.08424453e-01
2.20819431e-01	-9.15073646e-02
2.21152995e-01	-7.46720639e-02
2.21486559e-01	-5.79037524e-02
2.21820123e-01	-4.11984201e-02
2.22153687e-01	-2.45642953e-02
2.22487251e-01	-8.02000896e-03
2.22820816e-01	8.41008569e-03
2.23154380e-01	2.47020521e-02
2.23487944e-01	4.08381474e-02
2.23821508e-01	5.68105531e-02
2.24155072e-01	7.26220347e-02
2.24488636e-01	8.82834576e-02
2.24822200e-01	1.03808977e-01
2.25155764e-01	1.19210230e-01
2.25489328e-01	1.34490946e-01
2.25822892e-01	1.49643235e-01
2.26156457e-01	1.64646419e-01
2.26490021e-01	1.79468801e-01
2.26823585e-01	1.94072195e-01
2.27157149e-01	2.08418539e-01
2.27490713e-01	2.22477492e-01
2.27824277e-01	2.36233583e-01
2.28157841e-01	2.49691339e-01
2.28491405e-01	2.62877012e-01
2.28824969e-01	2.75836081e-01
2.29158533e-01	2.88626579e-01
2.29492097e-01	3.01309332e-01
2.29825662e-01	3.13937049e-01
2.30159226e-01	3.26544699e-01
2.30492790e-01	3.39143340e-01
2.30826354e-01	3.51718694e-01
2.31159918e-01	3.64234456e-01
2.31493482e-01	3.76639110e-01
2.31827046e-01	3.88874182e-01
2.32160610e-01	4.00881735e-01
2.32494174e-01	4.12609509e-01
2.32827738e-01	4.24013213e-01
2.33161303e-01	4.35056533e-01
2.33494867e-01	4.45710044e-01
2.33828431e-01	4.55950278e-01
2.34161995e-01	4.65759732e-01
2.34495559e-01	4.75127951e-01
2.34829123e-01	4.84053156e-01
2.35162687e-01	4.92543643e-01
2.35496251e-01	5.00618194e-01
2.35829815e-01	5.08305169e-01
2.36163379e-01	5.15640315e-01
2.36496943e-01	5.22663646e-01
2.36830508e-01	5.29415874e-01
2.37164072e-01	5.35934858e-01
2.37497636e-01	5.42252408e-01
2.37831200e-01	5.48391772e-01
2.38164764e-01	5.54366136e-01
2.38498328e-01	5.60178476e-01
2.38831892e-01	5.65822973e-01
2.39165456e-01	5.71287853e-01
2.39499020e-01	5.76559098e-01
2.39832584e-01	5.81624130e-01
2.40166149e-01	5.86474390e-01
2.40499713e-01	5.91105959e-01
2.40833277e-01	5.95517939e-01
2.41166841e-01	5.99709155e-01
2.41500405e-01	6.03674430e-01
2.41833969e-01	6.07401947e-01
2.42167533e-01	6.10872880e-01
2.42501097e-01	6.14063717e-01
2.42834661e-01	6.16950708e-01
2.43168225e-01	6.19515176e-01
2.43501789e-01	6.21748138e-01
2.43835354e-01	6.23652989e-01
2.44168918e-01	6.25245751e-01
2.44502482e-01	6.26553252e-01
2.44836046e-01	6.27610197e-01
2.45169610e-01	6.28456246e-01
2.45503174e-01	6.29133826e-01
2.45836738e-01	6.29686775e-01
2.46170302e-01	6.30159410e-01
2.46503866e-01	6.30595331e-01
2.46837430e-01	6.31035423e-01
2.47170995e-01	6.31514935e-01
2.47504559e-01	6.32060037e-01
2.47838123e-01	6.32684685e-01
2.48171687e-01	6.33388729e-01
2.48505251e-01	6.34157948e-01
2.48838815e-01	6.34966230e-01
2.49172379e-01	6.35779557e-01
2.49505943e-01	6.36561100e-01
2.49839507e-01	6.37276457e-01
2.50173071e-01	6.37898103e-01
2.50506635e-01	6.38408287e-01
2.50840200e-01	6.38799907e-01
2.51173764e-01	6.39075325e-01
2.51507328e-01	6.39243408e-01
2.51840892e-01	6.39315505e-01
2.52174456e-01	6.39301245e-01
2.52508020e-01	6.39205103e-01
2.52841584e-01	6.39024467e-01
2.53175148e-01	6.38749517e-01
2.53508712e-01	6.38364763e-01
2.53842276e-01	6.37851612e-01
2.54175841e-01	6.37191129e-01
2.54509405e-01	6.36366249e-01
2.54842969e-01	6.35363023e-01
2.55176533e-01	6.34170978e-01
2.55510097e-01	6.32783122e-01
2.55843661e-01	6.31196364e-01
2.56177225e-01	6.29413006e-01
2.56510789e-01	6.27443467e-01
2.56844353e-01	6.25309705e-01
2.57177917e-01	6.23048134e-01
2.57511481e-01	6.20710511e-01
2.57845046e-01	6.18361541e-01
2.58178610e-01	6.16072666e-01
2.58512174e-01	6.13912654e-01
2.58845738e-01	6.11936623e-01
2.59179302e-01	6.10175908e-01
2.59512866e-01	6.08631270e-01
2.59846430e-01	6.07271370e-01
2.60179994e-01	6.06037224e-01
2.60513558e-01	6.04851951e-01
2.60847122e-01	6.03633826e-01
2.61180687e-01	6.02309944e-01
2.61514251e-01	6.00827771e-01
2.61847815e-01	5.99162489e-01
2.62181379e-01	5.97319041e-01
2.62514943e-01	5.95328969e-01
2.62848507e-01	5.93243142e-01
2.63182071e-01	5.91122181e-01
2.63515635e-01	5.89026533e-01
2.63849199e-01	5.87007960e-01
2.64182763e-01	5.85103618e-01
2.64516327e-01	5.83333241e-01
2.64849892e-01	5.81699304e-01
2.65183456e-01	5.80189597e-01
2.65517020e-01	5.78781365e-01
2.65850584e-01	5.77446105e-01
2.66184148e-01	5.76154129e-01
2.66517712e-01	5.74878180e-01
2.66851276e-01	5.73595616e-01
2.67184840e-01	5.72289048e-01
2.67518404e-01	5.70945634e-01
2.67851968e-01	5.69555554e-01
2.68185533e-01	5.68110378e-01
2.68519097e-01	5.66602006e-01
2.68852661e-01	5.65022634e-01
2.69186225e-01	5.63365858e-01
2.69519789e-01	5.61628646e-01
2.69853353e-01	5.59813583e-01
2.70186917e-01	5.57930697e-01
2.70520481e-01	5.55998178e-01
2.70854045e-01	5.54041608e-01
2.71187609e-01	5.52091614e-01
2.71521173e-01	5.50180252e-01
2.71854738e-01	5.48336626e-01
2.72188302e-01	5.46582420e-01
2.72521866e-01	5.44928048e-01
2.72855430e-01	5.43370111e-01
2.73188994e-01	5.41890705e-01
2.73522558e-01	5.40458839e-01
2.73856122e-01	5.39033834e-01
2.74189686e-01	5.37570178e-01
2.74523250e-01	5.36023049e-01
2.74856814e-01	5.34353592e-01
2.75190379e-01	5.32533152e-01
2.75523943e-01	5.30545885e-01
2.75857507e-01	5.28389559e-01
2.76191071e-01	5.26074700e-01
2.76524635e-01	5.23622469e-01
2.76858199e-01	5.21061741e-01
2.77191763e-01	5.18425755e-01
2.77525327e-01	5.15748660e-01
2.77858891e-01	5.13062173e-01
2.78192455e-01	5.10392614e-01
2.78526019e-01	5.07758574e-01
2.78859584e-01	5.05169491e-01
2.79193148e-01	5.02625330e-01
2.79526712e-01	5.00117437e-01
2.79860276e-01	4.97630434e-01
2.80193840e-01	4.95144860e-01
2.80527404e-01	4.92640098e-01
2.80860968e-01	4.90097132e-01
2.81194532e-01	4.87500662e-01
2.81528096e-01	4.84840304e-01
2.81861660e-01	4.82110779e-01
2.82195225e-01	4.79311207e-01
2.82528789e-01	4.76443798e-01
2.82862353e-01	4.73512276e-01
2.83195917e-01	4.70520388e-01
2.83529481e-01	4.67470800e-01
2.83863045e-01	4.64364564e-01
2.84196609e-01	4.61201214e-01
2.84530173e-01	4.57979409e-01
2.84863737e-01	4.54697878e-01
2.85197301e-01	4.51356399e-01
2.85530865e-01	4.47956507e-01
2.85864430e-01	4.44501808e-01
2.86197994e-01	4.40997891e-01
2.86531558e-01	4.37452024e-01
2.86865122e-01	4.33872784e-01
2.87198686e-01	4.30269767e-01
2.87532250e-01	4.26653305e-01
2.87865814e-01	4.23034060e-01
2.88199378e-01	4.19422313e-01
2.88532942e-01	4.15826935e-01
2.88866506e-01	4.12254232e-01
2.89200071e-01	4.08707115e-01
2.89533635e-01	4.05185083e-01
2.89867199e-01	4.01685374e-01
2.90200763e-01	3.98205223e-01
2.90534327e-01	3.94744673e-01
2.90867891e-01	3.91308991e-01
2.91201455e-01	3.87909666e-01
2.91535019e-01	3.84563284e-01
2.91868583e-01	3.81288244e-01
2.92202147e-01	3.78100008e-01
2.92535711e-01	3.75006210e-01
2.92869276e-01	3.72003127e-01
2.93202840e-01	3.69074710e-01
2.93536404e-01	3.66194645e-01
2.93869968e-01	3.63330977e-01
2.94203532e-01	3.60452132e-01
2.94537096e-01	3.57532765e-01
2.94870660e-01	3.54558054e-01
2.95204224e-01	3.51525515e-01
2.95537788e-01	3.48444218e-01
2.95871352e-01	3.45331923e-01
2.96204917e-01	3.42211119e-01
2.96538481e-01	3.39104991e-01
2.96872045e-01	3.36034154e-01
2.97205609e-01	3.33014562e-01
2.97539173e-01	3.30056627e-01
2.97872737e-01	3.27165247e-01
2.98206301e-01	3.24340331e-01
2.98539865e-01	3.21577444e-01
2.98873429e-01	3.18868370e-01
2.99206993e-01	3.16201560e-01
2.99540557e-01	3.13562635e-01
2.99874122e-01	3.10935112e-01
3.00207686e-01	3.08301517e-01
3.00541250e-01	3.05644906e-01
3.00874814e-01	3.02950637e-01
3.01208378e-01	3.00208118e-01
3.01541942e-01	2.97412146e-01
3.01875506e-01	2.94563493e-01
3.02209070e-01	2.91668542e-01
3.02542634e-01	2.88737951e-01
3.02876198e-01	2.85784534e-01
3.03209763e-01	2.82820717e-01
3.03543327e-01	2.79855988e-01
3.03876891e-01	2.76894789e-01
3.04210455e-01	2.73935172e-01
3.04544019e-01	2.70968431e-01
3.04877583e-01	2.67979766e-01
3.05211147e-01	2.64949919e-01
3.05544711e-01	2.61857587e-01
3.05878275e-01	2.58682327e-01
3.06211839e-01	2.55407556e-01
3.06545403e-01	2.52023242e-01
3.06878968e-01	2.48527870e-01
3.07212532e-01	2.44929351e-01
3.07546096e-01	2.41244654e-01
3.07879660e-01	2.37498146e-01
3.08213224e-01	2.33718754e-01
3.08546788e-01	2.29936287e-01
3.08880352e-01	2.26177373e-01
3.09213916e-01	2.22461568e-01
3.09547480e-01	2.18798253e-01
3.09881044e-01	2.15184895e-01
3.10214609e-01	2.11607124e-01
3.10548173e-01	2.08040831e-01
3.10881737e-01	2.04456126e-01
3.11215301e-01	2.00822559e-01
3.11548865e-01	1.97114628e-01
3.11882429e-01	1.93316384e-01
3.12215993e-01	1.89424012e-01
3.12549557e-01	1.85445701e-01
3.12883121e-01	1.81398729e-01
3.13216685e-01	1.77304457e-01
3.13550249e-01	1.73182489e-01
3.13883814e-01	1.69045449e-01
3.14217378e-01	1.64895699e-01
3.14550942e-01	1.60724672e-01
3.14884506e-01	1.56514817e-01
3.15218070e-01	1.52243453e-01
3.15551634e-01	1.47887397e-01
3.15885198e-01	1.43427263e-01
3.16218762e-01	1.38850564e-01
3.16552326e-01	1.34153282e-01
3.16885890e-01	1.29340001e-01
3.17219455e-01	1.24423022e-01
3.17553019e-01	1.19420964e-01
3.17886583e-01	1.14357258e-01
3.18220147e-01	1.09258744e-01
3.18553711e-01	1.04154419e-01
3.18887275e-01	9.90742275e-02
3.19220839e-01	9.40478230e-02
3.19554403e-01	8.91032140e-02
3.19887967e-01	8.42653197e-02
3.20221531e-01	7.95545171e-02
3.20555095e-01	7.49853256e-02
3.20888660e-01	7.05654205e-02
3.21222224e-01	6.62951740e-02
3.21555788e-01	6.21678691e-02
3.21889352e-01	5.81706114e-02
3.22222916e-01	5.42858019e-02
3.22556480e-01	5.04928949e-02
3.22890044e-01	4.67701132e-02
3.23223608e-01	4.30958763e-02
3.23557172e-01	3.94498752e-02
3.23890736e-01	3.58139285e-02
3.24224301e-01	3.21728754e-02
3.24557865e-01	2.85157211e-02
3.24891429e-01	2.48370531e-02
3.25224993e-01	2.11384616e-02
3.25558557e-01	1.74294849e-02
3.25892121e-01	1.37275604e-02
3.26225685e-01	1.00566414e-02
3.26559249e-01	6.44447573e-03
3.26892813e-01	2.91892714e-03
3.27226377e-01	-4.95984451e-04
3.27559941e-01	-3.78356680e-03
3.27893506e-01	-6.93684440e-03
3.28227070e-01	-9.95950656e-03
3.28560634e-01	-1.28653527e-02
3.28894198e-01	-1.56763987e-02
3.29227762e-01	-1.84199478e-02
3.29561326e-01	-2.11249882e-02
3.29894890e-01	-2.38183156e-02
3.30228454e-01	-2.65208391e-02
3.30562018e-01	-2.92445967e-02
3.30895582e-01	-3.19910193e-02
3.31229147e-01	-3.47508677e-02
3.31562711e-01	-3.75060046e-02
3.31896275e-01	-4.02327819e-02
3.32229839e-01	-4.29064276e-02
3.32563403e-01	-4.55055398e-02
3.32896967e-01	-4.80157488e-02
3.33230531e-01	-5.04318095e-02
3.33564095e-01	-5.27577887e-02
3.33897659e-01	-5.45728348e-02
