-8.00553828e-03	-0.00000000e+00
-7.67197419e-03	-1.55633906e-03
-7.33841009e-03	-5.30870762e-03
-7.00484600e-03	-1.41156343e-02
-6.67128190e-03	-3.42129606e-02
-6.33771781e-03	-7.82598888e-02
-6.00415371e-03	-1.71136290e-01
-5.67058962e-03	-3.59400347e-01
-5.33702552e-03	-7.26201528e-01
-5.00346143e-03	-1.41303312e+00
-4.66989733e-03	-2.64890967e+00
-4.33633324e-03	-4.78568780e+00
-4.00276914e-03	-8.33500721e+00
-3.66920505e-03	-1.39982583e+01
-3.33564095e-03	-2.26766383e+01
-3.00207686e-03	-3.54457621e+01
-2.66851276e-03	-5.34802392e+01
-2.33494867e-03	-7.79202022e+01
-2.00138457e-03	-1.09684337e+02
-1.66782048e-03	-1.49250987e+02
-1.33425638e-03	-1.96445887e+02
-1.00069229e-03	-2.50286274e+02
-6.67128190e-04	-3.08930362e+02
-3.33564095e-04	-3.69765720e+02
1.85165269e-18	-4.29641436e+02
3.33564095e-04	-4.85214229e+02
6.67128190e-04	-5.33348065e+02
1.00069229e-03	-5.71490400e+02
1.33425638e-03	-5.97951923e+02
1.66782048e-03	-6.12039755e+02
2.00138457e-03	-6.14029488e+02
2.33494867e-03	-6.04998177e+02
2.66851276e-03	-5.86568019e+02
3.00207686e-03	-5.60622188e+02
3.33564095e-03	-5.29049415e+02
3.66920505e-03	-4.93556528e+02
4.00276914e-03	-4.55565256e+02
4.33633324e-03	-4.16188236e+02
4.66989733e-03	-3.76264144e+02
5.00346143e-03	-3.36425095e+02
5.33702552e-03	-2.97170343e+02
5.67058962e-03	-2.58926463e+02
6.00415371e-03	-2.22083001e+02
6.33771781e-03	-1.87001445e+02
6.67128190e-03	-1.54002620e+02
7.00484600e-03	-1.23342085e+02
7.33841009e-03	-9.51845342e+01
7.67197419e-03	-6.95868239e+01
8.00553828e-03	-4.64958042e+01
8.33910238e-03	-2.57627736e+01
8.67266648e-03	-7.17219099e+00
9.00623057e-03	9.52074182e+00
9.33979467e-03	2.45504323e+01
9.67335876e-03	3.81057680e+01
1.00069229e-02	5.03047054e+01
1.03404870e-02	6.11817620e+01
1.06740510e-02	7.06895111e+01
1.10076151e-02	7.87132874e+01
1.13411792e-02	8.50967024e+01
1.16747433e-02	8.96742319e+01
1.20083074e-02	9.23061060e+01
1.23418715e-02	9.29101915e+01
1.26754356e-02	9.14857583e+01
1.30089997e-02	8.81251553e+01
1.33425638e-02	8.30114604e+01
1.36761279e-02	7.64027552e+01
1.40096920e-02	6.86062466e+01
1.43432561e-02	5.99473415e+01
1.46768202e-02	5.07395142e+01
1.50103843e-02	4.12602067e+01
1.53439484e-02	3.17362886e+01
1.56775125e-02	2.23402673e+01
1.60110766e-02	1.31960964e+01
1.63446407e-02	4.39160710e+00
1.66782048e-02	-4.00635350e+00
1.70117689e-02	-1.19379900e+01
1.73453330e-02	-1.93408981e+01
1.76788970e-02	-2.61463537e+01
1.80124611e-02	-3.22816406e+01
1.83460252e-02	-3.76770661e+01
1.86795893e-02	-4.22753266e+01
1.90131534e-02	-4.60405222e+01
1.93467175e-02	-4.89644295e+01
1.96802816e-02	-5.10685017e+01
2.00138457e-02	-5.24012197e+01
2.03474098e-02	-5.30315547e+01
2.06809739e-02	-5.30401260e+01
2.10145380e-02	-5.25099698e+01
2.13481021e-02	-5.15186519e+01
2.16816662e-02	-5.01328869e+01
2.20152303e-02	-4.84060814e+01
2.23487944e-02	-4.63785318e+01
2.26823585e-02	-4.40795467e+01
2.30159226e-02	-4.15305937e+01
2.33494867e-02	-3.87486703e+01
2.36830508e-02	-3.57493529e+01
2.40166149e-02	-3.25492875e+01
2.43501789e-02	-2.91681308e+01
2.46837430e-02	-2.56300890e+01
2.50173071e-02	-2.19652084e+01
2.53508712e-02	-1.82104956e+01
2.56844353e-02	-1.44108066e+01
2.60179994e-02	-1.06193182e+01
2.63515635e-02	-6.89730672e+00
2.66851276e-02	-3.31295627e+00
2.70186917e-02	6.10096480e-02
2.73522558e-02	3.15091342e+00
2.76858199e-02	5.88675379e+00
2.80193840e-02	8.20747220e+00
2.83529481e-02	1.00662466e+01
2.86865122e-02	1.14350865e+01
2.90200763e-02	1.23080127e+01
2.93536404e-02	1.27022503e+01
2.96872045e-02	1.26571384e+01
3.00207686e-02	1.22308016e+01
3.03543327e-02	1.14949716e+01
3.06878968e-02	1.05286160e+01
3.10214609e-02	9.41117340e+00
3.13550249e-02	8.21619500e+00
3.16885890e-02	7.00606626e+00
3.20221531e-02	5.82827797e+00
3.23557172e-02	4.71347972e+00
3.26892813e-02	3.67532574e+00
3.30228454e-02	2.71193773e+00
3.33564095e-02	1.80867402e+00
3.36899736e-02	9.41807234e-01
3.40235377e-02	8.26734928e-02
3.43571018e-02	-7.98140489e-01
3.46906659e-02	-1.72696138e+00
3.50242300e-02	-2.72385697e+00
3.53577941e-02	-3.80033864e+00
3.56913582e-02	-4.95804070e+00
3.60249223e-02	-6.18837469e+00
3.63584864e-02	-7.47307768e+00
3.66920505e-02	-8.78552273e+00
3.70256146e-02	-1.00926413e+01
3.73591787e-02	-1.13573047e+01
3.76927428e-02	-1.25410165e+01
3.80263069e-02	-1.36067587e+01
3.83598709e-02	-1.45218067e+01
3.86934350e-02	-1.52602837e+01
3.90269991e-02	-1.58051883e+01
3.93605632e-02	-1.61496213e+01
3.96941273e-02	-1.62969829e+01
4.00276914e-02	-1.62600306e+01
4.03612555e-02	-1.60588544e+01
4.06948196e-02	-1.57180261e+01
4.10283837e-02	-1.52633514e+01
4.13619478e-02	-1.47187527e+01
4.16955119e-02	-1.41038010e+01
4.20290760e-02	-1.34322808e+01
4.23626401e-02	-1.27119492e+01
4.26962042e-02	-1.19453816e+01
4.30297683e-02	-1.11315545e+01
4.33633324e-02	-1.02676683e+01
4.36968965e-02	-9.35069949e+00
4.40304606e-02	-8.37829857e+00
4.43640247e-02	-7.34887821e+00
4.46975888e-02	-6.26100392e+00
4.50311529e-02	-5.11242182e+00
4.53647169e-02	-3.89917487e+00
4.56982810e-02	-2.61523236e+00
4.60318451e-02	-1.25289906e+00
4.63654092e-02	1.95972409e-01
4.66989733e-02	1.73819138e+00
4.70325374e-02	3.37726902e+00
4.73661015e-02	5.11175253e+00
4.76996656e-02	6.93423672e+00
4.80332297e-02	8.83124211e+00
4.83667938e-02	1.07839098e+01
4.87003579e-02	1.27692520e+01
4.90339220e-02	1.47615857e+01
4.93674861e-02	1.67337913e+01
4.97010502e-02	1.86581775e+01
5.00346143e-02	2.05069326e+01
5.03681784e-02	2.22523409e+01
5.07017425e-02	2.38670553e+01
5.10353066e-02	2.53247203e+01
5.13688707e-02	2.66011148e+01
5.17024348e-02	2.76757910e+01
5.20359989e-02	2.85339885e+01
5.23695629e-02	2.91684626e+01
5.27031270e-02	2.95808410e+01
5.30366911e-02	2.97822008e+01
5.33702552e-02	2.97927180e+01
5.37038193e-02	2.96404185e+01
5.40373834e-02	2.93592050e+01
5.43709475e-02	2.89864055e+01
5.47045116e-02	2.85600994e+01
5.50380757e-02	2.81164357e+01
5.53716398e-02	2.76871155e+01
5.57052039e-02	2.72971900e+01
5.60387680e-02	2.69633346e+01
5.63723321e-02	2.66927810e+01
5.67058962e-02	2.64830965e+01
5.70394603e-02	2.63229439e+01
5.73730244e-02	2.61938456e+01
5.77065885e-02	2.60727979e+01
5.80401526e-02	2.59354032e+01
5.83737167e-02	2.57590420e+01
5.87072808e-02	2.55255618e+01
5.90408449e-02	2.52230298e+01
5.93744089e-02	2.48462782e+01
5.97079730e-02	2.43962217e+01
6.00415371e-02	2.38781803e+01
6.03751012e-02	2.32996331e+01
6.07086653e-02	2.26679180e+01
6.10422294e-02	2.19883571e+01
6.13757935e-02	2.12631558e+01
6.17093576e-02	2.04912302e+01
6.20429217e-02	1.96689182e+01
6.23764858e-02	1.87913632e+01
6.27100499e-02	1.78542559e+01
6.30436140e-02	1.68555816e+01
6.33771781e-02	1.57970501e+01
6.37107422e-02	1.46849595e+01
6.40443063e-02	1.35303643e+01
6.43778704e-02	1.23485454e+01
6.47114345e-02	1.11579151e+01
6.50449986e-02	9.97859287e+00
6.53785627e-02	8.83094194e+00
6.57121268e-02	7.73434114e+00
6.60456908e-02	6.70637653e+00
6.63792549e-02	5.76249859e+00
6.67128190e-02	4.91603972e+00
6.70463831e-02	4.17837312e+00
6.73799472e-02	3.55895919e+00
6.77135113e-02	3.06508267e+00
6.80470754e-02	2.70121676e+00
6.83806395e-02	2.46811407e+00
6.87142036e-02	2.36185998e+00
6.90477677e-02	2.37318581e+00
6.93813318e-02	2.48730390e+00
6.97148959e-02	2.68440995e+00
7.00484600e-02	2.94083641e+00
7.03820241e-02	3.23069190e+00
7.07155882e-02	3.52772419e+00
7.10491523e-02	3.80712663e+00
7.13827164e-02	4.04705795e+00
7.17162805e-02	4.22974256e+00
7.20498446e-02	4.34211995e+00
7.23834087e-02	4.37609145e+00
7.27169728e-02	4.32844983e+00
7.30505368e-02	4.20057774e+00
7.33841009e-02	3.99797413e+00
7.37176650e-02	3.72963810e+00
7.40512291e-02	3.40731775e+00
7.43847932e-02	3.04463352e+00
7.47183573e-02	2.65610383e+00
7.50519214e-02	2.25613415e+00
7.53854855e-02	1.85806048e+00
7.57190496e-02	1.47335803e+00
7.60526137e-02	1.11112164e+00
7.63861778e-02	7.77894667e-01
7.67197419e-02	4.77868166e-01
7.70533060e-02	2.13403037e-01
7.73868701e-02	-1.42383545e-02
7.77204342e-02	-2.04111042e-01
7.80539983e-02	-3.54925365e-01
7.83875624e-02	-4.64641749e-01
7.87211265e-02	-5.30393596e-01
7.90546906e-02	-5.48731085e-01
7.93882547e-02	-5.16106054e-01
7.97218188e-02	-4.29478877e-01
8.00553828e-02	-2.86923171e-01
8.03889469e-02	-8.81356220e-02
8.07225110e-02	1.65200692e-01
8.10560751e-02	4.69210728e-01
8.13896392e-02	8.17773831e-01
8.17232033e-02	1.20261373e+00
8.20567674e-02	1.61353514e+00
8.23903315e-02	2.03881153e+00
8.27238956e-02	2.46571799e+00
8.30574597e-02	2.88117345e+00
8.33910238e-02	3.27242494e+00
8.37245879e-02	3.62768590e+00
8.40581520e-02	3.93664572e+00
8.43917161e-02	4.19080144e+00
8.47252802e-02	4.38361018e+00
8.50588443e-02	4.51051070e+00
8.53924084e-02	4.56888618e+00
8.57259725e-02	4.55804021e+00
8.60595366e-02	4.47922317e+00
8.63931007e-02	4.33570432e+00
8.67266648e-02	4.13283869e+00
8.70602288e-02	3.87805682e+00
8.73937929e-02	3.58070493e+00
8.77273570e-02	3.25169123e+00
8.80609211e-02	2.90293449e+00
8.83944852e-02	2.54665477e+00
8.87280493e-02	2.19458354e+00
8.90616134e-02	1.85718774e+00
8.93951775e-02	1.54300507e+00
8.97287416e-02	1.25816361e+00
9.00623057e-02	1.00612955e+00
9.03958698e-02	7.87684841e-01
9.07294339e-02	6.01106978e-01
9.10629980e-02	4.42501817e-01
9.13965621e-02	3.06236589e-01
9.17301262e-02	1.85432070e-01
9.20636903e-02	7.24851732e-02
9.23972544e-02	-4.03913460e-02
9.27308185e-02	-1.60629030e-01
9.30643826e-02	-2.94788060e-01
9.33979467e-02	-4.48108268e-01
9.37315108e-02	-6.24181175e-01
9.40650748e-02	-8.24795281e-01
9.43986389e-02	-1.04999281e+00
9.47322030e-02	-1.29834179e+00
9.50657671e-02	-1.56739258e+00
9.53993312e-02	-1.85425201e+00
9.57328953e-02	-2.15618547e+00
9.60664594e-02	-2.47115245e+00
9.64000235e-02	-2.79818918e+00
9.67335876e-02	-3.13757906e+00
9.70671517e-02	-3.49078514e+00
9.74007158e-02	-3.86015761e+00
9.77342799e-02	-4.24846816e+00
9.80678440e-02	-4.65834887e+00
9.84014081e-02	-5.09172875e+00
9.87349722e-02	-5.54935494e+00
9.90685363e-02	-6.03046355e+00
9.94021004e-02	-6.53263373e+00
9.97356645e-02	-7.05182326e+00
1.00069229e-01	-7.58255745e+00
1.00402793e-01	-8.11822943e+00
1.00736357e-01	-8.65146777e+00
1.01069921e-01	-9.17453740e+00
1.01403485e-01	-9.67974927e+00
1.01737049e-01	-1.01598597e+01
1.02070613e-01	-1.06084411e+01
1.02404177e-01	-1.10202014e+01
1.02737741e-01	-1.13912247e+01
1.03071305e-01	-1.17191106e+01
1.03404870e-01	-1.20029976e+01
1.03738434e-01	-1.22434713e+01
1.04071998e-01	-1.24423787e+01
1.04405562e-01	-1.26025805e+01
1.04739126e-01	-1.27276839e+01
1.05072690e-01	-1.28217910e+01
1.05406254e-01	-1.28892888e+01
1.05739818e-01	-1.29346873e+01
1.06073382e-01	-1.29624984e+01
1.06406946e-01	-1.29771296e+01
1.06740510e-01	-1.29827695e+01
1.07074075e-01	-1.29832396e+01
1.07407639e-01	-1.29818107e+01
1.07741203e-01	-1.29809984e+01
1.08074767e-01	-1.29823756e+01
1.08408331e-01	-1.29864517e+01
1.08741895e-01	-1.29926633e+01
1.09075459e-01	-1.29995013e+01
1.09409023e-01	-1.30047709e+01
1.09742587e-01	-1.30059379e+01
1.10076151e-01	-1.30004967e+01
1.10409716e-01	-1.29862826e+01
1.10743280e-01	-1.29616675e+01
1.11076844e-01	-1.29256146e+01
1.11410408e-01	-1.28776009e+01
1.11743972e-01	-1.28174545e+01
1.12077536e-01	-1.27451634e+01
1.12411100e-01	-1.26607096e+01
1.12744664e-01	-1.25639576e+01
1.13078228e-01	-1.24546033e+01
1.13411792e-01	-1.23321655e+01
1.13745356e-01	-1.21959941e+01
1.14078921e-01	-1.20452785e+01
1.14412485e-01	-1.18790485e+01
1.14746049e-01	-1.16961807e+01
1.15079613e-01	-1.14954254e+01
1.15413177e-01	-1.12754767e+01
1.15746741e-01	-1.10350888e+01
1.16080305e-01	-1.07732351e+01
1.16413869e-01	-1.04892859e+01
1.16747433e-01	-1.01831741e+01
1.17080997e-01	-9.85551625e+00
1.17414562e-01	-9.50766538e+00
1.17748126e-01	-9.14168417e+00
1.18081690e-01	-8.76024531e+00
1.18415254e-01	-8.36648065e+00
1.18748818e-01	-7.96380951e+00
1.19082382e-01	-7.55577809e+00
1.19415946e-01	-7.14593388e+00
1.19749510e-01	-6.73774496e+00
1.20083074e-01	-6.33455973e+00
1.20416638e-01	-5.93959179e+00
1.20750202e-01	-5.55591094e+00
1.21083767e-01	-5.18642387e+00
1.21417331e-01	-4.83383542e+00
1.21750895e-01	-4.50058705e+00
1.22084459e-01	-4.18877466e+00
1.22418023e-01	-3.90005003e+00
1.22751587e-01	-3.63551127e+00
1.23085151e-01	-3.39559070e+00
1.23418715e-01	-3.17995378e+00
1.23752279e-01	-2.98742816e+00
1.24085843e-01	-2.81598569e+00
1.24419408e-01	-2.66279883e+00
1.24752972e-01	-2.52438382e+00
1.25086536e-01	-2.39682900e+00
1.25420100e-01	-2.27609004e+00
1.25753664e-01	-2.15831850e+00
1.26087228e-01	-2.04017989e+00
1.26420792e-01	-1.91911579e+00
1.26754356e-01	-1.79351121e+00
1.27087920e-01	-1.66274367e+00
1.27421484e-01	-1.52711042e+00
1.27755048e-01	-1.38765146e+00
1.28088613e-01	-1.24590283e+00
1.28422177e-01	-1.10362386e+00
1.28755741e-01	-9.62542843e-01
1.29089305e-01	-8.24154734e-01
1.29422869e-01	-6.89589381e-01
1.29756433e-01	-5.59553001e-01
1.30089997e-01	-4.34333604e-01
1.30423561e-01	-3.13855738e-01
1.30757125e-01	-1.97770701e-01
1.31090689e-01	-8.55695967e-02
1.31424254e-01	2.32939754e-02
1.31757818e-01	1.29287004e-01
1.32091382e-01	2.32704083e-01
1.32424946e-01	3.33616694e-01
1.32758510e-01	4.31876580e-01
1.33092074e-01	5.27172293e-01
1.33425638e-01	6.19122737e-01
1.33759202e-01	7.07379304e-01
1.34092766e-01	7.91704499e-01
1.34426330e-01	8.72002809e-01
1.34759894e-01	9.48296756e-01
1.35093459e-01	1.02066138e+00
1.35427023e-01	1.08914665e+00
1.35760587e-01	1.15372368e+00
1.36094151e-01	1.21428447e+00
1.36427715e-01	1.27070815e+00
1.36761279e-01	1.32298397e+00
1.37094843e-01	1.37136022e+00
1.37428407e-01	1.41647524e+00
1.37761971e-01	1.45942630e+00
1.38095535e-01	1.50174479e+00
1.38429100e-01	1.54527012e+00
1.38762664e-01	1.59194200e+00
1.39096228e-01	1.64355647e+00
1.39429792e-01	1.70154451e+00
1.39763356e-01	1.76683030e+00
1.40096920e-01	1.83980756e+00
1.40430484e-01	1.92044191e+00
1.40764048e-01	2.00847363e+00
1.41097612e-01	2.10366693e+00
1.41431176e-01	2.20603845e+00
1.41764740e-01	2.31600168e+00
1.42098305e-01	2.43438515e+00
1.42431869e-01	2.56231294e+00
1.42765433e-01	2.70096885e+00
1.43098997e-01	2.85129197e+00
1.43432561e-01	3.01366603e+00
1.43766125e-01	3.18766595e+00
1.44099689e-01	3.37191308e+00
1.44433253e-01	3.56407069e+00
1.44766817e-01	3.76098535e+00
1.45100381e-01	3.95895516e+00
1.45433946e-01	4.15408452e+00
1.45767510e-01	4.34267193e+00
1.46101074e-01	4.52157313e+00
1.46434638e-01	4.68848819e+00
1.46768202e-01	4.84213521e+00
1.47101766e-01	4.98229290e+00
1.47435330e-01	5.10971440e+00
1.47768894e-01	5.22593344e+00
1.48102458e-01	5.33299732e+00
1.48436022e-01	5.43316850e+00
1.48769586e-01	5.52863780e+00
1.49103151e-01	5.62128688e+00
1.49436715e-01	5.71252739e+00
1.49770279e-01	5.80323010e+00
1.50103843e-01	5.89374163e+00
1.50437407e-01	5.98397279e+00
1.50770971e-01	6.07353297e+00
1.51104535e-01	6.16188187e+00
1.51438099e-01	6.24847267e+00
1.51771663e-01	6.33286876e+00
1.52105227e-01	6.41482566e+00
1.52438792e-01	6.49433772e+00
1.52772356e-01	6.57165399e+00
1.53105920e-01	6.64726815e+00
1.53439484e-01	6.72188578e+00
1.53773048e-01	6.79637012e+00
1.54106612e-01	6.87166720e+00
1.54440176e-01	6.94871416e+00
1.54773740e-01	7.02833833e+00
1.55107304e-01	7.11116067e+00
1.55440868e-01	7.19751935e+00
1.55774432e-01	7.28742761e+00
1.56107997e-01	7.38057317e+00
1.56441561e-01	7.47635580e+00
1.56775125e-01	7.57394955e+00
1.57108689e-01	7.67236870e+00
1.57442253e-01	7.77051703e+00
1.57775817e-01	7.86720727e+00
1.58109381e-01	7.96115131e+00
1.58442945e-01	8.05093596e+00
1.58776509e-01	8.13500854e+00
1.59110073e-01	8.21169677e+00
1.59443638e-01	8.27927724e+00
1.59777202e-01	8.33608937e+00
1.60110766e-01	8.38067320e+00
1.60444330e-01	8.41189719e+00
1.60777894e-01	8.42904004e+00
1.61111458e-01	8.43180106e+00
1.61445022e-01	8.42023324e+00
1.61778586e-01	8.39461569e+00
1.62112150e-01	8.35530121e+00
1.62445714e-01	8.30258332e+00
1.62779278e-01	8.23662448e+00
1.63112843e-01	8.15747228e+00
1.63446407e-01	8.06516795e+00
1.63779971e-01	7.95992708e+00
1.64113535e-01	7.84235152e+00
1.64447099e-01	7.71361944e+00
1.64780663e-01	7.57559999e+00
1.65114227e-01	7.43085086e+00
1.65447791e-01	7.28247912e+00
1.65781355e-01	7.13387401e+00
1.66114919e-01	6.98834798e+00
1.66448484e-01	6.84874402e+00
1.66782048e-01	6.71707621e+00
1.67115612e-01	6.59426687e+00
1.67449176e-01	6.48002569e+00
1.67782740e-01	6.37289098e+00
1.68116304e-01	6.27042484e+00
1.68449868e-01	6.16952884e+00
1.68783432e-01	6.06682968e+00
1.69116996e-01	5.95907636e+00
1.69450560e-01	5.84349298e+00
1.69784124e-01	5.71804238e+00
1.70117689e-01	5.58157204e+00
1.70451253e-01	5.43383263e+00
1.70784817e-01	5.27537892e+00
1.71118381e-01	5.10737888e+00
1.71451945e-01	4.93136804e+00
1.71785509e-01	4.74898981e+00
1.72119073e-01	4.56175907e+00
1.72452637e-01	4.37087765e+00
1.72786201e-01	4.17711835e+00
1.73119765e-01	3.98078193e+00
1.73453330e-01	3.78172119e+00
1.73786894e-01	3.57941934e+00
1.74120458e-01	3.37310645e+00
1.74454022e-01	3.16189688e+00
1.74787586e-01	2.94493212e+00
1.75121150e-01	2.72151551e+00
1.75454714e-01	2.49122830e+00
1.75788278e-01	2.25401980e+00
1.76121842e-01	2.01026720e+00
1.76455406e-01	1.76080274e+00
1.76788970e-01	1.50690721e+00
1.77122535e-01	1.25026928e+00
1.77456099e-01	9.92911470e-01
1.77789663e-01	7.37085769e-01
1.78123227e-01	4.85145976e-01
1.78456791e-01	2.39408541e-01
1.78790355e-01	2.01795163e-03
1.79123919e-01	-2.25165831e-01
1.79457483e-01	-4.40643299e-01
1.79791047e-01	-6.43307479e-01
1.80124611e-01	-8.32434915e-01
1.80458176e-01	-1.00764766e+00
1.80791740e-01	-1.16886385e+00
1.81125304e-01	-1.31625397e+00
1.81458868e-01	-1.45021300e+00
1.81792432e-01	-1.57134842e+00
1.82125996e-01	-1.68047381e+00
1.82459560e-01	-1.77859282e+00
1.82793124e-01	-1.86686076e+00
1.83126688e-01	-1.94652031e+00
1.83460252e-01	-2.01882011e+00
1.83793816e-01	-2.08493623e+00
1.84127381e-01	-2.14592080e+00
1.84460945e-01	-2.20269753e+00
1.84794509e-01	-2.25611038e+00
1.85128073e-01	-2.30701288e+00
1.85461637e-01	-2.35636814e+00
1.85795201e-01	-2.40531948e+00
1.86128765e-01	-2.45519342e+00
1.86462329e-01	-2.50741089e+00
1.86795893e-01	-2.56330700e+00
1.87129457e-01	-2.62388763e+00
1.87463022e-01	-2.68957382e+00
1.87796586e-01	-2.75999604e+00
1.88130150e-01	-2.83389466e+00
1.88463714e-01	-2.90916280e+00
1.88797278e-01	-2.98303647e+00
1.89130842e-01	-3.05240468e+00
1.89464406e-01	-3.11418661e+00
1.89797970e-01	-3.16571029e+00
1.90131534e-01	-3.20503009e+00
1.90465098e-01	-3.23113529e+00
1.90798662e-01	-3.24402438e+00
1.91132227e-01	-3.24464318e+00
1.91465791e-01	-3.23470524e+00
1.91799355e-01	-3.21642685e+00
1.92132919e-01	-3.19221670e+00
1.92466483e-01	-3.16436286e+00
1.92800047e-01	-3.13475793e+00
1.93133611e-01	-3.10469787e+00
1.93467175e-01	-3.07478086e+00
1.93800739e-01	-3.04491870e+00
1.94134303e-01	-3.01445622e+00
1.94467868e-01	-2.98237687e+00
1.94801432e-01	-2.94755779e+00
1.95134996e-01	-2.90902929e+00
1.95468560e-01	-2.86619496e+00
1.95802124e-01	-2.81897876e+00
1.96135688e-01	-2.76788257e+00
1.96469252e-01	-2.71395752e+00
1.96802816e-01	-2.65870848e+00
1.97136380e-01	-2.60396053e+00
1.97469944e-01	-2.55171658e+00
1.97803508e-01	-2.50402815e+00
1.98137073e-01	-2.46288976e+00
1.98470637e-01	-2.43015621e+00
1.98804201e-01	-2.40747531e+00
1.99137765e-01	-2.39622711e+00
1.99471329e-01	-2.39746513e+00
1.99804893e-01	-2.41186162e+00
2.00138457e-01	-2.43966480e+00
2.00472021e-01	-2.48067913e+00
2.00805585e-01	-2.53427733e+00
2.01139149e-01	-2.59944724e+00
2.01472713e-01	-2.67486853e+00
2.01806278e-01	-2.75900751e+00
2.02139842e-01	-2.85021497e+00
2.02473406e-01	-2.94681287e+00
2.02806970e-01	-3.04716002e+00
2.03140534e-01	-3.14969342e+00
2.03474098e-01	-3.25294774e+00
2.03807662e-01	-3.35555984e+00
2.04141226e-01	-3.45626628e+00
2.04474790e-01	-3.55390104e+00
2.04808354e-01	-3.64739761e+00
2.05141919e-01	-3.73579736e+00
2.05475483e-01	-3.81826324e+00
2.05809047e-01	-3.89409644e+00
2.06142611e-01	-3.96275301e+00
2.06476175e-01	-4.02385773e+00
2.06809739e-01	-4.07721393e+00
2.07143303e-01	-4.12281000e+00
2.07476867e-01	-4.16082529e+00
2.07810431e-01	-4.19163862e+00
2.08143995e-01	-4.21584211e+00
2.08477559e-01	-4.23425909e+00
2.08811124e-01	-4.24796015e+00
2.09144688e-01	-4.25826566e+00
2.09478252e-01	-4.26671979e+00
2.09811816e-01	-4.27502143e+00
2.10145380e-01	-4.28490379e+00
2.10478944e-01	-4.29796565e+00
2.10812508e-01	-4.31547190e+00
2.11146072e-01	-4.33815503e+00
2.11479636e-01	-4.36605830e+00
2.11813200e-01	-4.39846162e+00
2.12146765e-01	-4.43392035e+00
2.12480329e-01	-4.47042636e+00
2.12813893e-01	-4.50567460e+00
2.13147457e-01	-4.53739260e+00
2.13481021e-01	-4.56367254e+00
2.13814585e-01	-4.58324013e+00
2.14148149e-01	-4.59560556e+00
2.14481713e-01	-4.60106500e+00
2.14815277e-01	-4.60055335e+00
2.15148841e-01	-4.59538056e+00
2.15482405e-01	-4.58690780e+00
2.15815970e-01	-4.57623052e+00
2.16149534e-01	-4.56393014e+00
2.16483098e-01	-4.54993739e+00
2.16816662e-01	-4.53352358e+00
2.17150226e-01	-4.51340768e+00
2.17483790e-01	-4.48794497e+00
2.17817354e-01	-4.45535141e+00
2.18150918e-01	-4.41391865e+00
2.18484482e-01	-4.36218621e+00
2.18818046e-01	-4.29905437e+00
2.19151611e-01	-4.22383865e+00
2.19485175e-01	-4.13627875e+00
2.19818739e-01	-4.03651882e+00
2.20152303e-01	-3.92507327e+00
2.20485867e-01	-3.80278522e+00
2.20819431e-01	-3.67077758e+00
2.21152995e-01	-3.53039397e+00
2.21486559e-01	-3.38312814e+00
2.21820123e-01	-3.23054579e+00
2.22153687e-01	-3.07420825e+00
2.22487251e-01	-2.91560981e+00
2.22820816e-01	-2.75613810e+00
2.23154380e-01	-2.59705989e+00
2.23487944e-01	-2.43952669e+00
2.23821508e-01	-2.28458809e+00
2.24155072e-01	-2.13319982e+00
2.24488636e-01	-1.98621744e+00
2.24822200e-01	-1.84437430e+00
2.25155764e-01	-1.70824982e+00
2.25489328e-01	-1.57823911e+00
2.25822892e-01	-1.45453391e+00
2.26156457e-01	-1.33712047e+00
2.26490021e-01	-1.22579287e+00
2.26823585e-01	-1.12017464e+00
2.27157149e-01	-1.01973949e+00
2.27490713e-01	-9.23823946e-01
2.27824277e-01	-8.31630608e-01
2.28157841e-01	-7.42226655e-01
2.28491405e-01	-6.54547502e-01
2.28824969e-01	-5.67416231e-01
2.29158533e-01	-4.79586350e-01
2.29492097e-01	-3.89808913e-01
2.29825662e-01	-2.96917544e-01
2.30159226e-01	-1.99919042e-01
2.30492790e-01	-9.80751831e-02
2.30826354e-01	9.03629636e-03
2.31159918e-01	1.21487728e-01
2.31493482e-01	2.38993920e-01
2.31827046e-01	3.60925355e-01
2.32160610e-01	4.86335553e-01
2.32494174e-01	6.13999250e-01
2.32827738e-01	7.42463563e-01
2.33161303e-01	8.70119045e-01
2.33494867e-01	9.95297925e-01
2.33828431e-01	1.11640151e+00
2.34161995e-01	1.23204841e+00
2.34495559e-01	1.34122355e+00
2.34829123e-01	1.44339924e+00
2.35162687e-01	1.53859781e+00
2.35496251e-01	1.62737289e+00
2.35829815e-01	1.71070093e+00
2.36163379e-01	1.78979368e+00
2.36496943e-01	1.86586021e+00
2.36830508e-01	1.93985940e+00
2.37164072e-01	2.01228786e+00
2.37497636e-01	2.08304267e+00
2.37831200e-01	2.15138561e+00
2.38164764e-01	2.21601703e+00
2.38498328e-01	2.27524872e+00
2.38831892e-01	2.32724778e+00
2.39165456e-01	2.37031171e+00
2.39499020e-01	2.40313008e+00
2.39832584e-01	2.42499079e+00
2.40166149e-01	2.43589905e+00
2.40499713e-01	2.43659202e+00
2.40833277e-01	2.42845062e+00
2.41166841e-01	2.41332754e+00
2.41500405e-01	2.39332455e+00
2.41833969e-01	2.37056024e+00
2.42167533e-01	2.34696822e+00
2.42501097e-01	2.32415758e+00
2.42834661e-01	2.30335177e+00
2.43168225e-01	2.28540376e+00
2.43501789e-01	2.27086876e+00
2.43835354e-01	2.26010386e+00
2.44168918e-01	2.25336165e+00
2.44502482e-01	2.25085083e+00
2.44836046e-01	2.25275051e+00
2.45169610e-01	2.25918046e+00
2.45503174e-01	2.27014394e+00
2.45836738e-01	2.28546663e+00
2.46170302e-01	2.30475473e+00
2.46503866e-01	2.32738699e+00
2.46837430e-01	2.35254331e+00
2.47170995e-01	2.37926135e+00
2.47504559e-01	2.40650517e+00
2.47838123e-01	2.43322936e+00
2.48171687e-01	2.45842719e+00
2.48505251e-01	2.48115926e+00
2.48838815e-01	2.50056712e+00
2.49172379e-01	2.51588062e+00
2.49505943e-01	2.52642751e+00
2.49839507e-01	2.53165044e+00
2.50173071e-01	2.53113037e+00
2.50506635e-01	2.52461140e+00
2.50840200e-01	2.51202001e+00
2.51173764e-01	2.49347358e+00
2.51507328e-01	2.46927650e+00
2.51840892e-01	2.43990680e+00
2.52174456e-01	2.40599820e+00
2.52508020e-01	2.36832282e+00
2.52841584e-01	2.32777628e+00
2.53175148e-01	2.28536303e+00
2.53508712e-01	2.24217542e+00
2.53842276e-01	2.19935860e+00
2.54175841e-01	2.15805514e+00
2.54509405e-01	2.11932854e+00
2.54842969e-01	2.08407202e+00
2.55176533e-01	2.05291627e+00
2.55510097e-01	2.02615485e+00
2.55843661e-01	2.00370572e+00
2.56177225e-01	1.98512306e+00
2.56510789e-01	1.96966419e+00
2.56844353e-01	1.95640530e+00
2.57177917e-01	1.94438931e+00
2.57511481e-01	1.93278274e+00
2.57845046e-01	1.92101602e+00
2.58178610e-01	1.90888531e+00
2.58512174e-01	1.89659993e+00
2.58845738e-01	1.88476827e+00
2.59179302e-01	1.87432298e+00
2.59512866e-01	1.86639352e+00
2.59846430e-01	1.86214028e+00
2.60179994e-01	1.86256871e+00
2.60513558e-01	1.86834622e+00
2.60847122e-01	1.87964643e+00
2.61180687e-01	1.89604552e+00
2.61514251e-01	1.91649156e+00
2.61847815e-01	1.93935977e+00
2.62181379e-01	1.96259414e+00
2.62514943e-01	1.98392111e+00
2.62848507e-01	2.00110643e+00
2.63182071e-01	2.01221560e+00
2.63515635e-01	2.01583436e+00
2.63849199e-01	2.01121049e+00
2.64182763e-01	1.99829148e+00
2.64516327e-01	1.97765258e+00
2.64849892e-01	1.95033163e+00
2.65183456e-01	1.91760647e+00
2.65517020e-01	1.88076218e+00
2.65850584e-01	1.84089653e+00
2.66184148e-01	1.79880132e+00
2.66517712e-01	1.75493847e+00
2.66851276e-01	1.70950658e+00
2.67184840e-01	1.66257207e+00
2.67518404e-01	1.61422553e+00
2.67851968e-01	1.56471997e+00
2.68185533e-01	1.51455587e+00
2.68519097e-01	1.46449375e+00
2.68852661e-01	1.41549504e+00
2.69186225e-01	1.36860988e+00
2.69519789e-01	1.32484144e+00
2.69853353e-01	1.28501862e+00
2.70186917e-01	1.24970254e+00
2.70520481e-01	1.21914017e+00
2.70854045e-01	1.19326579e+00
2.71187609e-01	1.17174036e+00
2.71521173e-01	1.15401380e+00
2.71854738e-01	1.13939472e+00
2.72188302e-01	1.12711535e+00
2.72521866e-01	1.11638437e+00
2.72855430e-01	1.10642478e+00
2.73188994e-01	1.09649774e+00
2.73522558e-01	1.08591600e+00
2.73856122e-01	1.07405238e+00
2.74189686e-01	1.06034968e+00
2.74523250e-01	1.04433761e+00
2.74856814e-01	1.02565976e+00
2.75190379e-01	1.00410839e+00
2.75523943e-01	9.79659676e-01
2.75857507e-01	9.52497650e-01
2.76191071e-01	9.23015069e-01
2.76524635e-01	8.91783760e-01
2.76858199e-01	8.59494953e-01
2.77191763e-01	8.26878976e-01
2.77525327e-01	7.94619789e-01
2.77858891e-01	7.63280946e-01
2.78192455e-01	7.33255145e-01
2.78526019e-01	7.04741721e-01
2.78859584e-01	6.77748578e-01
2.79193148e-01	6.52110398e-01
2.79526712e-01	6.27515253e-01
2.79860276e-01	6.03536073e-01
2.80193840e-01	5.79669122e-01
2.80527404e-01	5.55385410e-01
2.80860968e-01	5.30200265e-01
2.81194532e-01	5.03760689e-01
2.81528096e-01	4.75941412e-01
2.81861660e-01	4.46932111e-01
2.82195225e-01	4.17293628e-01
2.82528789e-01	3.87962695e-01
2.82862353e-01	3.60192773e-01
2.83195917e-01	3.35431574e-01
2.83529481e-01	3.15150052e-01
2.83863045e-01	3.00649390e-01
2.84196609e-01	2.92878597e-01
2.84530173e-01	2.92294117e-01
2.84863737e-01	2.98784870e-01
2.85197301e-01	3.11673509e-01
2.85530865e-01	3.29790593e-01
2.85864430e-01	3.51606102e-01
2.86197994e-01	3.75394637e-01
2.86531558e-01	3.99407872e-01
2.86865122e-01	4.22029885e-01
2.87198686e-01	4.41896643e-01
2.87532250e-01	4.57968307e-01
2.87865814e-01	4.69550629e-01
2.88199378e-01	4.76268604e-01
2.88532942e-01	4.78001196e-01
2.88866506e-01	4.74790345e-01
2.89200071e-01	4.66740527e-01
2.89533635e-01	4.53926449e-01
2.89867199e-01	4.36325621e-01
2.90200763e-01	4.13788937e-01
2.90534327e-01	3.86055944e-01
2.90867891e-01	3.52812812e-01
2.91201455e-01	3.13781657e-01
2.91535019e-01	2.68821935e-01
2.91868583e-01	2.18020412e-01
2.92202147e-01	1.61747337e-01
2.92535711e-01	1.00663025e-01
2.92869276e-01	3.56699573e-02
2.93202840e-01	-3.21821244e-02
2.93536404e-01	-1.01819816e-01
2.93869968e-01	-1.72273675e-01
2.94203532e-01	-2.42784723e-01
2.94537096e-01	-3.12870090e-01
2.94870660e-01	-3.82337797e-01
2.95204224e-01	-4.51252195e-01
2.95537788e-01	-5.19862108e-01
2.95871352e-01	-5.88510855e-01
2.96204917e-01	-6.57549567e-01
2.96538481e-01	-7.27272222e-01
2.96872045e-01	-7.97883439e-01
2.97205609e-01	-8.69500153e-01
2.97539173e-01	-9.42178486e-01
2.97872737e-01	-1.01595012e+00
2.98206301e-01	-1.09085034e+00
2.98539865e-01	-1.16692368e+00
2.98873429e-01	-1.24420120e+00
2.99206993e-01	-1.32265453e+00
2.99540557e-01	-1.40214062e+00
2.99874122e-01	-1.48235623e+00
3.00207686e-01	-1.56281947e+00
3.00541250e-01	-1.64288817e+00
3.00874814e-01	-1.72181448e+00
3.01208378e-01	-1.79882494e+00
3.01541942e-01	-1.87320932e+00
3.01875506e-01	-1.94440116e+00
3.02209070e-01	-2.01203705e+00
3.02542634e-01	-2.07598891e+00
3.02876198e-01	-2.13636915e+00
3.03209763e-01	-2.19351224e+00
3.03543327e-01	-2.24793633e+00
3.03876891e-01	-2.30028663e+00
3.04210455e-01	-2.35126124e+00
3.04544019e-01	-2.40152113e+00
3.04877583e-01	-2.45158952e+00
3.05211147e-01	-2.50175146e+00
3.05544711e-01	-2.55196860e+00
3.05878275e-01	-2.60182584e+00
3.06211839e-01	-2.65052305e+00
3.06545403e-01	-2.69691840e+00
3.06878968e-01	-2.73962043e+00
3.07212532e-01	-2.77711716e+00
3.07546096e-01	-2.80792429e+00
3.07879660e-01	-2.83073197e+00
3.08213224e-01	-2.84453048e+00
3.08546788e-01	-2.84869917e+00
3.08880352e-01	-2.84304798e+00
3.09213916e-01	-2.82780743e+00
3.09547480e-01	-2.80356914e+00
3.09881044e-01	-2.77118552e+00
3.10214609e-01	-2.73164360e+00
3.10548173e-01	-2.68593233e+00
3.10881737e-01	-2.63492520e+00
3.11215301e-01	-2.57929836e+00
3.11548865e-01	-2.51949871e+00
3.11882429e-01	-2.45576671e+00
3.12215993e-01	-2.38820771e+00
3.12549557e-01	-2.31689431e+00
3.12883121e-01	-2.24197554e+00
3.13216685e-01	-2.16376684e+00
3.13550249e-01	-2.08279950e+00
3.13883814e-01	-1.99981799e+00
3.14217378e-01	-1.91572575e+00
3.14550942e-01	-1.83149154e+00
3.14884506e-01	-1.74803660e+00
3.15218070e-01	-1.66612544e+00
3.15551634e-01	-1.58628073e+00
3.15885198e-01	-1.50873643e+00
3.16218762e-01	-1.43343474e+00
3.16552326e-01	-1.36006486e+00
3.16885890e-01	-1.28813498e+00
3.17219455e-01	-1.21706532e+00
3.17553019e-01	-1.14628860e+00
3.17886583e-01	-1.07534427e+00
3.18220147e-01	-1.00395442e+00
3.18553711e-01	-9.32071642e-01
3.18887275e-01	-8.59892521e-01
3.19220839e-01	-7.87834936e-01
3.19554403e-01	-7.16483060e-01
3.19887967e-01	-6.46509431e-01
3.20221531e-01	-5.78588073e-01
3.20555095e-01	-5.13314707e-01
3.20888660e-01	-4.51148698e-01
3.21222224e-01	-3.92386494e-01
3.21555788e-01	-3.37168775e-01
3.21889352e-01	-2.85515243e-01
3.22222916e-01	-2.37374007e-01
3.22556480e-01	-1.92669055e-01
3.22890044e-01	-1.51330468e-01
3.23223608e-01	-1.13297741e-01
3.23557172e-01	-7.84956765e-02
3.23890736e-01	-4.67920467e-02
3.24224301e-01	-1.79539699e-02
3.24557865e-01	8.37713100e-03
3.24891429e-01	3.26751817e-02
3.25224993e-01	5.54757749e-02
3.25558557e-01	7.72836733e-02
3.25892121e-01	9.84586644e-02
3.26225685e-01	1.19105879e-01
3.26559249e-01	1.38998911e-01
3.26892813e-01	1.57558394e-01
3.27226377e-01	1.73896234e-01
3.27559941e-01	1.86919893e-01
3.27893506e-01	1.95476468e-01
3.28227070e-01	1.98507291e-01
3.28560634e-01	1.95182908e-01
3.28894198e-01	1.84995501e-01
3.29227762e-01	1.67798354e-01
3.29561326e-01	1.43795477e-01
3.29894890e-01	1.13494716e-01
3.30228454e-01	7.76417908e-02
3.30562018e-01	3.71505748e-02
3.30895582e-01	-6.96137954e-03
3.31229147e-01	-5.36301356e-02
3.31562711e-01	-1.01798206e-01
3.31896275e-01	-1.50466237e-01
3.32229839e-01	-1.98743730e-01
3.32563403e-01	-2.45894261e-01
3.32896967e-01	-2.91366922e-01
3.33230531e-01	-3.34805175e-01
3.33564095e-01	-3.76027600e-01
3.33897659e-01	-4.14086076e-01
