-8.00553828e-03	-0.00000000e+00
-7.67197419e-03	-8.70485702e-04
-7.33841009e-03	-2.95023251e-03
-7.00484600e-03	-7.82443348e-03
-6.67128190e-03	-1.89303185e-02
-6.33771781e-03	-4.32508845e-02
-6.00415371e-03	-9.44700148e-02
-5.67058962e-03	-1.98211205e-01
-5.33702552e-03	-4.00210965e-01
-5.00346143e-03	-7.78334000e-01
-4.66989733e-03	-1.45870864e+00
-4.33633324e-03	-2.63539498e+00
-4.00276914e-03	-4.59118998e+00
-3.66920505e-03	-7.71498371e+00
-3.33564095e-03	-1.25086839e+01
-3.00207686e-03	-1.95752044e+01
-2.66851276e-03	-2.95794004e+01
-2.33494867e-03	-4.31771493e+01
-2.00138457e-03	-6.09144471e+01
-1.66782048e-03	-8.31074767e+01
-1.33425638e-03	-1.09723969e+02
-1.00069229e-03	-1.40292577e+02
-6.67128190e-04	-1.73867245e+02
-3.33564095e-04	-2.09065901e+02
1.85165269e-18	-2.44187966e+02
3.33564095e-04	-2.77396599e+02
6.67128190e-04	-3.06934790e+02
1.00069229e-03	-3.31334624e+02
1.33425638e-03	-3.49579805e+02
1.66782048e-03	-3.61192671e+02
2.00138457e-03	-3.66235027e+02
2.33494867e-03	-3.65231553e+02
2.66851276e-03	-3.59039678e+02
3.00207686e-03	-3.48697067e+02
3.33564095e-03	-3.35276508e+02
3.66920505e-03	-3.19770043e+02
4.00276914e-03	-3.03013178e+02
4.33633324e-03	-2.85649578e+02
4.66989733e-03	-2.68129192e+02
5.00346143e-03	-2.50729289e+02
5.33702552e-03	-2.33587848e+02
5.67058962e-03	-2.16740945e+02
6.00415371e-03	-2.00158747e+02
6.33771781e-03	-1.83777371e+02
6.67128190e-03	-1.67525635e+02
7.00484600e-03	-1.51346465e+02
7.33841009e-03	-1.35212793e+02
7.67197419e-03	-1.19137491e+02
8.00553828e-03	-1.03176759e+02
8.33910238e-03	-8.74266364e+01
8.67266648e-03	-7.20130614e+01
9.00623057e-03	-5.70769780e+01
9.33979467e-03	-4.27571297e+01
9.67335876e-03	-2.91739015e+01
1.00069229e-02	-1.64175947e+01
1.03404870e-02	-4.54364667e+00
1.06740510e-02	6.42432208e+00
1.10076151e-02	1.64847567e+01
1.13411792e-02	2.56446326e+01
1.16747433e-02	3.39061024e+01
1.20083074e-02	4.12572184e+01
1.23418715e-02	4.76694232e+01
1.26754356e-02	5.31025233e+01
1.30089997e-02	5.75156921e+01
1.33425638e-02	6.08813563e+01
1.36761279e-02	6.31980706e+01
1.40096920e-02	6.44988569e+01
1.43432561e-02	6.48527891e+01
1.46768202e-02	6.43593994e+01
1.50103843e-02	6.31372347e+01
1.53439484e-02	6.13091461e+01
1.56775125e-02	5.89874007e+01
1.60110766e-02	5.62614618e+01
1.63446407e-02	5.31904727e+01
1.66782048e-02	4.98013967e+01
1.70117689e-02	4.60926891e+01
1.73453330e-02	4.20425195e+01
1.76788970e-02	3.76200169e+01
1.80124611e-02	3.27977746e+01
1.83460252e-02	2.75638633e+01
1.86795893e-02	2.19317868e+01
1.90131534e-02	1.59471047e+01
1.93467175e-02	9.68983934e+00
1.96802816e-02	3.27225424e+00
2.00138457e-02	-3.16784469e+00
2.03474098e-02	-9.47752879e+00
2.06809739e-02	-1.55015609e+01
2.10145380e-02	-2.10958633e+01
2.13481021e-02	-2.61397498e+01
2.16816662e-02	-3.05452240e+01
2.20152303e-02	-3.42621607e+01
2.23487944e-02	-3.72789286e+01
2.26823585e-02	-3.96188097e+01
2.30159226e-02	-4.13332367e+01
2.33494867e-02	-4.24932545e+01
2.36830508e-02	-4.31806548e+01
2.40166149e-02	-4.34799683e+01
2.43501789e-02	-4.34720561e+01
2.46837430e-02	-4.32295671e+01
2.50173071e-02	-4.28141666e+01
2.53508712e-02	-4.22752505e+01
2.56844353e-02	-4.16498246e+01
2.60179994e-02	-4.09632821e+01
2.63515635e-02	-4.02308553e+01
2.66851276e-02	-3.94595170e+01
2.70186917e-02	-3.86500464e+01
2.73522558e-02	-3.77989341e+01
2.76858199e-02	-3.68998128e+01
2.80193840e-02	-3.59442353e+01
2.83529481e-02	-3.49218238e+01
2.86865122e-02	-3.38200418e+01
2.90200763e-02	-3.26239847e+01
2.93536404e-02	-3.13165994e+01
2.96872045e-02	-2.98796035e+01
3.00207686e-02	-2.82951433e+01
3.03543327e-02	-2.65479851e+01
3.06878968e-02	-2.46278659e+01
3.10214609e-02	-2.25315781e+01
3.13550249e-02	-2.02644323e+01
3.16885890e-02	-1.78408928e+01
3.20221531e-02	-1.52843415e+01
3.23557172e-02	-1.26260646e+01
3.26892813e-02	-9.90363173e+00
3.30228454e-02	-7.15886450e+00
3.33564095e-02	-4.43558348e+00
3.36899736e-02	-1.77729862e+00
3.40235377e-02	7.75011169e-01
3.43571018e-02	3.18489737e+00
3.46906659e-02	5.42209642e+00
3.50242300e-02	7.46372543e+00
3.53577941e-02	9.29492553e+00
3.56913582e-02	1.09088971e+01
3.60249223e-02	1.23063281e+01
3.63584864e-02	1.34942876e+01
3.66920505e-02	1.44847276e+01
3.70256146e-02	1.52927934e+01
3.73591787e-02	1.59351673e+01
3.76927428e-02	1.64286496e+01
3.80263069e-02	1.67891269e+01
3.83598709e-02	1.70309858e+01
3.86934350e-02	1.71669459e+01
3.90269991e-02	1.72082068e+01
3.93605632e-02	1.71647689e+01
3.96941273e-02	1.70457869e+01
4.00276914e-02	1.68598483e+01
4.03612555e-02	1.66151265e+01
4.06948196e-02	1.63194065e+01
4.10283837e-02	1.59800277e+01
4.13619478e-02	1.56038035e+01
4.16955119e-02	1.51969700e+01
4.20290760e-02	1.47651963e+01
4.23626401e-02	1.43136562e+01
4.26962042e-02	1.38471387e+01
4.30297683e-02	1.33701602e+01
4.33633324e-02	1.28870471e+01
4.36968965e-02	1.24019637e+01
4.40304606e-02	1.19188800e+01
4.43640247e-02	1.14414854e+01
4.46975888e-02	1.09730628e+01
4.50311529e-02	1.05163356e+01
4.53647169e-02	1.00732997e+01
4.56982810e-02	9.64505134e+00
4.60318451e-02	9.23162615e+00
4.63654092e-02	8.83188364e+00
4.66989733e-02	8.44348095e+00
4.70325374e-02	8.06299131e+00
4.73661015e-02	7.68621291e+00
4.76996656e-02	7.30868825e+00
4.80332297e-02	6.92641208e+00
4.83667938e-02	6.53665990e+00
4.87003579e-02	6.13882869e+00
4.90339220e-02	5.73515866e+00
4.93674861e-02	5.33120541e+00
4.97010502e-02	4.93595793e+00
5.00346143e-02	4.56154219e+00
5.03681784e-02	4.22250803e+00
5.07017425e-02	3.93475409e+00
5.10353066e-02	3.71419645e+00
5.13688707e-02	3.57532163e+00
5.17024348e-02	3.52978021e+00
5.20359989e-02	3.58517199e+00
5.23695629e-02	3.74414910e+00
5.27031270e-02	4.00392548e+00
5.30366911e-02	4.35623580e+00
5.33702552e-02	4.78774161e+00
5.37038193e-02	5.28084339e+00
5.40373834e-02	5.81482679e+00
5.43709475e-02	6.36725089e+00
5.47045116e-02	6.91547356e+00
5.50380757e-02	7.43820000e+00
5.53716398e-02	7.91693409e+00
5.57052039e-02	8.33720821e+00
5.60387680e-02	8.68946993e+00
5.63723321e-02	8.96951804e+00
5.67058962e-02	9.17841378e+00
5.70394603e-02	9.32184641e+00
5.73730244e-02	9.40900512e+00
5.77065885e-02	9.45108725e+00
5.80401526e-02	9.45964336e+00
5.83737167e-02	9.44500031e+00
5.87072808e-02	9.41500462e+00
5.90408449e-02	9.37428108e+00
5.93744089e-02	9.32411687e+00
5.97079730e-02	9.26297088e+00
6.00415371e-02	9.18749778e+00
6.03751012e-02	9.09388413e+00
6.07086653e-02	8.97923936e+00
6.10422294e-02	8.84277705e+00
6.13757935e-02	8.68656347e+00
6.17093576e-02	8.51569500e+00
6.20429217e-02	8.33787817e+00
6.23764858e-02	8.16250549e+00
6.27100499e-02	7.99942081e+00
6.30436140e-02	7.85762974e+00
6.33771781e-02	7.74421513e+00
6.37107422e-02	7.66366363e+00
6.40443063e-02	7.61770566e+00
6.43778704e-02	7.60564590e+00
6.47114345e-02	7.62504464e+00
6.50449986e-02	7.67253569e+00
6.53785627e-02	7.74455196e+00
6.57121268e-02	7.83777933e+00
6.60456908e-02	7.94925579e+00
6.63792549e-02	8.07614753e+00
6.67128190e-02	8.21533283e+00
6.70463831e-02	8.36298004e+00
6.73799472e-02	8.51430165e+00
6.77135113e-02	8.66360777e+00
6.80470754e-02	8.80468547e+00
6.83806395e-02	8.93142792e+00
6.87142036e-02	9.03855626e+00
6.90477677e-02	9.12224403e+00
6.93813318e-02	9.18047658e+00
6.97148959e-02	9.21305045e+00
7.00484600e-02	9.22121779e+00
7.03820241e-02	9.20707909e+00
7.07155882e-02	9.17289412e+00
7.10491523e-02	9.12049532e+00
7.13827164e-02	9.05094874e+00
7.17162805e-02	8.96452711e+00
7.20498446e-02	8.86096730e+00
7.23834087e-02	8.73990713e+00
7.27169728e-02	8.60136003e+00
7.30505368e-02	8.44609529e+00
7.33841009e-02	8.27584080e+00
7.37176650e-02	8.09329039e+00
7.40512291e-02	7.90195711e+00
7.43847932e-02	7.70594435e+00
7.47183573e-02	7.50970529e+00
7.50519214e-02	7.31783069e+00
7.53854855e-02	7.13486675e+00
7.57190496e-02	6.96513251e+00
7.60526137e-02	6.81249879e+00
7.63861778e-02	6.68010732e+00
7.67197419e-02	6.57004533e+00
7.70533060e-02	6.48303019e+00
7.73868701e-02	6.41818293e+00
7.77204342e-02	6.37296824e+00
7.80539983e-02	6.34334805e+00
7.83875624e-02	6.32414751e+00
7.87211265e-02	6.30957884e+00
7.90546906e-02	6.29383139e+00
7.93882547e-02	6.27162357e+00
7.97218188e-02	6.23863113e+00
8.00553828e-02	6.19174320e+00
8.03889469e-02	6.12914242e+00
8.07225110e-02	6.05023811e+00
8.10560751e-02	5.95549627e+00
8.13896392e-02	5.84620337e+00
8.17232033e-02	5.72418585e+00
8.20567674e-02	5.59149311e+00
8.23903315e-02	5.45005207e+00
8.27238956e-02	5.30131714e+00
8.30574597e-02	5.14596214e+00
8.33910238e-02	4.98367941e+00
8.37245879e-02	4.81314732e+00
8.40581520e-02	4.63220235e+00
8.43917161e-02	4.43820168e+00
8.47252802e-02	4.22851225e+00
8.50588443e-02	4.00102150e+00
8.53924084e-02	3.75455759e+00
8.57259725e-02	3.48912919e+00
8.60595366e-02	3.20594457e+00
8.63931007e-02	2.90722634e+00
8.67266648e-02	2.59588403e+00
8.70602288e-02	2.27513011e+00
8.73937929e-02	1.94811900e+00
8.77273570e-02	1.61766648e+00
8.80609211e-02	1.28607300e+00
8.83944852e-02	9.55049641e-01
8.87280493e-02	6.25727909e-01
8.90616134e-02	2.98731647e-01
8.93951775e-02	-2.57094391e-02
8.97287416e-02	-3.47623526e-01
9.00623057e-02	-6.67155954e-01
9.03958698e-02	-9.84446316e-01
9.07294339e-02	-1.29954220e+00
9.10629980e-02	-1.61236305e+00
9.13965621e-02	-1.92271162e+00
9.17301262e-02	-2.23031456e+00
9.20636903e-02	-2.53486152e+00
9.23972544e-02	-2.83601047e+00
9.27308185e-02	-3.13334172e+00
9.30643826e-02	-3.42626477e+00
9.33979467e-02	-3.71390790e+00
9.37315108e-02	-3.99503478e+00
9.40650748e-02	-4.26803030e+00
9.43986389e-02	-4.53098010e+00
9.47322030e-02	-4.78183637e+00
9.50657671e-02	-5.01863592e+00
9.53993312e-02	-5.23971786e+00
9.57328953e-02	-5.44389150e+00
9.60664594e-02	-5.63052546e+00
9.64000235e-02	-5.79955702e+00
9.67335876e-02	-5.95144772e+00
9.70671517e-02	-6.08712156e+00
9.74007158e-02	-6.20791691e+00
9.77342799e-02	-6.31556435e+00
9.80678440e-02	-6.41217860e+00
9.84014081e-02	-6.50023730e+00
9.87349722e-02	-6.58251577e+00
9.90685363e-02	-6.66195849e+00
9.94021004e-02	-6.74148965e+00
9.97356645e-02	-6.82378416e+00
1.00069229e-01	-6.91103432e+00
1.00402793e-01	-7.00474950e+00
1.00736357e-01	-7.10561847e+00
1.01069921e-01	-7.21345338e+00
1.01403485e-01	-7.32722106e+00
1.01737049e-01	-7.44515650e+00
1.02070613e-01	-7.56494654e+00
1.02404177e-01	-7.68396367e+00
1.02737741e-01	-7.79952651e+00
1.03071305e-01	-7.90915900e+00
1.03404870e-01	-8.01082018e+00
1.03738434e-01	-8.10308051e+00
1.04071998e-01	-8.18522759e+00
1.04405562e-01	-8.25729350e+00
1.04739126e-01	-8.32000451e+00
1.05072690e-01	-8.37465952e+00
1.05406254e-01	-8.42294772e+00
1.05739818e-01	-8.46672074e+00
1.06073382e-01	-8.50773941e+00
1.06406946e-01	-8.54742315e+00
1.06740510e-01	-8.58663659e+00
1.07074075e-01	-8.62554768e+00
1.07407639e-01	-8.66358612e+00
1.07741203e-01	-8.69951280e+00
1.08074767e-01	-8.73158862e+00
1.08408331e-01	-8.75780975e+00
1.08741895e-01	-8.77616204e+00
1.09075459e-01	-8.78484783e+00
1.09409023e-01	-8.78245174e+00
1.09742587e-01	-8.76803171e+00
1.10076151e-01	-8.74114371e+00
1.10409716e-01	-8.70182158e+00
1.10743280e-01	-8.65053628e+00
1.11076844e-01	-8.58815171e+00
1.11410408e-01	-8.51588215e+00
1.11743972e-01	-8.43524502e+00
1.12077536e-01	-8.34799938e+00
1.12411100e-01	-8.25606342e+00
1.12744664e-01	-8.16141223e+00
1.13078228e-01	-8.06596566e+00
1.13411792e-01	-7.97148032e+00
1.13745356e-01	-7.87945890e+00
1.14078921e-01	-7.79108590e+00
1.14412485e-01	-7.70719308e+00
1.14746049e-01	-7.62825330e+00
1.15079613e-01	-7.55439983e+00
1.15413177e-01	-7.48546795e+00
1.15746741e-01	-7.42105434e+00
1.16080305e-01	-7.36058832e+00
1.16413869e-01	-7.30340497e+00
1.16747433e-01	-7.24880816e+00
1.17080997e-01	-7.19611386e+00
1.17414562e-01	-7.14466923e+00
1.17748126e-01	-7.09385136e+00
1.18081690e-01	-7.04305807e+00
1.18415254e-01	-6.99170535e+00
1.18748818e-01	-6.93924373e+00
1.19082382e-01	-6.88519675e+00
1.19415946e-01	-6.82921428e+00
1.19749510e-01	-6.77112459e+00
1.20083074e-01	-6.71096786e+00
1.20416638e-01	-6.64899754e+00
1.20750202e-01	-6.58564482e+00
1.21083767e-01	-6.52144990e+00
1.21417331e-01	-6.45696999e+00
1.21750895e-01	-6.39267562e+00
1.22084459e-01	-6.32884593e+00
1.22418023e-01	-6.26547295e+00
1.22751587e-01	-6.20218397e+00
1.23085151e-01	-6.13819275e+00
1.23418715e-01	-6.07229199e+00
1.23752279e-01	-6.00289751e+00
1.24085843e-01	-5.92814907e+00
1.24419408e-01	-5.84606284e+00
1.24752972e-01	-5.75471804e+00
1.25086536e-01	-5.65245099e+00
1.25420100e-01	-5.53802599e+00
1.25753664e-01	-5.41075542e+00
1.26087228e-01	-5.27055061e+00
1.26420792e-01	-5.11789788e+00
1.26754356e-01	-4.95376690e+00
1.27087920e-01	-4.77946885e+00
1.27421484e-01	-4.59648899e+00
1.27755048e-01	-4.40632073e+00
1.28088613e-01	-4.21032607e+00
1.28422177e-01	-4.00964259e+00
1.28755741e-01	-3.80514856e+00
1.29089305e-01	-3.59748639e+00
1.29422869e-01	-3.38713329e+00
1.29756433e-01	-3.17449989e+00
1.30089997e-01	-2.96003337e+00
1.30423561e-01	-2.74430283e+00
1.30757125e-01	-2.52805221e+00
1.31090689e-01	-2.31221366e+00
1.31424254e-01	-2.09788181e+00
1.31757818e-01	-1.88625490e+00
1.32091382e-01	-1.67855081e+00
1.32424946e-01	-1.47590657e+00
1.32758510e-01	-1.27927158e+00
1.33092074e-01	-1.08930753e+00
1.33425638e-01	-9.06310869e-01
1.33759202e-01	-7.30175566e-01
1.34092766e-01	-5.60410529e-01
1.34426330e-01	-3.96218073e-01
1.34759894e-01	-2.36626715e-01
1.35093459e-01	-8.06583097e-02
1.35427023e-01	7.25004038e-02
1.35760587e-01	2.23354943e-01
1.36094151e-01	3.72017457e-01
1.36427715e-01	5.18195949e-01
1.36761279e-01	6.61261444e-01
1.37094843e-01	8.00381375e-01
1.37428407e-01	9.34695488e-01
1.37761971e-01	1.06350375e+00
1.38095535e-01	1.18643452e+00
1.38429100e-01	1.30356553e+00
1.38762664e-01	1.41547852e+00
1.39096228e-01	1.52324053e+00
1.39429792e-01	1.62831668e+00
1.39763356e-01	1.73243085e+00
1.40096920e-01	1.83739767e+00
1.40430484e-01	1.94495194e+00
1.40764048e-01	2.05660009e+00
1.41097612e-01	2.17351240e+00
1.41431176e-01	2.29646694e+00
1.41764740e-01	2.42584728e+00
1.42098305e-01	2.56168758e+00
1.42431869e-01	2.70375192e+00
1.42765433e-01	2.85162959e+00
1.43098997e-01	3.00482694e+00
1.43432561e-01	3.16283731e+00
1.43766125e-01	3.32517556e+00
1.44099689e-01	3.49137146e+00
1.44433253e-01	3.66092638e+00
1.44766817e-01	3.83324640e+00
1.45100381e-01	4.00757232e+00
1.45433946e-01	4.18292888e+00
1.45767510e-01	4.35811257e+00
1.46101074e-01	4.53172862e+00
1.46434638e-01	4.70227614e+00
1.46768202e-01	4.86826829e+00
1.47101766e-01	5.02836494e+00
1.47435330e-01	5.18149090e+00
1.47768894e-01	5.32691547e+00
1.48102458e-01	5.46427720e+00
1.48436022e-01	5.59354992e+00
1.48769586e-01	5.71495906e+00
1.49103151e-01	5.82886756e+00
1.49436715e-01	5.93565630e+00
1.49770279e-01	6.03562335e+00
1.50103843e-01	6.12892044e+00
1.50437407e-01	6.21553475e+00
1.50770971e-01	6.29531380e+00
1.51104535e-01	6.36802168e+00
1.51438099e-01	6.43341029e+00
1.51771663e-01	6.49128909e+00
1.52105227e-01	6.54158042e+00
1.52438792e-01	6.58435348e+00
1.52772356e-01	6.61983569e+00
1.53105920e-01	6.64840468e+00
1.53439484e-01	6.67056589e+00
1.53773048e-01	6.68692107e+00
1.54106612e-01	6.69813192e+00
1.54440176e-01	6.70488213e+00
1.54773740e-01	6.70784111e+00
1.55107304e-01	6.70763244e+00
1.55440868e-01	6.70481067e+00
1.55774432e-01	6.69984856e+00
1.56107997e-01	6.69313484e+00
1.56441561e-01	6.68497979e+00
1.56775125e-01	6.67562391e+00
1.57108689e-01	6.66524449e+00
1.57442253e-01	6.65395689e+00
1.57775817e-01	6.64181084e+00
1.58109381e-01	6.62878595e+00
1.58442945e-01	6.61479254e+00
1.58776509e-01	6.59968371e+00
1.59110073e-01	6.58328119e+00
1.59443638e-01	6.56541243e+00
1.59777202e-01	6.54595211e+00
1.60110766e-01	6.52485840e+00
1.60444330e-01	6.50219624e+00
1.60777894e-01	6.47814269e+00
1.61111458e-01	6.45297503e+00
1.61445022e-01	6.42704643e+00
1.61778586e-01	6.40075593e+00
1.62112150e-01	6.37451899e+00
1.62445714e-01	6.34874111e+00
1.62779278e-01	6.32379344e+00
1.63112843e-01	6.29998619e+00
1.63446407e-01	6.27753565e+00
1.63779971e-01	6.25652256e+00
1.64113535e-01	6.23684414e+00
1.64447099e-01	6.21816652e+00
1.64780663e-01	6.19988817e+00
1.65114227e-01	6.18112570e+00
1.65447791e-01	6.16073153e+00
1.65781355e-01	6.13734799e+00
1.66114919e-01	6.10949539e+00
1.66448484e-01	6.07568466e+00
1.66782048e-01	6.03453941e+00
1.67115612e-01	5.98490938e+00
1.67449176e-01	5.92595823e+00
1.67782740e-01	5.85721282e+00
1.68116304e-01	5.77856822e+00
1.68449868e-01	5.69025066e+00
1.68783432e-01	5.59274770e+00
1.69116996e-01	5.48672011e+00
1.69450560e-01	5.37291290e+00
1.69784124e-01	5.25208221e+00
1.70117689e-01	5.12495158e+00
1.70451253e-01	4.99220376e+00
1.70784817e-01	4.85450621e+00
1.71118381e-01	4.71256018e+00
1.71451945e-01	4.56715739e+00
1.71785509e-01	4.41922542e+00
1.72119073e-01	4.26984518e+00
1.72452637e-01	4.12022994e+00
1.72786201e-01	3.97166495e+00
1.73119765e-01	3.82541551e+00
1.73453330e-01	3.68261888e+00
1.73786894e-01	3.54417861e+00
1.74120458e-01	3.41067948e+00
1.74454022e-01	3.28233717e+00
1.74787586e-01	3.15899016e+00
1.75121150e-01	3.04013503e+00
1.75454714e-01	2.92499940e+00
1.75788278e-01	2.81264221e+00
1.76121842e-01	2.70206780e+00
1.76455406e-01	2.59233864e+00
1.76788970e-01	2.48267145e+00
1.77122535e-01	2.37250361e+00
1.77456099e-01	2.26152098e+00
1.77789663e-01	2.14964468e+00
1.78123227e-01	2.03698181e+00
1.78456791e-01	1.92375169e+00
1.78790355e-01	1.81020389e+00
1.79123919e-01	1.69654465e+00
1.79457483e-01	1.58288515e+00
1.79791047e-01	1.46921806e+00
1.80124611e-01	1.35542200e+00
1.80458176e-01	1.24128680e+00
1.80791740e-01	1.12655014e+00
1.81125304e-01	1.01093576e+00
1.81458868e-01	8.94186468e-01
1.81792432e-01	7.76088655e-01
1.82125996e-01	6.56487829e-01
1.82459560e-01	5.35296688e-01
1.82793124e-01	4.12497104e-01
1.83126688e-01	2.88137067e-01
1.83460252e-01	1.62323379e-01
1.83793816e-01	3.52110289e-02
1.84127381e-01	-9.30094518e-02
1.84460945e-01	-2.22124917e-01
1.84794509e-01	-3.51911034e-01
1.85128073e-01	-4.82141084e-01
1.85461637e-01	-6.12592464e-01
1.85795201e-01	-7.43052872e-01
1.86128765e-01	-8.73328977e-01
1.86462329e-01	-1.00325987e+00
1.86795893e-01	-1.13273588e+00
1.87129457e-01	-1.26172031e+00
1.87463022e-01	-1.39026901e+00
1.87796586e-01	-1.51853984e+00
1.88130150e-01	-1.64678465e+00
1.88463714e-01	-1.77531886e+00
1.88797278e-01	-1.90446898e+00
1.89130842e-01	-2.03450433e+00
1.89464406e-01	-2.16556409e+00
1.89797970e-01	-2.29759293e+00
1.90131534e-01	-2.43029735e+00
1.90465098e-01	-2.56313038e+00
1.90798662e-01	-2.69530643e+00
1.91132227e-01	-2.82584172e+00
1.91465791e-01	-2.95361230e+00
1.91799355e-01	-3.07741992e+00
1.92132919e-01	-3.19605757e+00
1.92466483e-01	-3.30836934e+00
1.92800047e-01	-3.41330254e+00
1.93133611e-01	-3.50995316e+00
1.93467175e-01	-3.59760617e+00
1.93800739e-01	-3.67577133e+00
1.94134303e-01	-3.74421244e+00
1.94467868e-01	-3.80296545e+00
1.94801432e-01	-3.85233912e+00
1.95134996e-01	-3.89289283e+00
1.95468560e-01	-3.92538973e+00
1.95802124e-01	-3.95072923e+00
1.96135688e-01	-3.96986923e+00
1.96469252e-01	-3.98375293e+00
1.96802816e-01	-3.99325512e+00
1.97136380e-01	-3.99915852e+00
1.97469944e-01	-4.00216216e+00
1.97803508e-01	-4.00291478e+00
1.98137073e-01	-4.00205851e+00
1.98470637e-01	-4.00026545e+00
1.98804201e-01	-3.99825242e+00
1.99137765e-01	-3.99676677e+00
1.99471329e-01	-3.99654525e+00
1.99804893e-01	-3.99825603e+00
2.00138457e-01	-4.00243817e+00
2.00472021e-01	-4.00945206e+00
2.00805585e-01	-4.01944996e+00
2.01139149e-01	-4.03236890e+00
2.01472713e-01	-4.04794281e+00
2.01806278e-01	-4.06572719e+00
2.02139842e-01	-4.08513051e+00
2.02473406e-01	-4.10544884e+00
2.02806970e-01	-4.12590409e+00
2.03140534e-01	-4.14568827e+00
2.03474098e-01	-4.16401577e+00
2.03807662e-01	-4.18018298e+00
2.04141226e-01	-4.19362932e+00
2.04474790e-01	-4.20398979e+00
2.04808354e-01	-4.21112646e+00
2.05141919e-01	-4.21512868e+00
2.05475483e-01	-4.21627746e+00
2.05809047e-01	-4.21497771e+00
2.06142611e-01	-4.21167039e+00
2.06476175e-01	-4.20674225e+00
2.06809739e-01	-4.20045156e+00
2.07143303e-01	-4.19288429e+00
2.07476867e-01	-4.18394690e+00
2.07810431e-01	-4.17339288e+00
2.08143995e-01	-4.16087276e+00
2.08477559e-01	-4.14599317e+00
2.08811124e-01	-4.12837183e+00
2.09144688e-01	-4.10767938e+00
2.09478252e-01	-4.08366507e+00
2.09811816e-01	-4.05616856e+00
2.10145380e-01	-4.02512281e+00
2.10478944e-01	-3.99055316e+00
2.10812508e-01	-3.95257534e+00
2.11146072e-01	-3.91139198e+00
2.11479636e-01	-3.86728505e+00
2.11813200e-01	-3.82060071e+00
2.12146765e-01	-3.77172461e+00
2.12480329e-01	-3.72104795e+00
2.12813893e-01	-3.66892759e+00
2.13147457e-01	-3.61564572e+00
2.13481021e-01	-3.56137569e+00
2.13814585e-01	-3.50615952e+00
2.14148149e-01	-3.44990146e+00
2.14481713e-01	-3.39237884e+00
2.14815277e-01	-3.33326943e+00
2.15148841e-01	-3.27219208e+00
2.15482405e-01	-3.20875648e+00
2.15815970e-01	-3.14261711e+00
2.16149534e-01	-3.07352692e+00
2.16483098e-01	-3.00138659e+00
2.16816662e-01	-2.92628564e+00
2.17150226e-01	-2.84853206e+00
2.17483790e-01	-2.76866706e+00
2.17817354e-01	-2.68746184e+00
2.18150918e-01	-2.60589350e+00
2.18484482e-01	-2.52509897e+00
2.18818046e-01	-2.44630743e+00
2.19151611e-01	-2.37075489e+00
2.19485175e-01	-2.29958768e+00
2.19818739e-01	-2.23376453e+00
2.20152303e-01	-2.17396898e+00
2.20485867e-01	-2.12054401e+00
2.20819431e-01	-2.07345900e+00
2.21152995e-01	-2.03231442e+00
2.21486559e-01	-1.99638423e+00
2.21820123e-01	-1.96468900e+00
2.22153687e-01	-1.93608823e+00
2.22487251e-01	-1.90937701e+00
2.22820816e-01	-1.88337342e+00
2.23154380e-01	-1.85698642e+00
2.23487944e-01	-1.82925994e+00
2.23821508e-01	-1.79939422e+00
2.24155072e-01	-1.76674992e+00
2.24488636e-01	-1.73084196e+00
2.24822200e-01	-1.69132895e+00
2.25155764e-01	-1.64800175e+00
2.25489328e-01	-1.60077168e+00
2.25822892e-01	-1.54965707e+00
2.26156457e-01	-1.49476679e+00
2.26490021e-01	-1.43628032e+00
2.26823585e-01	-1.37442610e+00
2.27157149e-01	-1.30946109e+00
2.27490713e-01	-1.24165512e+00
2.27824277e-01	-1.17128269e+00
2.28157841e-01	-1.09862295e+00
2.28491405e-01	-1.02396680e+00
2.28824969e-01	-9.47628505e-01
2.29158533e-01	-8.69957932e-01
2.29492097e-01	-7.91349935e-01
2.29825662e-01	-7.12247286e-01
2.30159226e-01	-6.33134510e-01
2.30492790e-01	-5.54520808e-01
2.30826354e-01	-4.76911682e-01
2.31159918e-01	-4.00770897e-01
2.31493482e-01	-3.26476966e-01
2.31827046e-01	-2.54281006e-01
2.32160610e-01	-1.84274592e-01
2.32494174e-01	-1.16376198e-01
2.32827738e-01	-5.03424238e-02
2.33161303e-01	1.41943223e-02
2.33494867e-01	7.76657206e-02
2.33828431e-01	1.40494373e-01
2.34161995e-01	2.03020359e-01
2.34495559e-01	2.65440908e-01
2.34829123e-01	3.27774113e-01
2.35162687e-01	3.89852917e-01
2.35496251e-01	4.51349758e-01
2.35829815e-01	5.11826851e-01
2.36163379e-01	5.70803058e-01
2.36496943e-01	6.27826289e-01
2.36830508e-01	6.82540460e-01
2.37164072e-01	7.34737844e-01
2.37497636e-01	7.84390535e-01
2.37831200e-01	8.31658205e-01
2.38164764e-01	8.76872634e-01
2.38498328e-01	9.20502340e-01
2.38831892e-01	9.63102685e-01
2.39165456e-01	1.00525789e+00
2.39499020e-01	1.04752160e+00
2.39832584e-01	1.09036219e+00
2.40166149e-01	1.13411769e+00
2.40499713e-01	1.17896450e+00
2.40833277e-01	1.22490217e+00
2.41166841e-01	1.27175604e+00
2.41500405e-01	1.31919757e+00
2.41833969e-01	1.36678133e+00
2.42167533e-01	1.41399550e+00
2.42501097e-01	1.46032140e+00
2.42834661e-01	1.50529618e+00
2.43168225e-01	1.54857203e+00
2.43501789e-01	1.58996548e+00
2.43835354e-01	1.62949101e+00
2.44168918e-01	1.66737506e+00
2.44502482e-01	1.70404830e+00
2.44836046e-01	1.74011658e+00
2.45169610e-01	1.77631339e+00
2.45503174e-01	1.81343853e+00
2.45836738e-01	1.85228957e+00
2.46170302e-01	1.89359326e+00
2.46503866e-01	1.93794390e+00
2.46837430e-01	1.98575443e+00
2.47170995e-01	2.03722348e+00
2.47504559e-01	2.09231911e+00
2.47838123e-01	2.15077745e+00
2.48171687e-01	2.21211322e+00
2.48505251e-01	2.27563910e+00
2.48838815e-01	2.34049206e+00
2.49172379e-01	2.40566666e+00
2.49505943e-01	2.47005623e+00
2.49839507e-01	2.53250308e+00
2.50173071e-01	2.59185748e+00
2.50506635e-01	2.64704232e+00
2.50840200e-01	2.69711801e+00
2.51173764e-01	2.74133990e+00
2.51507328e-01	2.77920069e+00
2.51840892e-01	2.81045139e+00
2.52174456e-01	2.83509790e+00
2.52508020e-01	2.85337395e+00
2.52841584e-01	2.86569531e+00
2.53175148e-01	2.87260241e+00
2.53508712e-01	2.87470022e+00
2.53842276e-01	2.87260357e+00
2.54175841e-01	2.86689425e+00
2.54509405e-01	2.85809393e+00
2.54842969e-01	2.84665330e+00
2.55176533e-01	2.83295561e+00
2.55510097e-01	2.81732987e+00
2.55843661e-01	2.80006814e+00
2.56177225e-01	2.78144084e+00
2.56510789e-01	2.76170512e+00
2.56844353e-01	2.74110344e+00
2.57177917e-01	2.71985242e+00
2.57511481e-01	2.69812528e+00
2.57845046e-01	2.67603348e+00
2.58178610e-01	2.65361428e+00
2.58512174e-01	2.63082960e+00
2.58845738e-01	2.60757855e+00
2.59179302e-01	2.58372197e+00
2.59512866e-01	2.55911355e+00
2.59846430e-01	2.53362997e+00
2.60179994e-01	2.50719288e+00
2.60513558e-01	2.47977842e+00
2.60847122e-01	2.45141378e+00
2.61180687e-01	2.42216475e+00
2.61514251e-01	2.39212039e+00
2.61847815e-01	2.36138106e+00
2.62181379e-01	2.33005374e+00
2.62514943e-01	2.29825431e+00
2.62848507e-01	2.26611325e+00
2.63182071e-01	2.23377880e+00
2.63515635e-01	2.20141220e+00
2.63849199e-01	2.16917194e+00
2.64182763e-01	2.13718820e+00
2.64516327e-01	2.10553210e+00
2.64849892e-01	2.07418688e+00
2.65183456e-01	2.04302872e+00
2.65517020e-01	2.01182237e+00
2.65850584e-01	1.98023435e+00
2.66184148e-01	1.94786218e+00
2.66517712e-01	1.91427587e+00
2.66851276e-01	1.87906574e+00
2.67184840e-01	1.84189032e+00
2.67518404e-01	1.80251823e+00
2.67851968e-01	1.76085839e+00
2.68185533e-01	1.71697393e+00
2.68519097e-01	1.67107694e+00
2.68852661e-01	1.62350333e+00
2.69186225e-01	1.57467092e+00
2.69519789e-01	1.52502701e+00
2.69853353e-01	1.47499428e+00
2.70186917e-01	1.42492410e+00
2.70520481e-01	1.37506454e+00
2.70854045e-01	1.32554588e+00
2.71187609e-01	1.27638212e+00
2.71521173e-01	1.22748333e+00
2.71854738e-01	1.17867240e+00
2.72188302e-01	1.12970143e+00
2.72521866e-01	1.08026612e+00
2.72855430e-01	1.03002024e+00
2.73188994e-01	9.78594171e-01
2.73522558e-01	9.25621354e-01
2.73856122e-01	8.70773660e-01
2.74189686e-01	8.13803253e-01
2.74523250e-01	7.54585206e-01
2.74856814e-01	6.93153825e-01
2.75190379e-01	6.29726398e-01
2.75523943e-01	5.64710563e-01
2.75857507e-01	4.98694510e-01
2.76191071e-01	4.32421753e-01
2.76524635e-01	3.66753502e-01
2.76858199e-01	3.02621782e-01
2.77191763e-01	2.40975874e-01
2.77525327e-01	1.82724330e-01
2.77858891e-01	1.28675169e-01
2.78192455e-01	7.94781245e-02
2.78526019e-01	3.55743741e-02
2.78859584e-01	-2.83979517e-03
2.79193148e-01	-3.58291972e-02
2.79526712e-01	-6.37116607e-02
2.79860276e-01	-8.70249789e-02
2.80193840e-01	-1.06472418e-01
2.80527404e-01	-1.22854047e-01
2.80860968e-01	-1.36993386e-01
2.81194532e-01	-1.49669073e-01
2.81528096e-01	-1.61559482e-01
2.81861660e-01	-1.73205151e-01
2.82195225e-01	-1.84990505e-01
2.82528789e-01	-1.97143611e-01
2.82862353e-01	-2.09751043e-01
2.83195917e-01	-2.22784392e-01
2.83529481e-01	-2.36134912e-01
2.83863045e-01	-2.49652652e-01
2.84196609e-01	-2.63185824e-01
2.84530173e-01	-2.76615193e-01
2.84863737e-01	-2.89877670e-01
2.85197301e-01	-3.02973932e-01
2.85530865e-01	-3.15957265e-01
2.85864430e-01	-3.28905002e-01
2.86197994e-01	-3.41878752e-01
2.86531558e-01	-3.54883648e-01
2.86865122e-01	-3.67838346e-01
2.87198686e-01	-3.80565577e-01
2.87532250e-01	-3.92807897e-01
2.87865814e-01	-4.04266249e-01
2.88199378e-01	-4.14652333e-01
2.88532942e-01	-4.23741714e-01
2.88866506e-01	-4.31414470e-01
2.89200071e-01	-4.37674067e-01
2.89533635e-01	-4.42641509e-01
2.89867199e-01	-4.46528621e-01
2.90200763e-01	-4.49599166e-01
2.90534327e-01	-4.52128103e-01
2.90867891e-01	-4.54367515e-01
2.91201455e-01	-4.56523715e-01
2.91535019e-01	-4.58745569e-01
2.91868583e-01	-4.61120898e-01
2.92202147e-01	-4.63676777e-01
2.92535711e-01	-4.66380713e-01
2.92869276e-01	-4.69141996e-01
2.93202840e-01	-4.71814859e-01
2.93536404e-01	-4.74206377e-01
2.93869968e-01	-4.76091743e-01
2.94203532e-01	-4.77238017e-01
2.94537096e-01	-4.77435070e-01
2.94870660e-01	-4.76530269e-01
2.95204224e-01	-4.74461880e-01
2.95537788e-01	-4.71285649e-01
2.95871352e-01	-4.67189445e-01
2.96204917e-01	-4.62492101e-01
2.96538481e-01	-4.57624504e-01
2.96872045e-01	-4.53093345e-01
2.97205609e-01	-4.49430637e-01
2.97539173e-01	-4.47134722e-01
2.97872737e-01	-4.46610613e-01
2.98206301e-01	-4.48118579e-01
2.98539865e-01	-4.51739388e-01
2.98873429e-01	-4.57362460e-01
2.99206993e-01	-4.64699622e-01
2.99540557e-01	-4.73322886e-01
2.99874122e-01	-4.82720607e-01
3.00207686e-01	-4.92363412e-01
3.00541250e-01	-5.01769994e-01
3.00874814e-01	-5.10563525e-01
3.01208378e-01	-5.18511727e-01
3.01541942e-01	-5.25547127e-01
3.01875506e-01	-5.31767708e-01
3.02209070e-01	-5.37421450e-01
3.02542634e-01	-5.42880310e-01
3.02876198e-01	-5.48609640e-01
3.03209763e-01	-5.55137995e-01
3.03543327e-01	-5.63030003e-01
3.03876891e-01	-5.72862372e-01
3.04210455e-01	-5.85201031e-01
3.04544019e-01	-6.00576492e-01
3.04877583e-01	-6.19455117e-01
3.05211147e-01	-6.42205790e-01
3.05544711e-01	-6.69064015e-01
3.05878275e-01	-7.00097874e-01
3.06211839e-01	-7.35181820e-01
3.06545403e-01	-7.73984552e-01
3.06878968e-01	-8.15975972e-01
3.07212532e-01	-8.60455774e-01
3.07546096e-01	-9.06602747e-01
3.07879660e-01	-9.53540146e-01
3.08213224e-01	-1.00040909e+00
3.08546788e-01	-1.04643972e+00
3.08880352e-01	-1.09100949e+00
3.09213916e-01	-1.13367974e+00
3.09547480e-01	-1.17420563e+00
3.09881044e-01	-1.21251965e+00
3.10214609e-01	-1.24869393e+00
3.10548173e-01	-1.28289040e+00
3.10881737e-01	-1.31530936e+00
3.11215301e-01	-1.34614563e+00
3.11548865e-01	-1.37555848e+00
3.11882429e-01	-1.40365707e+00
3.12215993e-01	-1.43049968e+00
3.12549557e-01	-1.45610242e+00
3.12883121e-01	-1.48045259e+00
3.13216685e-01	-1.50352260e+00
3.13550249e-01	-1.52528204e+00
3.13883814e-01	-1.54570668e+00
3.14217378e-01	-1.56478439e+00
3.14550942e-01	-1.58251807e+00
3.14884506e-01	-1.59892572e+00
3.15218070e-01	-1.61403798e+00
3.15551634e-01	-1.62789356e+00
3.15885198e-01	-1.64053339e+00
3.16218762e-01	-1.65199431e+00
3.16552326e-01	-1.66230309e+00
3.16885890e-01	-1.67147068e+00
3.17219455e-01	-1.67948645e+00
3.17553019e-01	-1.68631179e+00
3.17886583e-01	-1.69187369e+00
3.18220147e-01	-1.69605971e+00
3.18553711e-01	-1.69871741e+00
3.18887275e-01	-1.69966143e+00
3.19220839e-01	-1.69869026e+00
3.19554403e-01	-1.69561233e+00
3.19887967e-01	-1.69027756e+00
3.20221531e-01	-1.68260770e+00
3.20555095e-01	-1.67261761e+00
3.20888660e-01	-1.66042078e+00
3.21222224e-01	-1.64621579e+00
3.21555788e-01	-1.63025517e+00
3.21889352e-01	-1.61280241e+00
3.22222916e-01	-1.59408617e+00
3.22556480e-01	-1.57426118e+00
3.22890044e-01	-1.55338339e+00
3.23223608e-01	-1.53140369e+00
3.23557172e-01	-1.50817995e+00
3.23890736e-01	-1.48350391e+00
3.24224301e-01	-1.45713722e+00
3.24557865e-01	-1.42885024e+00
3.24891429e-01	-1.39845829e+00
3.25224993e-01	-1.36585120e+00
3.25558557e-01	-1.33101398e+00
3.25892121e-01	-1.29403715e+00
3.26225685e-01	-1.25511680e+00
3.26559249e-01	-1.21454442e+00
3.26892813e-01	-1.17268791e+00
3.27226377e-01	-1.12996534e+00
3.27559941e-01	-1.08681418e+00
3.27893506e-01	-1.04365894e+00
3.28227070e-01	-1.00088001e+00
3.28560634e-01	-9.58786016e-01
3.28894198e-01	-9.17591183e-01
3.29227762e-01	-8.77398331e-01
3.29561326e-01	-8.38188460e-01
3.29894890e-01	-7.99818045e-01
3.30228454e-01	-7.62026060e-01
3.30562018e-01	-7.24452943e-01
3.30895582e-01	-6.86672938e-01
3.31229147e-01	-6.48239085e-01
3.31562711e-01	-6.08736919e-01
3.31896275e-01	-5.67839728e-01
3.32229839e-01	-5.25356108e-01
3.32563403e-01	-4.81260782e-01
3.32896967e-01	-4.35702475e-01
3.33230531e-01	-3.88987593e-01
3.33564095e-01	-3.41544017e-01
3.33897659e-01	-2.93053166e-01
