-8.00553828e-03	-0.00000000e+00
-7.67197419e-03	-4.45238336e-05
-7.33841009e-03	-1.78888462e-04
-7.00484600e-03	-5.29676890e-04
-6.67128190e-03	-1.30576720e-03
-6.33771781e-03	-2.97572634e-03
-6.00415371e-03	-6.57231904e-03
-5.67058962e-03	-1.39686417e-02
-5.33702552e-03	-2.84961465e-02
-5.00346143e-03	-5.60607684e-02
-4.66989733e-03	-1.06384072e-01
-4.33633324e-03	-1.94670064e-01
-4.00276914e-03	-3.43713954e-01
-3.66920505e-03	-5.85663796e-01
-3.33564095e-03	-9.63239633e-01
-3.00207686e-03	-1.52968905e+00
-2.66851276e-03	-2.34635369e+00
-2.33494867e-03	-3.47762292e+00
-2.00138457e-03	-4.98295762e+00
-1.66782048e-03	-6.90657269e+00
-1.33425638e-03	-9.26657112e+00
-1.00069229e-03	-1.20455061e+01
-6.67128190e-04	-1.51850374e+01
-3.33564095e-04	-1.85866788e+01
1.85165269e-18	-2.21192900e+01
3.33564095e-04	-2.56326300e+01
6.67128190e-04	-2.89743440e+01
1.00069229e-03	-3.20069841e+01
1.33425638e-03	-3.46216151e+01
1.66782048e-03	-3.67454553e+01
2.00138457e-03	-3.83428428e+01
2.33494867e-03	-3.94104072e+01
2.66851276e-03	-3.99686772e+01
3.00207686e-03	-4.00527847e+01
3.33564095e-03	-3.97044893e+01
3.66920505e-03	-3.89668678e+01
4.00276914e-03	-3.78819268e+01
4.33633324e-03	-3.64905237e+01
4.66989733e-03	-3.48336140e+01
5.00346143e-03	-3.29537661e+01
5.33702552e-03	-3.08961575e+01
5.67058962e-03	-2.87086887e+01
6.00415371e-03	-2.64410834e+01
6.33771781e-03	-2.41432395e+01
6.67128190e-03	-2.18630950e+01
7.00484600e-03	-1.96443932e+01
7.33841009e-03	-1.75247135e+01
7.67197419e-03	-1.55339601e+01
8.00553828e-03	-1.36935910e+01
8.33910238e-03	-1.20165301e+01
8.67266648e-03	-1.05078101e+01
9.00623057e-03	-9.16575608e+00
9.33979467e-03	-7.98349272e+00
9.67335876e-03	-6.95061857e+00
1.00069229e-02	-6.05471272e+00
1.03404870e-02	-5.28265250e+00
1.06740510e-02	-4.62151381e+00
1.10076151e-02	-4.05912517e+00
1.13411792e-02	-3.58428326e+00
1.16747433e-02	-3.18668887e+00
1.20083074e-02	-2.85680050e+00
1.23418715e-02	-2.58558205e+00
1.26754356e-02	-2.36437019e+00
1.30089997e-02	-2.18477291e+00
1.33425638e-02	-2.03870122e+00
1.36761279e-02	-1.91845974e+00
1.40096920e-02	-1.81683845e+00
1.43432561e-02	-1.72722146e+00
1.46768202e-02	-1.64356733e+00
1.50103843e-02	-1.56036831e+00
1.53439484e-02	-1.47245941e+00
1.56775125e-02	-1.37481137e+00
1.60110766e-02	-1.26227238e+00
1.63446407e-02	-1.12935103e+00
1.66782048e-02	-9.70131674e-01
1.70117689e-02	-7.78340525e-01
1.73453330e-02	-5.47731785e-01
1.76788970e-02	-2.72710391e-01
1.80124611e-02	5.07055320e-02
1.83460252e-02	4.23794923e-01
1.86795893e-02	8.44022119e-01
1.90131534e-02	1.30419648e+00
1.93467175e-02	1.79218558e+00
1.96802816e-02	2.29135902e+00
2.00138457e-02	2.78195880e+00
2.03474098e-02	3.24319490e+00
2.06809739e-02	3.65588015e+00
2.10145380e-02	4.00499392e+00
2.13481021e-02	4.28167351e+00
2.16816662e-02	4.48404202e+00
2.20152303e-02	4.61657013e+00
2.23487944e-02	4.68804056e+00
2.26823585e-02	4.70846285e+00
2.30159226e-02	4.68578289e+00
2.33494867e-02	4.62313979e+00
2.36830508e-02	4.51756402e+00
2.40166149e-02	4.36047005e+00
2.43501789e-02	4.13999994e+00
2.46837430e-02	3.84469662e+00
2.50173071e-02	3.46761625e+00
2.53508712e-02	3.00988806e+00
2.56844353e-02	2.48266793e+00
2.60179994e-02	1.90694688e+00
2.63515635e-02	1.31096121e+00
2.66851276e-02	7.25760350e-01
2.70186917e-02	1.79850503e-01
2.73522558e-02	-3.05699511e-01
2.76858199e-02	-7.20343317e-01
2.80193840e-02	-1.06439656e+00
2.83529481e-02	-1.34633807e+00
2.86865122e-02	-1.57784143e+00
2.90200763e-02	-1.76792468e+00
2.93536404e-02	-1.91819109e+00
2.96872045e-02	-2.02074652e+00
3.00207686e-02	-2.05972113e+00
3.03543327e-02	-2.01609675e+00
3.06878968e-02	-1.87446529e+00
3.10214609e-02	-1.62971495e+00
3.13550249e-02	-1.29155875e+00
3.16885890e-02	-8.85599363e-01
3.20221531e-02	-4.50521437e-01
3.23557172e-02	-3.22283938e-02
3.26892813e-02	3.23641711e-01
3.30228454e-02	5.79026295e-01
3.33564095e-02	7.09094465e-01
3.36899736e-02	7.05316444e-01
3.40235377e-02	5.75645025e-01
3.43571018e-02	3.42130153e-01
3.46906659e-02	3.65775249e-02
3.50242300e-02	-3.04804498e-01
3.53577941e-02	-6.46870685e-01
3.56913582e-02	-9.60157129e-01
3.60249223e-02	-1.22398060e+00
3.63584864e-02	-1.42761090e+00
3.66920505e-02	-1.56955092e+00
3.70256146e-02	-1.65536002e+00
3.73591787e-02	-1.69467943e+00
3.76927428e-02	-1.69824021e+00
3.80263069e-02	-1.67539679e+00
3.83598709e-02	-1.63255282e+00
3.86934350e-02	-1.57246148e+00
3.90269991e-02	-1.49427859e+00
3.93605632e-02	-1.39414190e+00
3.96941273e-02	-1.26617942e+00
4.00276914e-02	-1.10395765e+00
4.03612555e-02	-9.02386326e-01
4.06948196e-02	-6.60001144e-01
4.10283837e-02	-3.81210632e-01
4.13619478e-02	-7.79194180e-02
4.16955119e-02	2.30236267e-01
4.20290760e-02	5.17562219e-01
4.23626401e-02	7.56059698e-01
4.26962042e-02	9.20787081e-01
4.30297683e-02	9.95777132e-01
4.33633324e-02	9.79070004e-01
4.36968965e-02	8.85397543e-01
4.40304606e-02	7.45553075e-01
4.43640247e-02	6.02184130e-01
4.46975888e-02	5.02681413e-01
4.50311529e-02	4.90498006e-01
4.53647169e-02	5.96737858e-01
4.56982810e-02	8.33837829e-01
4.60318451e-02	1.19279601e+00
4.63654092e-02	1.64463117e+00
4.66989733e-02	2.14580429e+00
4.70325374e-02	2.64647987e+00
4.73661015e-02	3.09980224e+00
4.76996656e-02	3.47016123e+00
4.80332297e-02	3.73857136e+00
4.83667938e-02	3.90405658e+00
4.87003579e-02	3.98093877e+00
4.90339220e-02	3.99306206e+00
4.93674861e-02	3.96675516e+00
4.97010502e-02	3.92453314e+00
5.00346143e-02	3.88114603e+00
5.03681784e-02	3.84264109e+00
5.07017425e-02	3.80809505e+00
5.10353066e-02	3.77276826e+00
5.13688707e-02	3.73118256e+00
5.17024348e-02	3.67890909e+00
5.20359989e-02	3.61266271e+00
5.23695629e-02	3.52912336e+00
5.27031270e-02	3.42344086e+00
5.30366911e-02	3.28846293e+00
5.33702552e-02	3.11531330e+00
5.37038193e-02	2.89536757e+00
5.40373834e-02	2.62300799e+00
5.43709475e-02	2.29822803e+00
5.47045116e-02	1.92813386e+00
5.50380757e-02	1.52676263e+00
5.53716398e-02	1.11311811e+00
5.57052039e-02	7.07818686e-01
5.60387680e-02	3.29170710e-01
5.63723321e-02	-1.03276459e-02
5.67058962e-02	-3.06053736e-01
5.70394603e-02	-5.61308289e-01
5.73730244e-02	-7.85312308e-01
5.77065885e-02	-9.89805410e-01
5.80401526e-02	-1.18534172e+00
5.83737167e-02	-1.37850495e+00
5.87072808e-02	-1.57094419e+00
5.90408449e-02	-1.76041998e+00
5.93744089e-02	-1.94327190e+00
5.97079730e-02	-2.11712756e+00
6.00415371e-02	-2.28266420e+00
6.03751012e-02	-2.44366747e+00
6.07086653e-02	-2.60541223e+00
6.10422294e-02	-2.77209401e+00
6.13757935e-02	-2.94445375e+00
6.17093576e-02	-3.11866778e+00
6.20429217e-02	-3.28701021e+00
6.23764858e-02	-3.44005423e+00
6.27100499e-02	-3.56952470e+00
6.30436140e-02	-3.67072610e+00
6.33771781e-02	-3.74367055e+00
6.37107422e-02	-3.79258096e+00
6.40443063e-02	-3.82406206e+00
6.43778704e-02	-3.84472108e+00
6.47114345e-02	-3.85918312e+00
6.50449986e-02	-3.86916448e+00
6.53785627e-02	-3.87375289e+00
6.57121268e-02	-3.87049662e+00
6.60456908e-02	-3.85665703e+00
6.63792549e-02	-3.83004618e+00
6.67128190e-02	-3.78922768e+00
6.70463831e-02	-3.73328770e+00
6.73799472e-02	-3.66163171e+00
6.77135113e-02	-3.57418889e+00
6.80470754e-02	-3.47202057e+00
6.83806395e-02	-3.35795549e+00
6.87142036e-02	-3.23674185e+00
6.90477677e-02	-3.11442540e+00
6.93813318e-02	-2.99705855e+00
6.97148959e-02	-2.88919601e+00
7.00484600e-02	-2.79276814e+00
7.03820241e-02	-2.70676241e+00
7.07155882e-02	-2.62777260e+00
7.10491523e-02	-2.55108134e+00
7.13827164e-02	-2.47176812e+00
7.17162805e-02	-2.38546050e+00
7.20498446e-02	-2.28863689e+00
7.23834087e-02	-2.17864583e+00
7.27169728e-02	-2.05370186e+00
7.30505368e-02	-1.91303189e+00
7.33841009e-02	-1.75715641e+00
7.37176650e-02	-1.58809005e+00
7.40512291e-02	-1.40921840e+00
7.43847932e-02	-1.22476425e+00
7.47183573e-02	-1.03899945e+00
7.50519214e-02	-8.55502672e-01
7.53854855e-02	-6.76706065e-01
7.57190496e-02	-5.03828356e-01
7.60526137e-02	-3.37096109e-01
7.63861778e-02	-1.76079835e-01
7.67197419e-02	-1.99863988e-02
7.70533060e-02	1.32129923e-01
7.73868701e-02	2.81148649e-01
7.77204342e-02	4.27581937e-01
7.80539983e-02	5.71196016e-01
7.83875624e-02	7.10727027e-01
7.87211265e-02	8.43878160e-01
7.90546906e-02	9.67707129e-01
7.93882547e-02	1.07935211e+00
7.97218188e-02	1.17687645e+00
8.00553828e-02	1.25999313e+00
8.03889469e-02	1.33042790e+00
8.07225110e-02	1.39181755e+00
8.10560751e-02	1.44912932e+00
8.13896392e-02	1.50769381e+00
8.17232033e-02	1.57205791e+00
8.20567674e-02	1.64489801e+00
8.23903315e-02	1.72631448e+00
8.27238956e-02	1.81372913e+00
8.30574597e-02	1.90247575e+00
8.33910238e-02	1.98695018e+00
8.37245879e-02	2.06195788e+00
8.40581520e-02	2.12385387e+00
8.43917161e-02	2.17109394e+00
8.47252802e-02	2.20409365e+00
8.50588443e-02	2.22456020e+00
8.53924084e-02	2.23464058e+00
8.57259725e-02	2.23627412e+00
8.60595366e-02	2.23092949e+00
8.63931007e-02	2.21975656e+00
8.67266648e-02	2.20400325e+00
8.70602288e-02	2.18546370e+00
8.73937929e-02	2.16675671e+00
8.77273570e-02	2.15122493e+00
8.80609211e-02	2.14241810e+00
8.83944852e-02	2.14324696e+00
8.87280493e-02	2.15501842e+00
8.90616134e-02	2.17669316e+00
8.93951775e-02	2.20462822e+00
8.97287416e-02	2.23301795e+00
9.00623057e-02	2.25499383e+00
9.03958698e-02	2.26407371e+00
9.07294339e-02	2.25559216e+00
9.10629980e-02	2.22768758e+00
9.13965621e-02	2.18164477e+00
9.17301262e-02	2.12155985e+00
9.20636903e-02	2.05342745e+00
9.23972544e-02	1.98396442e+00
9.27308185e-02	1.91938731e+00
9.30643826e-02	1.86437849e+00
9.33979467e-02	1.82142342e+00
9.37315108e-02	1.79058613e+00
9.40650748e-02	1.76984491e+00
9.43986389e-02	1.75587556e+00
9.47322030e-02	1.74509107e+00
9.50657671e-02	1.73470003e+00
9.53993312e-02	1.72342712e+00
9.57328953e-02	1.71175686e+00
9.60664594e-02	1.70161627e+00
9.64000235e-02	1.69557481e+00
9.67335876e-02	1.69583951e+00
9.70671517e-02	1.70326312e+00
9.74007158e-02	1.71670910e+00
9.77342799e-02	1.73302331e+00
9.80678440e-02	1.74765839e+00
9.84014081e-02	1.75587622e+00
9.87349722e-02	1.75414447e+00
9.90685363e-02	1.74128668e+00
9.94021004e-02	1.71903213e+00
9.97356645e-02	1.69173049e+00
1.00069229e-01	1.66533009e+00
1.00402793e-01	1.64593911e+00
1.00736357e-01	1.63838401e+00
1.01069921e-01	1.64519907e+00
1.01403485e-01	1.66627468e+00
1.01737049e-01	1.69916399e+00
1.02070613e-01	1.73990989e+00
1.02404177e-01	1.78408337e+00
1.02737741e-01	1.82771589e+00
1.03071305e-01	1.86794011e+00
1.03404870e-01	1.90322986e+00
1.03738434e-01	1.93330532e+00
1.04071998e-01	1.95884682e+00
1.04405562e-01	1.98114182e+00
1.04739126e-01	2.00180796e+00
1.05072690e-01	2.02258016e+00
1.05406254e-01	2.04508589e+00
1.05739818e-01	2.07056488e+00
1.06073382e-01	2.09952681e+00
1.06406946e-01	2.13146811e+00
1.06740510e-01	2.16475828e+00
1.07074075e-01	2.19680955e+00
1.07407639e-01	2.22457662e+00
1.07741203e-01	2.24528298e+00
1.08074767e-01	2.25726395e+00
1.08408331e-01	2.26067259e+00
1.08741895e-01	2.25779646e+00
1.09075459e-01	2.25286348e+00
1.09409023e-01	2.25122542e+00
1.09742587e-01	2.25810432e+00
1.10076151e-01	2.27724849e+00
1.10409716e-01	2.30979711e+00
1.10743280e-01	2.35371886e+00
1.11076844e-01	2.40395678e+00
1.11410408e-01	2.45319360e+00
1.11743972e-01	2.49310878e+00
1.12077536e-01	2.51581309e+00
1.12411100e-01	2.51514549e+00
1.12744664e-01	2.48765586e+00
1.13078228e-01	2.43313951e+00
1.13411792e-01	2.35468177e+00
1.13745356e-01	2.25828966e+00
1.14078921e-01	2.15218792e+00
1.14412485e-01	2.04581355e+00
1.14746049e-01	1.94862257e+00
1.15079613e-01	1.86883461e+00
1.15413177e-01	1.81223051e+00
1.15746741e-01	1.78126368e+00
1.16080305e-01	1.77466651e+00
1.16413869e-01	1.78759498e+00
1.16747433e-01	1.81238250e+00
1.17080997e-01	1.83975836e+00
1.17414562e-01	1.86025906e+00
1.17748126e-01	1.86566851e+00
1.18081690e-01	1.85023563e+00
1.18415254e-01	1.81144467e+00
1.18748818e-01	1.75028846e+00
1.19082382e-01	1.67098709e+00
1.19415946e-01	1.58015084e+00
1.19749510e-01	1.48553842e+00
1.20083074e-01	1.39462196e+00
1.20416638e-01	1.31320698e+00
1.20750202e-01	1.24439757e+00
1.21083767e-01	1.18814732e+00
1.21417331e-01	1.14147394e+00
1.21750895e-01	1.09929678e+00
1.22084459e-01	1.05573922e+00
1.22418023e-01	1.00553113e+00
1.22751587e-01	9.45137964e-01
1.23085151e-01	8.73380087e-01
1.23418715e-01	7.91371080e-01
1.23752279e-01	7.01822146e-01
1.24085843e-01	6.07991185e-01
1.24419408e-01	5.12556842e-01
1.24752972e-01	4.16715501e-01
1.25086536e-01	3.19786584e-01
1.25420100e-01	2.19423457e-01
1.25753664e-01	1.12371105e-01
1.26087228e-01	-4.40791868e-03
1.26420792e-01	-1.32566682e-01
1.26754356e-01	-2.71527499e-01
1.27087920e-01	-4.18207370e-01
1.27421484e-01	-5.67405687e-01
1.27755048e-01	-7.12776836e-01
1.28088613e-01	-8.48121221e-01
1.28422177e-01	-9.68592995e-01
1.28755741e-01	-1.07148667e+00
1.29089305e-01	-1.15642053e+00
1.29422869e-01	-1.22488024e+00
1.29756433e-01	-1.27934584e+00
1.30089997e-01	-1.32241847e+00
1.30423561e-01	-1.35625507e+00
1.30757125e-01	-1.38245093e+00
1.31090689e-01	-1.40237446e+00
1.31424254e-01	-1.41771966e+00
1.31757818e-01	-1.43091880e+00
1.32091382e-01	-1.44518075e+00
1.32424946e-01	-1.46407669e+00
1.32758510e-01	-1.49076602e+00
1.33092074e-01	-1.52715158e+00
1.33425638e-01	-1.57330155e+00
1.33759202e-01	-1.62736985e+00
1.34092766e-01	-1.68607508e+00
1.34426330e-01	-1.74558354e+00
1.34759894e-01	-1.80249583e+00
1.35093459e-01	-1.85462764e+00
1.35427023e-01	-1.90135668e+00
1.35760587e-01	-1.94346805e+00
1.36094151e-01	-1.98260636e+00
1.36427715e-01	-2.02053480e+00
1.36761279e-01	-2.05842899e+00
1.37094843e-01	-2.09642172e+00
1.37428407e-01	-2.13352426e+00
1.37761971e-01	-2.16791742e+00
1.38095535e-01	-2.19749983e+00
1.38429100e-01	-2.22051540e+00
1.38762664e-01	-2.23607085e+00
1.39096228e-01	-2.24440495e+00
1.39429792e-01	-2.24685598e+00
1.39763356e-01	-2.24556574e+00
1.40096920e-01	-2.24303913e+00
1.40430484e-01	-2.24171981e+00
1.40764048e-01	-2.24371069e+00
1.41097612e-01	-2.25066867e+00
1.41431176e-01	-2.26381771e+00
1.41764740e-01	-2.28399494e+00
1.42098305e-01	-2.31163463e+00
1.42431869e-01	-2.34662924e+00
1.42765433e-01	-2.38812500e+00
1.43098997e-01	-2.43438281e+00
1.43432561e-01	-2.48278239e+00
1.43766125e-01	-2.52999799e+00
1.44099689e-01	-2.57236996e+00
1.44433253e-01	-2.60643017e+00
1.44766817e-01	-2.62945783e+00
1.45100381e-01	-2.63995759e+00
1.45433946e-01	-2.63798622e+00
1.45767510e-01	-2.62523787e+00
1.46101074e-01	-2.60481879e+00
1.46434638e-01	-2.58072665e+00
1.46768202e-01	-2.55712060e+00
1.47101766e-01	-2.53751358e+00
1.47435330e-01	-2.52406707e+00
1.47768894e-01	-2.51719006e+00
1.48102458e-01	-2.51557812e+00
1.48436022e-01	-2.51668253e+00
1.48769586e-01	-2.51746230e+00
1.49103151e-01	-2.51520955e+00
1.49436715e-01	-2.50822493e+00
1.49770279e-01	-2.49614789e+00
1.50103843e-01	-2.47986753e+00
1.50437407e-01	-2.46109661e+00
1.50770971e-01	-2.44176785e+00
1.51104535e-01	-2.42343118e+00
1.51438099e-01	-2.40684118e+00
1.51771663e-01	-2.39186115e+00
1.52105227e-01	-2.37768116e+00
1.52438792e-01	-2.36326046e+00
1.52772356e-01	-2.34785701e+00
1.53105920e-01	-2.33145500e+00
1.53439484e-01	-2.31491249e+00
1.53773048e-01	-2.29976028e+00
1.54106612e-01	-2.28771292e+00
1.54440176e-01	-2.28004850e+00
1.54773740e-01	-2.27706343e+00
1.55107304e-01	-2.27778336e+00
1.55440868e-01	-2.28002080e+00
1.55774432e-01	-2.28076746e+00
1.56107997e-01	-2.27681826e+00
1.56441561e-01	-2.26545476e+00
1.56775125e-01	-2.24500954e+00
1.57108689e-01	-2.21519369e+00
1.57442253e-01	-2.17714153e+00
1.57775817e-01	-2.13318321e+00
1.58109381e-01	-2.08639773e+00
1.58442945e-01	-2.04002327e+00
1.58776509e-01	-1.99682180e+00
1.59110073e-01	-1.95852236e+00
1.59443638e-01	-1.92547650e+00
1.59777202e-01	-1.89663107e+00
1.60110766e-01	-1.86985674e+00
1.60444330e-01	-1.84257465e+00
1.60777894e-01	-1.81253369e+00
1.61111458e-01	-1.77854546e+00
1.61445022e-01	-1.74097605e+00
1.61778586e-01	-1.70182137e+00
1.62112150e-01	-1.66429469e+00
1.62445714e-01	-1.63201823e+00
1.62779278e-01	-1.60804040e+00
1.63112843e-01	-1.59394609e+00
1.63446407e-01	-1.58931123e+00
1.63779971e-01	-1.59166898e+00
1.64113535e-01	-1.59699979e+00
1.64447099e-01	-1.60059287e+00
1.64780663e-01	-1.59801855e+00
1.65114227e-01	-1.58592130e+00
1.65447791e-01	-1.56242309e+00
1.65781355e-01	-1.52710028e+00
1.66114919e-01	-1.48065184e+00
1.66448484e-01	-1.42443668e+00
1.66782048e-01	-1.36006897e+00
1.67115612e-01	-1.28923254e+00
1.67449176e-01	-1.21375370e+00
1.67782740e-01	-1.13581206e+00
1.68116304e-01	-1.05810678e+00
1.68449868e-01	-9.83837928e-01
1.68783432e-01	-9.16434051e-01
1.69116996e-01	-8.59051509e-01
1.69450560e-01	-8.13981265e-01
1.69784124e-01	-7.82146705e-01
1.70117689e-01	-7.62846858e-01
1.70451253e-01	-7.53848395e-01
1.70784817e-01	-7.51847807e-01
1.71118381e-01	-7.53186623e-01
1.71451945e-01	-7.54594671e-01
1.71785509e-01	-7.53750467e-01
1.72119073e-01	-7.49533855e-01
1.72452637e-01	-7.41924658e-01
1.72786201e-01	-7.31587654e-01
1.73119765e-01	-7.19293063e-01
1.73453330e-01	-7.05386403e-01
1.73786894e-01	-6.89486852e-01
1.74120458e-01	-6.70490532e-01
1.74454022e-01	-6.46846182e-01
1.74787586e-01	-6.16986652e-01
1.75121150e-01	-5.79757429e-01
1.75454714e-01	-5.34698321e-01
1.75788278e-01	-4.82100677e-01
1.76121842e-01	-4.22853059e-01
1.76455406e-01	-3.58172604e-01
1.76788970e-01	-2.89361302e-01
1.77122535e-01	-2.17695988e-01
1.77456099e-01	-1.44478354e-01
1.77789663e-01	-7.11998780e-02
1.78123227e-01	2.60232780e-04
1.78456791e-01	6.75177907e-02
1.78790355e-01	1.27773245e-01
1.79123919e-01	1.78166029e-01
1.79457483e-01	2.16321547e-01
1.79791047e-01	2.40934225e-01
1.80124611e-01	2.52233412e-01
1.80458176e-01	2.52211455e-01
1.80791740e-01	2.44523214e-01
1.81125304e-01	2.34030273e-01
1.81458868e-01	2.26069101e-01
1.81792432e-01	2.25614351e-01
1.82125996e-01	2.36536387e-01
1.82459560e-01	2.61115484e-01
1.82793124e-01	2.99898237e-01
1.83126688e-01	3.51887695e-01
1.83460252e-01	4.14966302e-01
1.83793816e-01	4.86381967e-01
1.84127381e-01	5.63118162e-01
1.84460945e-01	6.42046677e-01
1.84794509e-01	7.19897378e-01
1.85128073e-01	7.93187949e-01
1.85461637e-01	8.58278259e-01
1.85795201e-01	9.11663239e-01
1.86128765e-01	9.50526390e-01
1.86462329e-01	9.73446505e-01
1.86795893e-01	9.81016894e-01
1.87129457e-01	9.76097536e-01
1.87463022e-01	9.63536204e-01
1.87796586e-01	9.49392961e-01
1.88130150e-01	9.39859773e-01
1.88463714e-01	9.40141311e-01
1.88797278e-01	9.53579167e-01
1.89130842e-01	9.81246941e-01
1.89464406e-01	1.02208506e+00
1.89797970e-01	1.07344042e+00
1.90131534e-01	1.13176243e+00
1.90465098e-01	1.19323884e+00
1.90798662e-01	1.25425315e+00
1.91132227e-01	1.31162733e+00
1.91465791e-01	1.36268646e+00
1.91799355e-01	1.40526291e+00
1.92132919e-01	1.43778739e+00
1.92466483e-01	1.45952779e+00
1.92800047e-01	1.47089012e+00
1.93133611e-01	1.47361753e+00
1.93467175e-01	1.47075793e+00
1.93800739e-01	1.46634159e+00
1.94134303e-01	1.46476855e+00
1.94467868e-01	1.46999426e+00
1.94801432e-01	1.48473452e+00
1.95134996e-01	1.50997292e+00
1.95468560e-01	1.54494684e+00
1.95802124e-01	1.58758038e+00
1.96135688e-01	1.63517848e+00
1.96469252e-01	1.68514517e+00
1.96802816e-01	1.73548752e+00
1.97136380e-01	1.78491924e+00
1.97469944e-01	1.83254411e+00
1.97803508e-01	1.87733240e+00
1.98137073e-01	1.91772163e+00
1.98470637e-01	1.95158210e+00
1.98804201e-01	1.97659121e+00
1.99137765e-01	1.99089960e+00
1.99471329e-01	1.99385932e+00
1.99804893e-01	1.98651516e+00
2.00138457e-01	1.97161328e+00
2.00472021e-01	1.95309024e+00
2.00805585e-01	1.93523636e+00
2.01139149e-01	1.92181691e+00
2.01472713e-01	1.91538826e+00
2.01806278e-01	1.91696866e+00
2.02139842e-01	1.92613130e+00
2.02473406e-01	1.94143708e+00
2.02806970e-01	1.96098114e+00
2.03140534e-01	1.98282829e+00
2.03474098e-01	2.00525586e+00
2.03807662e-01	2.02684833e+00
2.04141226e-01	2.04650542e+00
2.04474790e-01	2.06340963e+00
2.04808354e-01	2.07700918e+00
2.05141919e-01	2.08704767e+00
2.05475483e-01	2.09358508e+00
2.05809047e-01	2.09691497e+00
2.06142611e-01	2.09736944e+00
2.06476175e-01	2.09511199e+00
2.06809739e-01	2.09001884e+00
2.07143303e-01	2.08168356e+00
2.07476867e-01	2.06955970e+00
2.07810431e-01	2.05325184e+00
2.08143995e-01	2.03288448e+00
2.08477559e-01	2.00937864e+00
2.08811124e-01	1.98448474e+00
2.09144688e-01	1.96054141e+00
2.09478252e-01	1.94001949e+00
2.09811816e-01	1.92493912e+00
2.10145380e-01	1.91629485e+00
2.10478944e-01	1.91368020e+00
2.10812508e-01	1.91526387e+00
2.11146072e-01	1.91812390e+00
2.11479636e-01	1.91881983e+00
2.11813200e-01	1.91406028e+00
2.12146765e-01	1.90134343e+00
2.12480329e-01	1.87944035e+00
2.12813893e-01	1.84860477e+00
2.13147457e-01	1.81048099e+00
2.13481021e-01	1.76778143e+00
2.13814585e-01	1.72382326e+00
2.14148149e-01	1.68199195e+00
2.14481713e-01	1.64522201e+00
2.14815277e-01	1.61561541e+00
2.15148841e-01	1.59426700e+00
2.15482405e-01	1.58126924e+00
2.15815970e-01	1.57583282e+00
2.16149534e-01	1.57648015e+00
2.16483098e-01	1.58126323e+00
2.16816662e-01	1.58793872e+00
2.17150226e-01	1.59407894e+00
2.17483790e-01	1.59718480e+00
2.17817354e-01	1.59488172e+00
2.18150918e-01	1.58520719e+00
2.18484482e-01	1.56693669e+00
2.18818046e-01	1.53988651e+00
2.19151611e-01	1.50511959e+00
2.19485175e-01	1.46494787e+00
2.19818739e-01	1.42264673e+00
2.20152303e-01	1.38190095e+00
2.20485867e-01	1.34610123e+00
2.20819431e-01	1.31764289e+00
2.21152995e-01	1.29737958e+00
2.21486559e-01	1.28438199e+00
2.21820123e-01	1.27609745e+00
2.22153687e-01	1.26888484e+00
2.22487251e-01	1.25879035e+00
2.22820816e-01	1.24239419e+00
2.23154380e-01	1.21756214e+00
2.23487944e-01	1.18394124e+00
2.23821508e-01	1.14307683e+00
2.24155072e-01	1.09812215e+00
2.24488636e-01	1.05320837e+00
2.24822200e-01	1.01259498e+00
2.25155764e-01	9.79752365e-01
2.25489328e-01	9.56574816e-01
2.25822892e-01	9.42936962e-01
2.26156457e-01	9.36728723e-01
2.26490021e-01	9.34358967e-01
2.26823585e-01	9.31591352e-01
2.27157149e-01	9.24502769e-01
2.27490713e-01	9.10321635e-01
2.27824277e-01	8.87929142e-01
2.28157841e-01	8.57922859e-01
2.28491405e-01	8.22297209e-01
2.28824969e-01	7.83886435e-01
2.29158533e-01	7.45721443e-01
2.29492097e-01	7.10434341e-01
2.29825662e-01	6.79825213e-01
2.30159226e-01	6.54649433e-01
2.30492790e-01	6.34606546e-01
2.30826354e-01	6.18481237e-01
2.31159918e-01	6.04409017e-01
2.31493482e-01	5.90247039e-01
2.31827046e-01	5.73999756e-01
2.32160610e-01	5.54224074e-01
2.32494174e-01	5.30338373e-01
2.32827738e-01	5.02756478e-01
2.33161303e-01	4.72768955e-01
2.33494867e-01	4.42150904e-01
2.33828431e-01	4.12585556e-01
2.34161995e-01	3.85079140e-01
2.34495559e-01	3.59550824e-01
2.34829123e-01	3.34733201e-01
2.35162687e-01	3.08442181e-01
2.35496251e-01	2.78165067e-01
2.35829815e-01	2.41793811e-01
2.36163379e-01	1.98271904e-01
2.36496943e-01	1.47968959e-01
2.36830508e-01	9.26994171e-02
2.37164072e-01	3.53981007e-02
2.37497636e-01	-2.04543241e-02
2.37831200e-01	-7.15015823e-02
2.38164764e-01	-1.15117500e-01
2.38498328e-01	-1.49846792e-01
2.38831892e-01	-1.75646962e-01
2.39165456e-01	-1.93918744e-01
2.39499020e-01	-2.07312630e-01
2.39832584e-01	-2.19320919e-01
2.40166149e-01	-2.33700212e-01
2.40499713e-01	-2.53793806e-01
2.40833277e-01	-2.81849597e-01
2.41166841e-01	-3.18469890e-01
2.41500405e-01	-3.62350178e-01
2.41833969e-01	-4.10422735e-01
2.42167533e-01	-4.58428682e-01
2.42501097e-01	-5.01837353e-01
2.42834661e-01	-5.36928722e-01
2.43168225e-01	-5.61766598e-01
2.43501789e-01	-5.76769102e-01
2.43835354e-01	-5.84677343e-01
2.44168918e-01	-5.89906509e-01
2.44502482e-01	-5.97450629e-01
2.44836046e-01	-6.11639000e-01
2.45169610e-01	-6.35087393e-01
2.45503174e-01	-6.68135979e-01
2.45836738e-01	-7.08916011e-01
2.46170302e-01	-7.53989905e-01
2.46503866e-01	-7.99348893e-01
2.46837430e-01	-8.41477479e-01
2.47170995e-01	-8.78201403e-01
2.47504559e-01	-9.09112311e-01
2.47838123e-01	-9.35493470e-01
2.48171687e-01	-9.59814333e-01
2.48505251e-01	-9.84960136e-01
2.48838815e-01	-1.01339648e+00
2.49172379e-01	-1.04646129e+00
2.49505943e-01	-1.08394313e+00
2.49839507e-01	-1.12404036e+00
2.50173071e-01	-1.16370977e+00
2.50506635e-01	-1.19933802e+00
2.50840200e-01	-1.22761196e+00
2.51173764e-01	-1.24640864e+00
2.51507328e-01	-1.25547998e+00
2.51840892e-01	-1.25671762e+00
2.52174456e-01	-1.25387455e+00
2.52508020e-01	-1.25176462e+00
2.52841584e-01	-1.25511114e+00
2.53175148e-01	-1.26733873e+00
2.53508712e-01	-1.28965910e+00
2.53842276e-01	-1.32074415e+00
2.54175841e-01	-1.35710817e+00
2.54509405e-01	-1.39409712e+00
2.54842969e-01	-1.42719471e+00
2.55176533e-01	-1.45325806e+00
2.55510097e-01	-1.47131680e+00
2.55843661e-01	-1.48270895e+00
2.56177225e-01	-1.49054192e+00
2.56510789e-01	-1.49867238e+00
2.56844353e-01	-1.51052005e+00
2.57177917e-01	-1.52804856e+00
2.57511481e-01	-1.55118232e+00
2.57845046e-01	-1.57780129e+00
2.58178610e-01	-1.60429377e+00
2.58512174e-01	-1.62650178e+00
2.58845738e-01	-1.64081238e+00
2.59179302e-01	-1.64513193e+00
2.59512866e-01	-1.63950986e+00
2.59846430e-01	-1.62624858e+00
2.60179994e-01	-1.60944775e+00
2.60513558e-01	-1.59406400e+00
2.60847122e-01	-1.58468805e+00
2.61180687e-01	-1.58432911e+00
2.61514251e-01	-1.59353217e+00
2.61847815e-01	-1.61010580e+00
2.62181379e-01	-1.62959338e+00
2.62514943e-01	-1.64641012e+00
2.62848507e-01	-1.65535930e+00
2.63182071e-01	-1.65310378e+00
2.63515635e-01	-1.63915233e+00
2.63849199e-01	-1.61604484e+00
2.64182763e-01	-1.58865993e+00
2.64516327e-01	-1.56284417e+00
2.64849892e-01	-1.54377440e+00
2.65183456e-01	-1.53454244e+00
2.65517020e-01	-1.53537587e+00
2.65850584e-01	-1.54370600e+00
2.66184148e-01	-1.55502818e+00
2.66517712e-01	-1.56425724e+00
2.66851276e-01	-1.56714962e+00
2.67184840e-01	-1.56137958e+00
2.67518404e-01	-1.54699606e+00
2.67851968e-01	-1.52618881e+00
2.68185533e-01	-1.50249721e+00
2.68519097e-01	-1.47974472e+00
2.68852661e-01	-1.46103050e+00
2.69186225e-01	-1.44805110e+00
2.69519789e-01	-1.44089495e+00
2.69853353e-01	-1.43830441e+00
2.70186917e-01	-1.43827337e+00
2.70520481e-01	-1.43877005e+00
2.70854045e-01	-1.43836069e+00
2.71187609e-01	-1.43655709e+00
2.71521173e-01	-1.43379898e+00
2.71854738e-01	-1.43108572e+00
2.72188302e-01	-1.42937550e+00
2.72521866e-01	-1.42895367e+00
2.72855430e-01	-1.42900250e+00
2.73188994e-01	-1.42755710e+00
2.73522558e-01	-1.42191357e+00
2.73856122e-01	-1.40940336e+00
2.74189686e-01	-1.38831189e+00
2.74523250e-01	-1.35864328e+00
2.74856814e-01	-1.32244894e+00
2.75190379e-01	-1.28355705e+00
2.75523943e-01	-1.24673364e+00
2.75857507e-01	-1.21650396e+00
2.76191071e-01	-1.19598918e+00
2.76524635e-01	-1.18612067e+00
2.76858199e-01	-1.18547724e+00
2.77191763e-01	-1.19078849e+00
2.77525327e-01	-1.19792752e+00
2.77858891e-01	-1.20306015e+00
2.78192455e-01	-1.20358101e+00
2.78526019e-01	-1.19855813e+00
2.78859584e-01	-1.18858786e+00
2.79193148e-01	-1.17516641e+00
2.79526712e-01	-1.15984184e+00
2.79860276e-01	-1.14346873e+00
2.80193840e-01	-1.12583017e+00
2.80527404e-01	-1.10574552e+00
2.80860968e-01	-1.08160718e+00
2.81194532e-01	-1.05214532e+00
2.81528096e-01	-1.01714985e+00
2.81861660e-01	-9.77897860e-01
2.82195225e-01	-9.37131391e-01
2.82528789e-01	-8.98569988e-01
2.82862353e-01	-8.66080767e-01
2.83195917e-01	-8.42727777e-01
2.83529481e-01	-8.29959693e-01
2.83863045e-01	-8.27163893e-01
2.84196609e-01	-8.31722644e-01
2.84530173e-01	-8.39574928e-01
2.84863737e-01	-8.46149383e-01
2.85197301e-01	-8.47427167e-01
2.85530865e-01	-8.40848286e-01
2.85864430e-01	-8.25808065e-01
2.86197994e-01	-8.03601171e-01
2.86531558e-01	-7.76832950e-01
2.86865122e-01	-7.48482863e-01
2.87198686e-01	-7.20917260e-01
2.87532250e-01	-6.95168769e-01
2.87865814e-01	-6.70715772e-01
2.88199378e-01	-6.45830004e-01
2.88532942e-01	-6.18365862e-01
2.88866506e-01	-5.86710212e-01
2.89200071e-01	-5.50555145e-01
2.89533635e-01	-5.11220291e-01
2.89867199e-01	-4.71412547e-01
2.90200763e-01	-4.34510486e-01
2.90534327e-01	-4.03624070e-01
2.90867891e-01	-3.80746685e-01
2.91201455e-01	-3.66264791e-01
2.91535019e-01	-3.58947721e-01
2.91868583e-01	-3.56367917e-01
2.92202147e-01	-3.55567813e-01
2.92535711e-01	-3.53739523e-01
2.92869276e-01	-3.48723299e-01
2.93202840e-01	-3.39229468e-01
2.93536404e-01	-3.24797175e-01
2.93869968e-01	-3.05579685e-01
2.94203532e-01	-2.82071240e-01
2.94537096e-01	-2.54871463e-01
2.94870660e-01	-2.24542886e-01
2.95204224e-01	-1.91577022e-01
2.95537788e-01	-1.56454049e-01
2.95871352e-01	-1.19759266e-01
2.96204917e-01	-8.23034832e-02
2.96538481e-01	-4.51861115e-02
2.96872045e-01	-9.74577960e-03
2.97205609e-01	2.26282140e-02
2.97539173e-01	5.07992820e-02
2.97872737e-01	7.42185693e-02
2.98206301e-01	9.31685793e-02
2.98539865e-01	1.08796969e-01
2.98873429e-01	1.22880290e-01
2.99206993e-01	1.37353988e-01
2.99540557e-01	1.53742838e-01
2.99874122e-01	1.72681725e-01
3.00207686e-01	1.93700867e-01
3.00541250e-01	2.15362437e-01
3.00874814e-01	2.35708701e-01
3.01208378e-01	2.52866791e-01
3.01541942e-01	2.65600651e-01
3.01875506e-01	2.73629940e-01
3.02209070e-01	2.77634995e-01
3.02542634e-01	2.78991751e-01
3.02876198e-01	2.79377262e-01
3.03209763e-01	2.80416469e-01
3.03543327e-01	2.83496190e-01
3.03876891e-01	2.89777109e-01
3.04210455e-01	3.00332754e-01
3.04544019e-01	3.16281192e-01
3.04877583e-01	3.38779437e-01
3.05211147e-01	3.68820628e-01
3.05544711e-01	4.06875466e-01
3.05878275e-01	4.52504127e-01
3.06211839e-01	5.04097044e-01
3.06545403e-01	5.58871119e-01
3.06878968e-01	6.13166464e-01
3.07212532e-01	6.62990874e-01
3.07546096e-01	7.04683651e-01
3.07879660e-01	7.35542083e-01
3.08213224e-01	7.54274363e-01
3.08546788e-01	7.61195870e-01
3.08880352e-01	7.58149943e-01
3.09213916e-01	7.48189724e-01
3.09547480e-01	7.35092185e-01
3.09881044e-01	7.22789449e-01
3.10214609e-01	7.14804824e-01
3.10548173e-01	7.13777023e-01
3.10881737e-01	7.21143116e-01
3.11215301e-01	7.37024251e-01
3.11548865e-01	7.60319162e-01
3.11882429e-01	7.88967615e-01
3.12215993e-01	8.20313735e-01
3.12549557e-01	8.51490615e-01
3.12883121e-01	8.79766387e-01
3.13216685e-01	9.02827804e-01
3.13550249e-01	9.19010528e-01
3.13883814e-01	9.27496390e-01
3.14217378e-01	9.28479497e-01
3.14550942e-01	9.23264723e-01
3.14884506e-01	9.14228448e-01
3.15218070e-01	9.04569290e-01
3.15551634e-01	8.97821616e-01
3.15885198e-01	8.97188187e-01
3.16218762e-01	9.04837302e-01
3.16552326e-01	9.21360924e-01
3.16885890e-01	9.45573007e-01
3.17219455e-01	9.74739540e-01
3.17553019e-01	1.00520206e+00
3.17886583e-01	1.03323226e+00
3.18220147e-01	1.05588350e+00
3.18553711e-01	1.07161170e+00
3.18887275e-01	1.08051688e+00
3.19220839e-01	1.08417541e+00
3.19554403e-01	1.08514584e+00
3.19887967e-01	1.08630290e+00
3.20221531e-01	1.09017099e+00
3.20555095e-01	1.09840006e+00
3.20888660e-01	1.11147175e+00
3.21222224e-01	1.12866441e+00
3.21555788e-01	1.14825565e+00
3.21889352e-01	1.16790537e+00
3.22222916e-01	1.18513639e+00
3.22556480e-01	1.19781532e+00
3.22890044e-01	1.20453700e+00
3.23223608e-01	1.20483850e+00
3.23557172e-01	1.19921070e+00
3.23890736e-01	1.18892782e+00
3.24224301e-01	1.17575972e+00
3.24557865e-01	1.16165450e+00
3.24891429e-01	1.14846964e+00
3.25224993e-01	1.13779300e+00
3.25558557e-01	1.13084765e+00
3.25892121e-01	1.12844123e+00
3.26225685e-01	1.13091832e+00
3.26559249e-01	1.13809975e+00
3.26892813e-01	1.14923086e+00
3.27226377e-01	1.16299113e+00
3.27559941e-01	1.17762045e+00
3.27893506e-01	1.19118405e+00
3.28227070e-01	1.20193890e+00
3.28560634e-01	1.20870829e+00
3.28894198e-01	1.21114787e+00
3.29227762e-01	1.20980768e+00
3.29561326e-01	1.20595563e+00
3.29894890e-01	1.20120756e+00
3.30228454e-01	1.19707698e+00
3.30562018e-01	1.19458580e+00
3.30895582e-01	1.19405175e+00
3.31229147e-01	1.19510184e+00
3.31562711e-01	1.19687976e+00
3.31896275e-01	1.19835192e+00
3.32229839e-01	1.19859465e+00
3.32563403e-01	1.19697156e+00
3.32896967e-01	1.19316647e+00
3.33230531e-01	1.18709848e+00
3.33564095e-01	1.17878719e+00
3.33897659e-01	1.16264192e+00
