-8.00553828e-03	-0.00000000e+00
-7.67197419e-03	5.58191439e-06
-7.33841009e-03	1.12531881e-05
-7.00484600e-03	1.20899277e-05
-6.67128190e-03	1.25665624e-05
-6.33771781e-03	2.92343169e-05
-6.00415371e-03	5.22937476e-05
-5.67058962e-03	5.27070060e-05
-5.33702552e-03	1.06942349e-05
-5.00346143e-03	-1.62685671e-04
-4.66989733e-03	-6.89142189e-04
-4.33633324e-03	-1.93726527e-03
-4.00276914e-03	-4.58399005e-03
-3.66920505e-03	-9.75934878e-03
-3.33564095e-03	-1.90923247e-02
-3.00207686e-03	-3.48055253e-02
-2.66851276e-03	-5.95963095e-02
-2.33494867e-03	-9.62737584e-02
-2.00138457e-03	-1.47219656e-01
-1.66782048e-03	-2.13477130e-01
-1.33425638e-03	-2.93800452e-01
-1.00069229e-03	-3.83877858e-01
-6.67128190e-04	-4.75854479e-01
-3.33564095e-04	-5.58638000e-01
1.85165269e-18	-6.18978852e-01
3.33564095e-04	-6.43273883e-01
6.67128190e-04	-6.19796502e-01
1.00069229e-03	-5.40761989e-01
1.33425638e-03	-4.03935510e-01
1.66782048e-03	-2.13223231e-01
2.00138457e-03	2.17792294e-02
2.33494867e-03	2.87020676e-01
2.66851276e-03	5.65914265e-01
3.00207686e-03	8.41342323e-01
3.33564095e-03	1.09748731e+00
3.66920505e-03	1.32128239e+00
4.00276914e-03	1.50330219e+00
4.33633324e-03	1.63812281e+00
4.66989733e-03	1.72410232e+00
5.00346143e-03	1.76282879e+00
5.33702552e-03	1.75821224e+00
5.67058962e-03	1.71549549e+00
6.00415371e-03	1.64046133e+00
6.33771781e-03	1.53877591e+00
6.67128190e-03	1.41577048e+00
7.00484600e-03	1.27648391e+00
7.33841009e-03	1.12584573e+00
7.67197419e-03	9.68929586e-01
8.00553828e-03	8.11023717e-01
8.33910238e-03	6.57525703e-01
8.67266648e-03	5.13623940e-01
9.00623057e-03	3.83890443e-01
9.33979467e-03	2.71824489e-01
9.67335876e-03	1.79540231e-01
1.00069229e-02	1.07628497e-01
1.03404870e-02	5.51508609e-02
1.06740510e-02	1.99066019e-02
1.10076151e-02	-1.28290260e-03
1.13411792e-02	-1.21868529e-02
1.16747433e-02	-1.67493579e-02
1.20083074e-02	-1.87831771e-02
1.23418715e-02	-2.16485839e-02
1.26754356e-02	-2.80607467e-02
1.30089997e-02	-3.99925372e-02
1.33425638e-02	-5.86776261e-02
1.36761279e-02	-8.47458372e-02
1.40096920e-02	-1.18477118e-01
1.43432561e-02	-1.60096331e-01
1.46768202e-02	-2.10074540e-01
1.50103843e-02	-2.69315366e-01
1.53439484e-02	-3.39056147e-01
1.56775125e-02	-4.20506926e-01
1.60110766e-02	-5.14077519e-01
1.63446407e-02	-6.18393548e-01
1.66782048e-02	-7.29313893e-01
1.70117689e-02	-8.39212255e-01
1.73453330e-02	-9.37005919e-01
1.76788970e-02	-1.00907358e+00
1.80124611e-02	-1.04118016e+00
1.83460252e-02	-1.02115427e+00
1.86795893e-02	-9.41709867e-01
1.90131534e-02	-8.02709093e-01
1.93467175e-02	-6.12137478e-01
1.96802816e-02	-3.85316472e-01
2.00138457e-02	-1.42422948e-01
2.03474098e-02	9.51772254e-02
2.06809739e-02	3.08926125e-01
2.10145380e-02	4.86318889e-01
2.13481021e-02	6.22722492e-01
2.16816662e-02	7.21307764e-01
2.20152303e-02	7.91273374e-01
2.23487944e-02	8.44980504e-01
2.26823585e-02	8.94673696e-01
2.30159226e-02	9.49660485e-01
2.33494867e-02	1.01437646e+00
2.36830508e-02	1.08762200e+00
2.40166149e-02	1.16298603e+00
2.43501789e-02	1.23021465e+00
2.46837430e-02	1.27727663e+00
2.50173071e-02	1.29271967e+00
2.53508712e-02	1.26792216e+00
2.56844353e-02	1.19890036e+00
2.60179994e-02	1.08736554e+00
2.63515635e-02	9.40795446e-01
2.66851276e-02	7.71502527e-01
2.70186917e-02	5.94731217e-01
2.73522558e-02	4.26141606e-01
2.76858199e-02	2.79130342e-01
2.80193840e-02	1.62483884e-01
2.83529481e-02	7.89758758e-02
2.86865122e-02	2.51713311e-02
2.90200763e-02	-7.38465901e-03
2.93536404e-02	-2.99100724e-02
2.96872045e-02	-5.36679995e-02
3.00207686e-02	-8.74314822e-02
3.03543327e-02	-1.35851666e-01
3.06878968e-02	-1.99020711e-01
3.10214609e-02	-2.73251328e-01
3.13550249e-02	-3.52727799e-01
3.16885890e-02	-4.31392266e-01
3.20221531e-02	-5.04511505e-01
3.23557172e-02	-5.69519951e-01
3.26892813e-02	-6.26018823e-01
3.30228454e-02	-6.75143286e-01
3.33564095e-02	-7.18581901e-01
3.36899736e-02	-7.57633286e-01
3.40235377e-02	-7.92597584e-01
3.43571018e-02	-8.22554174e-01
3.46906659e-02	-8.45564262e-01
3.50242300e-02	-8.59131008e-01
3.53577941e-02	-8.60819581e-01
3.56913582e-02	-8.48936048e-01
3.60249223e-02	-8.23088747e-01
3.63584864e-02	-7.84591894e-01
3.66920505e-02	-7.36553184e-01
3.70256146e-02	-6.83569540e-01
3.73591787e-02	-6.31000457e-01
3.76927428e-02	-5.83849273e-01
3.80263069e-02	-5.45507882e-01
3.83598709e-02	-5.16623014e-01
3.86934350e-02	-4.94391678e-01
3.90269991e-02	-4.72597468e-01
3.93605632e-02	-4.42510884e-01
3.96941273e-02	-3.94664156e-01
4.00276914e-02	-3.21237860e-01
4.03612555e-02	-2.18615877e-01
4.06948196e-02	-8.96332275e-02
4.10283837e-02	5.51228824e-02
4.13619478e-02	1.97438320e-01
4.16955119e-02	3.13328292e-01
4.20290760e-02	3.76613379e-01
4.23626401e-02	3.63763468e-01
4.26962042e-02	2.59321331e-01
4.30297683e-02	6.08293939e-02
4.33633324e-02	-2.17919231e-01
4.36968965e-02	-5.46328684e-01
4.40304606e-02	-8.79842720e-01
4.43640247e-02	-1.16617725e+00
4.46975888e-02	-1.35422476e+00
4.50311529e-02	-1.40411076e+00
4.53647169e-02	-1.29624486e+00
4.56982810e-02	-1.03716566e+00
4.60318451e-02	-6.60355132e-01
4.63654092e-02	-2.21225294e-01
4.66989733e-02	2.13088410e-01
4.70325374e-02	5.77094600e-01
4.73661015e-02	8.20295990e-01
4.76996656e-02	9.17200027e-01
4.80332297e-02	8.71397104e-01
4.83667938e-02	7.12639405e-01
4.87003579e-02	4.87905682e-01
4.90339220e-02	2.49110444e-01
4.93674861e-02	4.10638606e-02
4.97010502e-02	-1.07031273e-01
5.00346143e-02	-1.84662069e-01
5.03681784e-02	-1.97606651e-01
5.07017425e-02	-1.61820909e-01
5.10353066e-02	-9.63318359e-02
5.13688707e-02	-1.76730250e-02
5.17024348e-02	6.26706164e-02
5.20359989e-02	1.37897662e-01
5.23695629e-02	2.03821698e-01
5.27031270e-02	2.56756817e-01
5.30366911e-02	2.92638735e-01
5.33702552e-02	3.07617009e-01
5.37038193e-02	2.99489030e-01
5.40373834e-02	2.68906281e-01
5.43709475e-02	2.19534176e-01
5.47045116e-02	1.57052581e-01
5.50380757e-02	8.74961827e-02
5.53716398e-02	1.58310116e-02
5.57052039e-02	-5.45489092e-02
5.60387680e-02	-1.21298341e-01
5.63723321e-02	-1.81964847e-01
5.67058962e-02	-2.32887336e-01
5.70394603e-02	-2.68699130e-01
5.73730244e-02	-2.82674224e-01
5.77065885e-02	-2.67842240e-01
5.80401526e-02	-2.18510935e-01
5.83737167e-02	-1.31858731e-01
5.87072808e-02	-9.32567493e-03
5.90408449e-02	1.42465973e-01
5.93744089e-02	3.11515918e-01
5.97079730e-02	4.81272839e-01
6.00415371e-02	6.32596244e-01
6.03751012e-02	7.46698632e-01
6.07086653e-02	8.08597062e-01
6.10422294e-02	8.10254853e-01
6.13757935e-02	7.52575299e-01
6.17093576e-02	6.45635118e-01
6.20429217e-02	5.06978605e-01
6.23764858e-02	3.58307460e-01
6.27100499e-02	2.21263653e-01
6.30436140e-02	1.13256689e-01
6.33771781e-02	4.42859791e-02
6.37107422e-02	1.54640097e-02
6.40443063e-02	1.96340942e-02
6.43778704e-02	4.39632740e-02
6.47114345e-02	7.38337223e-02
6.50449986e-02	9.69416900e-02
6.53785627e-02	1.06384344e-01
6.57121268e-02	1.01870887e-01
6.60456908e-02	8.87789890e-02
6.63792549e-02	7.54768073e-02
6.67128190e-02	6.99225086e-02
6.70463831e-02	7.67040875e-02
6.73799472e-02	9.54553954e-02
6.77135113e-02	1.21059504e-01
6.80470754e-02	1.45450602e-01
6.83806395e-02	1.60349282e-01
6.87142036e-02	1.59969456e-01
6.90477677e-02	1.42801612e-01
6.93813318e-02	1.11966150e-01
6.97148959e-02	7.41190559e-02
7.00484600e-02	3.73800649e-02
7.03820241e-02	9.02673325e-03
7.07155882e-02	-6.31421169e-03
7.10491523e-02	-7.49259231e-03
7.13827164e-02	3.39836379e-03
7.17162805e-02	2.20694767e-02
7.20498446e-02	4.34570003e-02
7.23834087e-02	6.30339601e-02
7.27169728e-02	7.76833412e-02
7.30505368e-02	8.60196867e-02
7.33841009e-02	8.82343433e-02
7.37176650e-02	8.56355517e-02
7.40512291e-02	8.00591338e-02
7.43847932e-02	7.33056144e-02
7.47183573e-02	6.67098868e-02
7.50519214e-02	6.08953016e-02
7.53854855e-02	5.57520034e-02
7.57190496e-02	5.06325893e-02
7.60526137e-02	4.46814371e-02
7.63861778e-02	3.71745167e-02
7.67197419e-02	2.77574774e-02
7.70533060e-02	1.65363174e-02
7.73868701e-02	4.02570998e-03
7.77204342e-02	-8.99383850e-03
7.80539983e-02	-2.16231539e-02
7.83875624e-02	-3.29456324e-02
7.87211265e-02	-4.21019997e-02
7.90546906e-02	-4.84063822e-02
7.93882547e-02	-5.15570973e-02
7.97218188e-02	-5.19306634e-02
8.00553828e-02	-5.08520183e-02
8.03889469e-02	-5.06460687e-02
8.07225110e-02	-5.43017343e-02
8.10560751e-02	-6.47439198e-02
8.13896392e-02	-8.39073012e-02
8.17232033e-02	-1.11914961e-01
8.20567674e-02	-1.46653585e-01
8.23903315e-02	-1.83939525e-01
8.27238956e-02	-2.18288575e-01
8.30574597e-02	-2.44081059e-01
8.33910238e-02	-2.56780736e-01
8.37245879e-02	-2.53887275e-01
8.40581520e-02	-2.35420400e-01
8.43917161e-02	-2.03879612e-01
8.47252802e-02	-1.63745155e-01
8.50588443e-02	-1.20651487e-01
8.53924084e-02	-8.03972601e-02
8.57259725e-02	-4.79486538e-02
8.60595366e-02	-2.65973907e-02
8.63931007e-02	-1.74478238e-02
8.67266648e-02	-1.93386747e-02
8.70602288e-02	-2.92230577e-02
8.73937929e-02	-4.29279114e-02
8.77273570e-02	-5.61089451e-02
8.80609211e-02	-6.51678850e-02
8.83944852e-02	-6.78945778e-02
8.87280493e-02	-6.37120599e-02
8.90616134e-02	-5.35438946e-02
8.93951775e-02	-3.94141204e-02
8.97287416e-02	-2.39253049e-02
9.00623057e-02	-9.74755123e-03
9.03958698e-02	7.79945363e-04
9.07294339e-02	5.92279711e-03
9.10629980e-02	4.71819402e-03
9.13965621e-02	-2.93559789e-03
9.17301262e-02	-1.62441776e-02
9.20636903e-02	-3.35568145e-02
9.23972544e-02	-5.24706290e-02
9.27308185e-02	-7.00390152e-02
9.30643826e-02	-8.31142914e-02
9.33979467e-02	-8.87918357e-02
9.37315108e-02	-8.49238142e-02
9.40650748e-02	-7.05994871e-02
9.43986389e-02	-4.64889510e-02
9.47322030e-02	-1.49180994e-02
9.50657671e-02	2.04318119e-02
9.53993312e-02	5.51612153e-02
9.57328953e-02	8.50118989e-02
9.60664594e-02	1.06720676e-01
9.64000235e-02	1.18658498e-01
9.67335876e-02	1.21090647e-01
9.70671517e-02	1.15949002e-01
9.74007158e-02	1.06221348e-01
9.77342799e-02	9.51259819e-02
9.80678440e-02	8.53191629e-02
9.84014081e-02	7.83789241e-02
9.87349722e-02	7.46444831e-02
9.90685363e-02	7.34309434e-02
9.94021004e-02	7.34935744e-02
9.97356645e-02	7.35452624e-02
1.00069229e-01	7.26679234e-02
1.00402793e-01	7.04834913e-02
1.00736357e-01	6.70866520e-02
1.01069921e-01	6.28350076e-02
1.01403485e-01	5.81195796e-02
1.01737049e-01	5.32305905e-02
1.02070613e-01	4.83708041e-02
1.02404177e-01	4.37890882e-02
1.02737741e-01	3.99378009e-02
1.03071305e-01	3.75362556e-02
1.03404870e-01	3.74748847e-02
1.03738434e-01	4.05935915e-02
1.04071998e-01	4.73841773e-02
1.04405562e-01	5.77373154e-02
1.04739126e-01	7.08724591e-02
1.05072690e-01	8.54567812e-02
1.05406254e-01	9.99174238e-02
1.05739818e-01	1.12829475e-01
1.06073382e-01	1.23212486e-01
1.06406946e-01	1.30710757e-01
1.06740510e-01	1.35558669e-01
1.07074075e-01	1.38358961e-01
1.07407639e-01	1.39822254e-01
1.07741203e-01	1.40503191e-01
1.08074767e-01	1.40650970e-01
1.08408331e-01	1.40199284e-01
1.08741895e-01	1.38827903e-01
1.09075459e-01	1.36111532e-01
1.09409023e-01	1.31672250e-01
1.09742587e-01	1.25295140e-01
1.10076151e-01	1.17024784e-01
1.10409716e-01	1.07203866e-01
1.10743280e-01	9.64715245e-02
1.11076844e-01	8.56903571e-02
1.11410408e-01	7.57626293e-02
1.11743972e-01	6.73801984e-02
1.12077536e-01	6.07436878e-02
1.12411100e-01	5.53341860e-02
1.12744664e-01	4.98605529e-02
1.13078228e-01	4.24568272e-02
1.13411792e-01	3.11210823e-02
1.13745356e-01	1.43061680e-02
1.14078921e-01	-8.49207080e-03
1.14412485e-01	-3.63640874e-02
1.14746049e-01	-6.69672589e-02
1.15079613e-01	-9.68915661e-02
1.15413177e-01	-1.22383560e-01
1.15746741e-01	-1.40217700e-01
1.16080305e-01	-1.48473632e-01
1.16413869e-01	-1.47051774e-01
1.16747433e-01	-1.37743934e-01
1.17080997e-01	-1.23845143e-01
1.17414562e-01	-1.09438815e-01
1.17748126e-01	-9.84801502e-02
1.18081690e-01	-9.39028830e-02
1.18415254e-01	-9.69775429e-02
1.18748818e-01	-1.07037036e-01
1.19082382e-01	-1.21632905e-01
1.19415946e-01	-1.37091961e-01
1.19749510e-01	-1.49355232e-01
1.20083074e-01	-1.54920445e-01
1.20416638e-01	-1.51667153e-01
1.20750202e-01	-1.39380077e-01
1.21083767e-01	-1.19832303e-01
1.21417331e-01	-9.63888028e-02
1.21750895e-01	-7.32273070e-02
1.22084459e-01	-5.43497670e-02
1.22418023e-01	-4.26316583e-02
1.22751587e-01	-3.91591912e-02
1.23085151e-01	-4.30202558e-02
1.23418715e-01	-5.16240983e-02
1.23752279e-01	-6.14635824e-02
1.24085843e-01	-6.91085799e-02
1.24419408e-01	-7.21828276e-02
1.24752972e-01	-7.00343431e-02
1.25086536e-01	-6.39009042e-02
1.25420100e-01	-5.65551496e-02
1.25753664e-01	-5.15151237e-02
1.26087228e-01	-5.20394378e-02
1.26420792e-01	-6.02237581e-02
1.26754356e-01	-7.64305421e-02
1.27087920e-01	-9.91746647e-02
1.27421484e-01	-1.25491113e-01
1.27755048e-01	-1.51654983e-01
1.28088613e-01	-1.74010818e-01
1.28422177e-01	-1.89678240e-01
1.28755741e-01	-1.96991896e-01
1.29089305e-01	-1.95610921e-01
1.29422869e-01	-1.86304185e-01
1.29756433e-01	-1.70547278e-01
1.30089997e-01	-1.50110082e-01
1.30423561e-01	-1.26721759e-01
1.30757125e-01	-1.01871822e-01
1.31090689e-01	-7.67844239e-02
1.31424254e-01	-5.24874146e-02
1.31757818e-01	-2.98829484e-02
1.32091382e-01	-9.79435863e-03
1.32424946e-01	7.05059360e-03
1.32758510e-01	2.01144031e-02
1.33092074e-01	2.91600535e-02
1.33425638e-01	3.43378061e-02
1.33759202e-01	3.62330482e-02
1.34092766e-01	3.58318897e-02
1.34426330e-01	3.44024331e-02
1.34759894e-01	3.33331315e-02
1.35093459e-01	3.39450640e-02
1.35427023e-01	3.72975283e-02
1.35760587e-01	4.40282871e-02
1.36094151e-01	5.42520062e-02
1.36427715e-01	6.75333537e-02
1.36761279e-01	8.29609549e-02
1.37094843e-01	9.93157880e-02
1.37428407e-01	1.15278293e-01
1.37761971e-01	1.29615330e-01
1.38095535e-01	1.41317602e-01
1.38429100e-01	1.49674639e-01
1.38762664e-01	1.54285699e-01
1.39096228e-01	1.55033146e-01
1.39429792e-01	1.52059148e-01
1.39763356e-01	1.45767850e-01
1.40096920e-01	1.36851034e-01
1.40430484e-01	1.26308352e-01
1.40764048e-01	1.15413315e-01
1.41097612e-01	1.05599041e-01
1.41431176e-01	9.82715009e-02
1.41764740e-01	9.45700204e-02
1.42098305e-01	9.51294279e-02
1.42431869e-01	9.99304421e-02
1.42765433e-01	1.08281336e-01
1.43098997e-01	1.18921006e-01
1.43432561e-01	1.30239136e-01
1.43766125e-01	1.40587210e-01
1.44099689e-01	1.48589140e-01
1.44433253e-01	1.53362579e-01
1.44766817e-01	1.54616246e-01
1.45100381e-01	1.52605910e-01
1.45433946e-01	1.47952483e-01
1.45767510e-01	1.41389709e-01
1.46101074e-01	1.33541913e-01
1.46434638e-01	1.24800314e-01
1.46768202e-01	1.15324370e-01
1.47101766e-01	1.05165580e-01
1.47435330e-01	9.44697830e-02
1.47768894e-01	8.36675154e-02
1.48102458e-01	7.35602322e-02
1.48436022e-01	6.52658971e-02
1.48769586e-01	6.00419366e-02
1.49103151e-01	5.90203384e-02
1.49436715e-01	6.29111157e-02
1.49770279e-01	7.17636685e-02
1.50103843e-01	8.48569181e-02
1.50437407e-01	1.00731975e-01
1.50770971e-01	1.17359413e-01
1.51104535e-01	1.32422151e-01
1.51438099e-01	1.43656055e-01
1.51771663e-01	1.49180306e-01
1.52105227e-01	1.47774608e-01
1.52438792e-01	1.39059134e-01
1.52772356e-01	1.23531715e-01
1.53105920e-01	1.02459635e-01
1.53439484e-01	7.76623941e-02
1.53773048e-01	5.12267136e-02
1.54106612e-01	2.52008171e-02
1.54440176e-01	1.32419185e-03
1.54773740e-01	-1.91618105e-02
1.55107304e-01	-3.55970199e-02
1.55440868e-01	-4.78740532e-02
1.55774432e-01	-5.63241682e-02
1.56107997e-01	-6.15626638e-02
1.56441561e-01	-6.43264854e-02
1.56775125e-01	-6.53227313e-02
1.57108689e-01	-6.51140628e-02
1.57442253e-01	-6.40711495e-02
1.57775817e-01	-6.24063472e-02
1.58109381e-01	-6.02741540e-02
1.58442945e-01	-5.78956534e-02
1.58776509e-01	-5.56536755e-02
1.59110073e-01	-5.41167255e-02
1.59443638e-01	-5.39731469e-02
1.59777202e-01	-5.58907170e-02
1.60110766e-01	-6.03491936e-02
1.60444330e-01	-6.75030512e-02
1.60777894e-01	-7.71255890e-02
1.61111458e-01	-8.86717848e-02
1.61445022e-01	-1.01449490e-01
1.61778586e-01	-1.14815983e-01
1.62112150e-01	-1.28297945e-01
1.62445714e-01	-1.41594971e-01
1.62779278e-01	-1.54492825e-01
1.63112843e-01	-1.66733219e-01
1.63446407e-01	-1.77892992e-01
1.63779971e-01	-1.87328549e-01
1.64113535e-01	-1.94216964e-01
1.64447099e-01	-1.97684163e-01
1.64780663e-01	-1.96979846e-01
1.65114227e-01	-1.91643806e-01
1.65447791e-01	-1.81617148e-01
1.65781355e-01	-1.67281695e-01
1.66114919e-01	-1.49425742e-01
1.66448484e-01	-1.29132082e-01
1.66782048e-01	-1.07610130e-01
1.67115612e-01	-8.60347152e-02
1.67449176e-01	-6.54445688e-02
1.67782740e-01	-4.67079642e-02
1.68116304e-01	-3.05436945e-02
1.68449868e-01	-1.75760258e-02
1.68783432e-01	-8.37273670e-03
1.69116996e-01	-3.41493993e-03
1.69450560e-01	-2.99570671e-03
1.69784124e-01	-7.08213632e-03
1.70117689e-01	-1.51901576e-02
1.70451253e-01	-2.63461732e-02
1.70784817e-01	-3.92025151e-02
1.71118381e-01	-5.22857641e-02
1.71451945e-01	-6.42686172e-02
1.71785509e-01	-7.41652714e-02
1.72119073e-01	-8.14132320e-02
1.72452637e-01	-8.58379323e-02
1.72786201e-01	-8.75195965e-02
1.73119765e-01	-8.66299659e-02
1.73453330e-01	-8.33318824e-02
1.73786894e-01	-7.77881000e-02
1.74120458e-01	-7.02466548e-02
1.74454022e-01	-6.11298873e-02
1.74787586e-01	-5.10693085e-02
1.75121150e-01	-4.08680433e-02
1.75454714e-01	-3.14060861e-02
1.75788278e-01	-2.35209660e-02
1.76121842e-01	-1.79025637e-02
1.76455406e-01	-1.50350412e-02
1.76788970e-01	-1.51897343e-02
1.77122535e-01	-1.84310908e-02
1.77456099e-01	-2.45884822e-02
1.77789663e-01	-3.31925315e-02
1.78123227e-01	-4.34281277e-02
1.78456791e-01	-5.41585279e-02
1.78790355e-01	-6.40384148e-02
1.79123919e-01	-7.17075345e-02
1.79457483e-01	-7.60410083e-02
1.79791047e-01	-7.64010768e-02
1.80124611e-01	-7.28062077e-02
1.80458176e-01	-6.59492218e-02
1.80791740e-01	-5.70556701e-02
1.81125304e-01	-4.76344773e-02
1.81458868e-01	-3.91972846e-02
1.81792432e-01	-3.30070936e-02
1.82125996e-01	-2.98877589e-02
1.82459560e-01	-3.01092458e-02
1.82793124e-01	-3.33545724e-02
1.83126688e-01	-3.87594771e-02
1.83460252e-01	-4.50072653e-02
1.83793816e-01	-5.04743409e-02
1.84127381e-01	-5.34374009e-02
1.84460945e-01	-5.23399797e-02
1.84794509e-01	-4.60790885e-02
1.85128073e-01	-3.42481500e-02
1.85461637e-01	-1.72775939e-02
1.85795201e-01	3.56789087e-03
1.86128765e-01	2.63559072e-02
1.86462329e-01	4.87932535e-02
1.86795893e-01	6.85854261e-02
1.87129457e-01	8.37383474e-02
1.87463022e-01	9.27514269e-02
1.87796586e-01	9.47308443e-02
1.88130150e-01	8.94668113e-02
1.88463714e-01	7.74810662e-02
1.88797278e-01	6.00289207e-02
1.89130842e-01	3.90407665e-02
1.89464406e-01	1.69756249e-02
1.89797970e-01	-3.45185657e-03
1.90131534e-01	-1.96719290e-02
1.90465098e-01	-2.97094156e-02
1.90798662e-01	-3.25546311e-02
1.91132227e-01	-2.83582318e-02
1.91465791e-01	-1.84264862e-02
1.91799355e-01	-5.03633506e-03
1.92132919e-01	8.90377953e-03
1.92466483e-01	2.02961672e-02
1.92800047e-01	2.63090978e-02
1.93133611e-01	2.47717485e-02
1.93467175e-01	1.45017611e-02
1.93800739e-01	-4.42637487e-03
1.94134303e-01	-3.05252096e-02
1.94467868e-01	-6.09400375e-02
1.94801432e-01	-9.17286072e-02
1.95134996e-01	-1.18321088e-01
1.95468560e-01	-1.36082892e-01
1.95802124e-01	-1.40927297e-01
1.96135688e-01	-1.29920911e-01
1.96469252e-01	-1.01793094e-01
1.96802816e-01	-5.72759966e-02
1.97136380e-01	7.38443597e-04
1.97469944e-01	6.72379529e-02
1.97803508e-01	1.35409673e-01
1.98137073e-01	1.97329062e-01
1.98470637e-01	2.44985380e-01
1.98804201e-01	2.71480593e-01
1.99137765e-01	2.72193499e-01
1.99471329e-01	2.45695747e-01
1.99804893e-01	1.94205696e-01
2.00138457e-01	1.23433238e-01
2.00472021e-01	4.18307403e-02
2.00805585e-01	-4.05772500e-02
2.01139149e-01	-1.13564173e-01
2.01472713e-01	-1.68079035e-01
2.01806278e-01	-1.97446249e-01
2.02139842e-01	-1.98197337e-01
2.02473406e-01	-1.70422457e-01
2.02806970e-01	-1.17669121e-01
2.03140534e-01	-4.64738216e-02
2.03474098e-01	3.44291089e-02
2.03807662e-01	1.15177545e-01
2.04141226e-01	1.86001260e-01
2.04474790e-01	2.38410453e-01
2.04808354e-01	2.66211404e-01
2.05141919e-01	2.66248333e-01
2.05475483e-01	2.38764253e-01
2.05809047e-01	1.87300011e-01
2.06142611e-01	1.18162469e-01
2.06476175e-01	3.96013658e-02
2.06809739e-01	-3.91663451e-02
2.07143303e-01	-1.09007314e-01
2.07476867e-01	-1.61917375e-01
2.07810431e-01	-1.91931394e-01
2.08143995e-01	-1.95788930e-01
2.08477559e-01	-1.73321106e-01
2.08811124e-01	-1.27525998e-01
2.09144688e-01	-6.42570844e-02
2.09478252e-01	8.50201941e-03
2.09811816e-01	8.16766070e-02
2.10145380e-01	1.46283302e-01
2.10478944e-01	1.94592941e-01
2.10812508e-01	2.21113285e-01
2.11146072e-01	2.23221509e-01
2.11479636e-01	2.01334581e-01
2.11813200e-01	1.58644749e-01
2.12146765e-01	1.00562999e-01
2.12480329e-01	3.40143484e-02
2.12813893e-01	-3.33366757e-02
2.13147457e-01	-9.38805685e-02
2.13481021e-01	-1.40824764e-01
2.13814585e-01	-1.68898446e-01
2.14148149e-01	-1.74993411e-01
2.14481713e-01	-1.58667332e-01
2.14815277e-01	-1.22353053e-01
2.15148841e-01	-7.11433074e-02
2.15482405e-01	-1.21316286e-02
2.15815970e-01	4.66217237e-02
2.16149534e-01	9.73674560e-02
2.16483098e-01	1.33961633e-01
2.16816662e-01	1.52873212e-01
2.17150226e-01	1.53655150e-01
2.17483790e-01	1.38799044e-01
2.17817354e-01	1.13051915e-01
2.18150918e-01	8.23648486e-02
2.18484482e-01	5.27081712e-02
2.18818046e-01	2.90257652e-02
2.19151611e-01	1.45443243e-02
2.19485175e-01	1.05062453e-02
2.19818739e-01	1.62663429e-02
2.20152303e-01	2.96490299e-02
2.20485867e-01	4.74568794e-02
2.20819431e-01	6.60114482e-02
2.21152995e-01	8.16325238e-02
2.21486559e-01	9.10391108e-02
2.21820123e-01	9.17070710e-02
2.22153687e-01	8.21912014e-02
2.22487251e-01	6.23723736e-02
2.22820816e-01	3.35821152e-02
2.23154380e-01	-1.44115657e-03
2.23487944e-01	-3.88176419e-02
2.23821508e-01	-7.40334259e-02
2.24155072e-01	-1.02620964e-01
2.24488636e-01	-1.20873904e-01
2.24822200e-01	-1.26457853e-01
2.25155764e-01	-1.18815411e-01
2.25489328e-01	-9.92898896e-02
2.25822892e-01	-7.09204950e-02
2.26156457e-01	-3.79258881e-02
2.26490021e-01	-4.97383938e-03
2.26823585e-01	2.36244057e-02
2.27157149e-01	4.46604864e-02
2.27490713e-01	5.65835052e-02
2.27824277e-01	5.97343687e-02
2.28157841e-01	5.61931201e-02
2.28491405e-01	4.92771483e-02
2.28824969e-01	4.27950350e-02
2.29158533e-01	4.01820645e-02
2.29492097e-01	4.36782676e-02
2.29825662e-01	5.37443588e-02
2.30159226e-01	6.88720350e-02
2.30492790e-01	8.58388191e-02
2.30826354e-01	1.00359051e-01
2.31159918e-01	1.08014781e-01
2.31493482e-01	1.05284719e-01
2.31827046e-01	9.04384916e-02
2.32160610e-01	6.40791640e-02
2.32494174e-01	2.92050540e-02
2.32827738e-01	-9.23213196e-03
2.33161303e-01	-4.52068123e-02
2.33494867e-01	-7.27794643e-02
2.33828431e-01	-8.72891131e-02
2.34161995e-01	-8.63039060e-02
2.34495559e-01	-7.01251142e-02
2.34829123e-01	-4.17509148e-02
2.35162687e-01	-6.30754364e-03
2.35496251e-01	2.99401650e-02
2.35829815e-01	6.07826738e-02
2.36163379e-01	8.12025570e-02
2.36496943e-01	8.82320613e-02
2.36830508e-01	8.13871503e-02
2.37164072e-01	6.26112637e-02
2.37497636e-01	3.57519102e-02
2.37831200e-01	5.69960522e-03
2.38164764e-01	-2.26055631e-02
2.38498328e-01	-4.50897127e-02
2.38831892e-01	-5.92164732e-02
2.39165456e-01	-6.42986589e-02
2.39499020e-01	-6.14023799e-02
2.39832584e-01	-5.28928082e-02
2.40166149e-01	-4.17600811e-02
2.40499713e-01	-3.08984943e-02
2.40833277e-01	-2.25001216e-02
2.41166841e-01	-1.76926047e-02
2.41500405e-01	-1.64921426e-02
2.41833969e-01	-1.80492054e-02
2.42167533e-01	-2.10775370e-02
2.42501097e-01	-2.43242999e-02
2.42834661e-01	-2.69546861e-02
2.43168225e-01	-2.87557010e-02
2.43501789e-01	-3.01101189e-02
2.43835354e-01	-3.17642905e-02
2.44168918e-01	-3.44844312e-02
2.44502482e-01	-3.87197878e-02
2.44836046e-01	-4.43678108e-02
2.45169610e-01	-5.07017690e-02
2.45503174e-01	-5.64857369e-02
2.45836738e-01	-6.02525784e-02
2.46170302e-01	-6.06690827e-02
2.46503866e-01	-5.68903534e-02
2.46837430e-01	-4.88189134e-02
2.47170995e-01	-3.72116972e-02
2.47504559e-01	-2.36093495e-02
2.47838123e-01	-1.01022949e-02
2.48171687e-01	1.01221237e-03
2.48505251e-01	7.61364517e-03
2.48838815e-01	8.12661080e-03
2.49172379e-01	1.82861166e-03
2.49505943e-01	-1.09510094e-02
2.49839507e-01	-2.87820871e-02
2.50173071e-01	-4.92522152e-02
2.50506635e-01	-6.92524543e-02
2.50840200e-01	-8.54193165e-02
2.51173764e-01	-9.46933032e-02
2.51507328e-01	-9.49056232e-02
2.51840892e-01	-8.52717986e-02
2.52174456e-01	-6.66752299e-02
2.52508020e-01	-4.16537286e-02
2.52841584e-01	-1.40488632e-02
2.53175148e-01	1.16508169e-02
2.53508712e-01	3.11558243e-02
2.53842276e-01	4.12318343e-02
2.54175841e-01	4.03761136e-02
2.54509405e-01	2.91596354e-02
2.54842969e-01	1.01441146e-02
2.55176533e-01	-1.26283260e-02
2.55510097e-01	-3.44721148e-02
2.55843661e-01	-5.10373392e-02
2.56177225e-01	-5.92133987e-02
2.56510789e-01	-5.77566801e-02
2.56844353e-01	-4.74962420e-02
2.57177917e-01	-3.10643339e-02
2.57511481e-01	-1.22210714e-02
2.57845046e-01	5.04927999e-03
2.58178610e-01	1.74441699e-02
2.58512174e-01	2.30380175e-02
2.58845738e-01	2.16103025e-02
2.59179302e-01	1.45417339e-02
2.59512866e-01	4.32998918e-03
2.59846430e-01	-6.12159034e-03
2.60179994e-01	-1.42411051e-02
2.60513558e-01	-1.83618161e-02
2.60847122e-01	-1.79987441e-02
2.61180687e-01	-1.37798958e-02
2.61514251e-01	-7.08342488e-03
2.61847815e-01	4.85791245e-04
2.62181379e-01	7.61238894e-03
2.62514943e-01	1.36304573e-02
2.62848507e-01	1.86339997e-02
2.63182071e-01	2.33214810e-02
2.63515635e-01	2.86394377e-02
2.63849199e-01	3.53509924e-02
2.64182763e-01	4.36713908e-02
2.64516327e-01	5.30825268e-02
2.64849892e-01	6.23803954e-02
2.65183456e-01	6.99422175e-02
2.65517020e-01	7.41373255e-02
2.65850584e-01	7.37654176e-02
2.66184148e-01	6.84030168e-02
2.66517712e-01	5.85706132e-02
2.66851276e-01	4.56798734e-02
2.67184840e-01	3.17685345e-02
2.67518404e-01	1.90783065e-02
2.67851968e-01	9.57290203e-03
2.68185533e-01	4.51258682e-03
2.68519097e-01	4.18787398e-03
2.68852661e-01	7.87652092e-03
2.69186225e-01	1.40383555e-02
2.69519789e-01	2.07075924e-02
2.69853353e-01	2.59904928e-02
2.70186917e-01	2.85450090e-02
2.70520481e-01	2.79209640e-02
2.70854045e-01	2.46711760e-02
2.71187609e-01	2.01968671e-02
2.71521173e-01	1.63577044e-02
2.71854738e-01	1.49431729e-02
2.72188302e-01	1.71427944e-02
2.72521866e-01	2.31524382e-02
2.72855430e-01	3.20193372e-02
2.73188994e-01	4.17747691e-02
2.73522558e-01	4.98387959e-02
2.73856122e-01	5.36127350e-02
2.74189686e-01	5.11200196e-02
2.74523250e-01	4.15374647e-02
2.74856814e-01	2.54846593e-02
2.75190379e-01	4.99692072e-03
2.75523943e-01	-1.68210719e-02
2.75857507e-01	-3.63910850e-02
2.76191071e-01	-5.03765745e-02
2.76524635e-01	-5.63579285e-02
2.76858199e-01	-5.33200308e-02
2.77191763e-01	-4.18513389e-02
2.77525327e-01	-2.40201804e-02
2.77858891e-01	-2.96446417e-03
2.78192455e-01	1.77101627e-02
2.78526019e-01	3.45960446e-02
2.78859584e-01	4.50843893e-02
2.79193148e-01	4.77955433e-02
2.79526712e-01	4.27687256e-02
2.79860276e-01	3.13842711e-02
2.80193840e-01	1.60393240e-02
2.80527404e-01	-3.55649433e-04
2.80860968e-01	-1.49576567e-02
2.81194532e-01	-2.55335317e-02
2.81528096e-01	-3.08574622e-02
2.81861660e-01	-3.08875998e-02
2.82195225e-01	-2.66920236e-02
2.82528789e-01	-2.01477961e-02
2.82862353e-01	-1.34841345e-02
2.83195917e-01	-8.77077497e-03
2.83529481e-01	-7.46129494e-03
2.83863045e-01	-1.00882052e-02
2.84196609e-01	-1.61734527e-02
2.84530173e-01	-2.43709015e-02
2.84863737e-01	-3.28080224e-02
2.85197301e-01	-3.95526249e-02
2.85530865e-01	-4.31018522e-02
2.85864430e-01	-4.27792269e-02
2.86197994e-01	-3.89383777e-02
2.86531558e-01	-3.29121149e-02
2.86865122e-01	-2.67058325e-02
2.87198686e-01	-2.25010208e-02
2.87532250e-01	-2.20913320e-02
2.87865814e-01	-2.64016782e-02
2.88199378e-01	-3.52255131e-02
2.88532942e-01	-4.72559465e-02
2.88866506e-01	-6.04005679e-02
2.89200071e-01	-7.22870948e-02
2.89533635e-01	-8.08150379e-02
2.89867199e-01	-8.46044590e-02
2.90200763e-01	-8.32363287e-02
2.90534327e-01	-7.72509211e-02
2.90867891e-01	-6.79420465e-02
2.91201455e-01	-5.70312129e-02
2.91535019e-01	-4.63161420e-02
2.91868583e-01	-3.73675664e-02
2.92202147e-01	-3.13143877e-02
2.92535711e-01	-2.87287423e-02
2.92869276e-01	-2.96075695e-02
2.93202840e-01	-3.34418616e-02
2.93536404e-01	-3.93597241e-02
2.93869968e-01	-4.63185054e-02
2.94203532e-01	-5.33060567e-02
2.94537096e-01	-5.95010166e-02
2.94870660e-01	-6.43486734e-02
2.95204224e-01	-6.75363646e-02
2.95537788e-01	-6.88909467e-02
2.95871352e-01	-6.82532518e-02
2.96204917e-01	-6.53956131e-02
2.96538481e-01	-6.00319126e-02
2.96872045e-01	-5.19298714e-02
2.97205609e-01	-4.10886502e-02
2.97539173e-01	-2.79118930e-02
2.97872737e-01	-1.33011654e-02
2.98206301e-01	1.38130155e-03
2.98539865e-01	1.44885619e-02
2.98873429e-01	2.43661843e-02
2.99206993e-01	2.96621840e-02
2.99540557e-01	2.95934657e-02
2.99874122e-01	2.41080315e-02
3.00207686e-01	1.39127198e-02
3.00541250e-01	3.70008022e-04
3.00874814e-01	-1.47064745e-02
3.01208378e-01	-2.93152439e-02
3.01541942e-01	-4.15459515e-02
3.01875506e-01	-4.98370833e-02
3.02209070e-01	-5.31829360e-02
3.02542634e-01	-5.12669065e-02
3.02876198e-01	-4.45038906e-02
3.03209763e-01	-3.39817495e-02
3.03543327e-01	-2.13025639e-02
3.03876891e-01	-8.33959415e-03
3.04210455e-01	3.05543404e-03
3.04544019e-01	1.13428351e-02
3.04877583e-01	1.55254982e-02
3.05211147e-01	1.52744445e-02
3.05544711e-01	1.09317221e-02
3.05878275e-01	3.40329669e-03
3.06211839e-01	-6.02194540e-03
3.06545403e-01	-1.58806932e-02
3.06878968e-01	-2.47307024e-02
3.07212532e-01	-3.13104397e-02
3.07546096e-01	-3.46583739e-02
3.07879660e-01	-3.41974492e-02
3.08213224e-01	-2.97909552e-02
3.08546788e-01	-2.17702924e-02
3.08880352e-01	-1.09265851e-02
3.09213916e-01	1.54715254e-03
3.09547480e-01	1.41721507e-02
3.09881044e-01	2.53539110e-02
3.10214609e-01	3.35871473e-02
3.10548173e-01	3.76663890e-02
3.10881737e-01	3.68682428e-02
3.11215301e-01	3.10726089e-02
3.11548865e-01	2.07979731e-02
3.11882429e-01	7.13918482e-03
3.12215993e-01	-8.38725301e-03
3.12549557e-01	-2.40679404e-02
3.12883121e-01	-3.82503209e-02
3.13216685e-01	-4.95884729e-02
3.13550249e-01	-5.72329905e-02
3.13883814e-01	-6.09305035e-02
3.14217378e-01	-6.10149596e-02
3.14550942e-01	-5.82939702e-02
3.14884506e-01	-5.38554763e-02
3.15218070e-01	-4.88377855e-02
3.15551634e-01	-4.42141895e-02
3.15885198e-01	-4.06380610e-02
3.16218762e-01	-3.83766367e-02
3.16552326e-01	-3.73372978e-02
3.16885890e-01	-3.71661522e-02
3.17219455e-01	-3.73816712e-02
3.17553019e-01	-3.75011665e-02
3.17886583e-01	-3.71267513e-02
3.18220147e-01	-3.59768097e-02
3.18553711e-01	-3.38711851e-02
3.18887275e-01	-3.06945017e-02
3.19220839e-01	-2.63665612e-02
3.19554403e-01	-2.08413528e-02
3.19887967e-01	-1.41409445e-02
3.20221531e-01	-6.41311606e-03
3.20555095e-01	2.01172562e-03
3.20888660e-01	1.05927048e-02
3.21222224e-01	1.86012696e-02
3.21555788e-01	2.52021494e-02
3.21889352e-01	2.95833868e-02
3.22222916e-01	3.11109022e-02
3.22556480e-01	2.94725557e-02
3.22890044e-01	2.47747903e-02
3.23223608e-01	1.75633069e-02
3.23557172e-01	8.75599427e-03
3.23890736e-01	-5.03166948e-04
3.24224301e-01	-9.04109277e-03
3.24557865e-01	-1.58608466e-02
3.24891429e-01	-2.03076617e-02
3.25224993e-01	-2.21573204e-02
3.25558557e-01	-2.16097973e-02
3.25892121e-01	-1.91963080e-02
3.26225685e-01	-1.56288446e-02
3.26559249e-01	-1.16338345e-02
3.26892813e-01	-7.81294833e-03
3.27226377e-01	-4.56208544e-03
3.27559941e-01	-2.05800905e-03
3.27893506e-01	-3.01309932e-04
3.28227070e-01	8.07794320e-04
3.28560634e-01	1.38799458e-03
3.28894198e-01	1.51464432e-03
3.29227762e-01	1.19347762e-03
3.29561326e-01	3.74299435e-04
3.29894890e-01	-1.00345622e-03
3.30228454e-01	-2.94862062e-03
3.30562018e-01	-5.35795907e-03
3.30895582e-01	-7.97632410e-03
3.31229147e-01	-1.03929103e-02
3.31562711e-01	-1.20823309e-02
3.31896275e-01	-1.24895669e-02
3.32229839e-01	-1.11456561e-02
3.32563403e-01	-7.78862296e-03
3.32896967e-01	-2.45771901e-03
3.33230531e-01	4.46759817e-03
3.33564095e-01	1.23010457e-02
3.33897659e-01	6.92622968e-03
