-8.00553828e-03	-0.00000000e+00
-7.67197419e-03	-8.27910611e-04
-7.33841009e-03	-2.88871843e-03
-7.00484600e-03	-7.90927982e-03
-6.67128190e-03	-1.95054306e-02
-6.33771781e-03	-4.51361596e-02
-6.00415371e-03	-9.97838701e-02
-5.67058962e-03	-2.11529297e-01
-5.33702552e-03	-4.31095200e-01
-5.00346143e-03	-8.45333661e-01
-4.66989733e-03	-1.59594066e+00
-4.33633324e-03	-2.90195806e+00
-4.00276914e-03	-5.08398781e+00
-3.66920505e-03	-8.58429690e+00
-3.33564095e-03	-1.39748337e+01
-3.00207686e-03	-2.19433444e+01
-2.66851276e-03	-3.32479150e+01
-2.33494867e-03	-4.86347908e+01
-2.00138457e-03	-6.87217529e+01
-1.66782048e-03	-9.38604178e+01
-1.33425638e-03	-1.24001170e+02
-1.00069229e-03	-1.58592196e+02
-6.67128190e-04	-1.96542964e+02
-3.33564095e-04	-2.36274079e+02
1.85165269e-18	-2.75856848e+02
3.33564095e-04	-3.13225379e+02
6.67128190e-04	-3.46424773e+02
1.00069229e-03	-3.73848946e+02
1.33425638e-03	-3.94423672e+02
1.66782048e-03	-4.07703617e+02
2.00138457e-03	-4.13872874e+02
2.33494867e-03	-4.13659495e+02
2.66851276e-03	-4.08190261e+02
3.00207686e-03	-3.98818602e+02
3.33564095e-03	-3.86956272e+02
3.66920505e-03	-3.73930424e+02
4.00276914e-03	-3.60877088e+02
4.33633324e-03	-3.48672091e+02
4.66989733e-03	-3.37895311e+02
5.00346143e-03	-3.28821930e+02
5.33702552e-03	-3.21436063e+02
5.67058962e-03	-3.15463984e+02
6.00415371e-03	-3.10425830e+02
6.33771781e-03	-3.05704185e+02
6.67128190e-03	-3.00625754e+02
7.00484600e-03	-2.94549030e+02
7.33841009e-03	-2.86947771e+02
7.67197419e-03	-2.77478397e+02
8.00553828e-03	-2.66020448e+02
8.33910238e-03	-2.52682527e+02
8.67266648e-03	-2.37771994e+02
9.00623057e-03	-2.21733177e+02
9.33979467e-03	-2.05064948e+02
9.67335876e-03	-1.88232808e+02
1.00069229e-02	-1.71591664e+02
1.03404870e-02	-1.55333906e+02
1.06740510e-02	-1.39472218e+02
1.10076151e-02	-1.23860217e+02
1.13411792e-02	-1.08246201e+02
1.16747433e-02	-9.23489118e+01
1.20083074e-02	-7.59393419e+01
1.23418715e-02	-5.89113479e+01
1.26754356e-02	-4.13258325e+01
1.30089997e-02	-2.34188919e+01
1.33425638e-02	-5.57202974e+00
1.36761279e-02	1.17490024e+01
1.40096920e-02	2.80734306e+01
1.43432561e-02	4.30056017e+01
1.46768202e-02	5.62895030e+01
1.50103843e-02	6.78452660e+01
1.53439484e-02	7.77723477e+01
1.56775125e-02	8.63214931e+01
1.60110766e-02	9.38438267e+01
1.63446407e-02	1.00728758e+02
1.66782048e-02	1.07342509e+02
1.70117689e-02	1.13976697e+02
1.73453330e-02	1.20812393e+02
1.76788970e-02	1.27901453e+02
1.80124611e-02	1.35163869e+02
1.83460252e-02	1.42398681e+02
1.86795893e-02	1.49305593e+02
1.90131534e-02	1.55514993e+02
1.93467175e-02	1.60624190e+02
1.96802816e-02	1.64237757e+02
2.00138457e-02	1.66009081e+02
2.03474098e-02	1.65679524e+02
2.06809739e-02	1.63110830e+02
2.10145380e-02	1.58306534e+02
2.13481021e-02	1.51418784e+02
2.16816662e-02	1.42738792e+02
2.20152303e-02	1.32671239e+02
2.23487944e-02	1.21695560e+02
2.26823585e-02	1.10319029e+02
2.30159226e-02	9.90280161e+01
2.33494867e-02	8.82439597e+01
2.36830508e-02	7.82898295e+01
2.40166149e-02	6.93710158e+01
2.43501789e-02	6.15722329e+01
2.46837430e-02	5.48695961e+01
2.50173071e-02	4.91547710e+01
2.53508712e-02	4.42665577e+01
2.56844353e-02	4.00243874e+01
2.60179994e-02	3.62583769e+01
2.63515635e-02	3.28314498e+01
2.66851276e-02	2.96508062e+01
2.70186917e-02	2.66680905e+01
2.73522558e-02	2.38699388e+01
2.76858199e-02	2.12623090e+01
2.80193840e-02	1.88531026e+01
2.83529481e-02	1.66374105e+01
2.86865122e-02	1.45887139e+01
2.90200763e-02	1.26574293e+01
2.93536404e-02	1.07763700e+01
2.96872045e-02	8.87104442e+00
3.00207686e-02	6.87206801e+00
3.03543327e-02	4.72688907e+00
3.06878968e-02	2.40879853e+00
3.10214609e-02	-7.80363152e-02
3.13550249e-02	-2.69788256e+00
3.16885890e-02	-5.38696381e+00
3.20221531e-02	-8.06056569e+00
3.23557172e-02	-1.06228281e+01
3.26892813e-02	-1.29779625e+01
3.30228454e-02	-1.50413593e+01
3.33564095e-02	-1.67488986e+01
3.36899736e-02	-1.80629846e+01
3.40235377e-02	-1.89744450e+01
3.43571018e-02	-1.95003070e+01
3.46906659e-02	-1.96784426e+01
3.50242300e-02	-1.95607095e+01
3.53577941e-02	-1.92064136e+01
3.56913582e-02	-1.86773897e+01
3.60249223e-02	-1.80351576e+01
3.63584864e-02	-1.73395103e+01
3.66920505e-02	-1.66472396e+01
3.70256146e-02	-1.60095560e+01
3.73591787e-02	-1.54675550e+01
3.76927428e-02	-1.50462322e+01
3.80263069e-02	-1.47488862e+01
3.83598709e-02	-1.45543230e+01
3.86934350e-02	-1.44190596e+01
3.90269991e-02	-1.42853247e+01
3.93605632e-02	-1.40938681e+01
3.96941273e-02	-1.37987247e+01
4.00276914e-02	-1.33801823e+01
4.03612555e-02	-1.28523377e+01
4.06948196e-02	-1.22630664e+01
4.10283837e-02	-1.16862312e+01
4.13619478e-02	-1.12080435e+01
4.16955119e-02	-1.09108567e+01
4.20290760e-02	-1.08581352e+01
4.23626401e-02	-1.10837580e+01
4.26962042e-02	-1.15874849e+01
4.30297683e-02	-1.23367431e+01
4.33633324e-02	-1.32733841e+01
4.36968965e-02	-1.43231469e+01
4.40304606e-02	-1.54053739e+01
4.43640247e-02	-1.64411016e+01
4.46975888e-02	-1.73585989e+01
4.50311529e-02	-1.80965049e+01
4.53647169e-02	-1.86053273e+01
4.56982810e-02	-1.88482259e+01
4.60318451e-02	-1.88015806e+01
4.63654092e-02	-1.84554006e+01
4.66989733e-02	-1.78132700e+01
4.70325374e-02	-1.68916698e+01
4.73661015e-02	-1.57187748e+01
4.76996656e-02	-1.43331416e+01
4.80332297e-02	-1.27825237e+01
4.83667938e-02	-1.11226091e+01
4.87003579e-02	-9.41484462e+00
4.90339220e-02	-7.72239898e+00
4.93674861e-02	-6.10380945e+00
4.97010502e-02	-4.60508800e+00
5.00346143e-02	-3.25231635e+00
5.03681784e-02	-2.04753119e+00
5.07017425e-02	-9.70301265e-01
5.10353066e-02	1.41394906e-02
5.13688707e-02	9.41639909e-01
5.17024348e-02	1.83431413e+00
5.20359989e-02	2.68878198e+00
5.23695629e-02	3.47156948e+00
5.27031270e-02	4.12372966e+00
5.30366911e-02	4.57389701e+00
5.33702552e-02	4.75628302e+00
5.37038193e-02	4.62856876e+00
5.40373834e-02	4.18465259e+00
5.43709475e-02	3.45882808e+00
5.47045116e-02	2.52050293e+00
5.50380757e-02	1.46133364e+00
5.53716398e-02	3.78613816e-01
5.57052039e-02	-6.40535179e-01
5.60387680e-02	-1.53046823e+00
5.63723321e-02	-2.25193321e+00
5.67058962e-02	-2.79090503e+00
5.70394603e-02	-3.15324611e+00
5.73730244e-02	-3.35779316e+00
5.77065885e-02	-3.43006210e+00
5.80401526e-02	-3.39774725e+00
5.83737167e-02	-3.28803248e+00
5.87072808e-02	-3.12605557e+00
5.90408449e-02	-2.93378717e+00
5.93744089e-02	-2.72900236e+00
5.97079730e-02	-2.52451879e+00
6.00415371e-02	-2.32815829e+00
6.03751012e-02	-2.14378488e+00
6.07086653e-02	-1.97334360e+00
6.10422294e-02	-1.81933090e+00
6.13757935e-02	-1.68684224e+00
6.17093576e-02	-1.58445708e+00
6.20429217e-02	-1.52361558e+00
6.23764858e-02	-1.51667881e+00
6.27100499e-02	-1.57428761e+00
6.30436140e-02	-1.70286734e+00
6.33771781e-02	-1.90302061e+00
6.37107422e-02	-2.16923642e+00
6.40443063e-02	-2.49092394e+00
6.43778704e-02	-2.85446385e+00
6.47114345e-02	-3.24573358e+00
6.50449986e-02	-3.65245295e+00
6.53785627e-02	-4.06573129e+00
6.57121268e-02	-4.48045464e+00
6.60456908e-02	-4.89454577e+00
6.63792549e-02	-5.30749824e+00
6.67128190e-02	-5.71880438e+00
6.70463831e-02	-6.12687253e+00
6.73799472e-02	-6.52879300e+00
6.77135113e-02	-6.92090241e+00
6.80470754e-02	-7.29972754e+00
6.83806395e-02	-7.66268722e+00
6.87142036e-02	-8.00806220e+00
6.90477677e-02	-8.33412894e+00
6.93813318e-02	-8.63785205e+00
6.97148959e-02	-8.91382006e+00
7.00484600e-02	-9.15403707e+00
7.03820241e-02	-9.34878545e+00
7.07155882e-02	-9.48826848e+00
7.10491523e-02	-9.56438066e+00
7.13827164e-02	-9.57184342e+00
7.17162805e-02	-9.50821318e+00
7.20498446e-02	-9.37275073e+00
7.23834087e-02	-9.16471450e+00
7.27169728e-02	-8.88190900e+00
7.30505368e-02	-8.52029040e+00
7.33841009e-02	-8.07497371e+00
7.37176650e-02	-7.54245636e+00
7.40512291e-02	-6.92332554e+00
7.43847932e-02	-6.22454212e+00
7.47183573e-02	-5.46048004e+00
7.50519214e-02	-4.65234200e+00
7.53854855e-02	-3.82607148e+00
7.57190496e-02	-3.00938403e+00
7.60526137e-02	-2.22878152e+00
7.63861778e-02	-1.50730878e+00
7.67197419e-02	-8.63427782e-01
7.70533060e-02	-3.10875014e-01
7.73868701e-02	1.40901306e-01
7.77204342e-02	4.86257237e-01
7.80539983e-02	7.23100628e-01
7.83875624e-02	8.52933215e-01
7.87211265e-02	8.80853827e-01
7.90546906e-02	8.15215153e-01
7.93882547e-02	6.66676724e-01
7.97218188e-02	4.46854509e-01
8.00553828e-02	1.66977927e-01
8.03889469e-02	-1.62808038e-01
8.07225110e-02	-5.33107488e-01
8.10560751e-02	-9.33890733e-01
8.13896392e-02	-1.35256899e+00
8.17232033e-02	-1.77237791e+00
8.20567674e-02	-2.17186927e+00
8.23903315e-02	-2.52606682e+00
8.27238956e-02	-2.80913997e+00
8.30574597e-02	-2.99806906e+00
8.33910238e-02	-3.07624076e+00
8.37245879e-02	-3.03616370e+00
8.40581520e-02	-2.88056374e+00
8.43917161e-02	-2.62178448e+00
8.47252802e-02	-2.27960354e+00
8.50588443e-02	-1.87798815e+00
8.53924084e-02	-1.44132524e+00
8.57259725e-02	-9.90681571e-01
8.60595366e-02	-5.40704428e-01
8.63931007e-02	-9.75629572e-02
8.67266648e-02	3.41481472e-01
8.70602288e-02	7.86831720e-01
8.73937929e-02	1.25355265e+00
8.77273570e-02	1.75733268e+00
8.80609211e-02	2.31014150e+00
8.83944852e-02	2.91671842e+00
8.87280493e-02	3.57274792e+00
8.90616134e-02	4.26507453e+00
8.93951775e-02	4.97393555e+00
8.97287416e-02	5.67631709e+00
9.00623057e-02	6.34976982e+00
9.03958698e-02	6.97559430e+00
9.07294339e-02	7.54104100e+00
9.10629980e-02	8.04025796e+00
9.13965621e-02	8.47408819e+00
9.17301262e-02	8.84910299e+00
9.20636903e-02	9.17588654e+00
9.23972544e-02	9.46700718e+00
9.27308185e-02	9.73459484e+00
9.30643826e-02	9.98793491e+00
9.33979467e-02	1.02314554e+01
9.37315108e-02	1.04634846e+01
9.40650748e-02	1.06763491e+01
9.43986389e-02	1.08576546e+01
9.47322030e-02	1.09927105e+01
9.50657671e-02	1.10674328e+01
9.53993312e-02	1.10709820e+01
9.57328953e-02	1.09976102e+01
9.60664594e-02	1.08471272e+01
9.64000235e-02	1.06242333e+01
9.67335876e-02	1.03370144e+01
9.70671517e-02	9.99517272e+00
9.74007158e-02	9.60867296e+00
9.77342799e-02	9.18696462e+00
9.80678440e-02	8.73900166e+00
9.84014081e-02	8.27379533e+00
9.87349722e-02	7.80106607e+00
9.90685363e-02	7.33174569e+00
9.94021004e-02	6.87787310e+00
9.97356645e-02	6.45185345e+00
1.00069229e-01	6.06522557e+00
1.00402793e-01	5.72707991e+00
1.00736357e-01	5.44263717e+00
1.01069921e-01	5.21222643e+00
1.01403485e-01	5.03092083e+00
1.01737049e-01	4.88913107e+00
1.02070613e-01	4.77397220e+00
1.02404177e-01	4.67123908e+00
1.02737741e-01	4.56753963e+00
1.03071305e-01	4.45197337e+00
1.03404870e-01	4.31711531e+00
1.03738434e-01	4.15905812e+00
1.04071998e-01	3.97661021e+00
1.04405562e-01	3.77018027e+00
1.04739126e-01	3.54081093e+00
1.05072690e-01	3.28981938e+00
1.05406254e-01	3.01920808e+00
1.05739818e-01	2.73242219e+00
1.06073382e-01	2.43496929e+00
1.06406946e-01	2.13438462e+00
1.06740510e-01	1.83908291e+00
1.07074075e-01	1.55635640e+00
1.07407639e-01	1.29007899e+00
1.07741203e-01	1.03883846e+00
1.08074767e-01	7.95430057e-01
1.08408331e-01	5.47979897e-01
1.08741895e-01	2.82492321e-01
1.09075459e-01	-1.36909651e-02
1.09409023e-01	-3.48594927e-01
1.09742587e-01	-7.23293195e-01
1.10076151e-01	-1.13100556e+00
1.10409716e-01	-1.55789646e+00
1.10743280e-01	-1.98520729e+00
1.11076844e-01	-2.39209409e+00
1.11410408e-01	-2.75865659e+00
1.11743972e-01	-3.06850927e+00
1.12077536e-01	-3.31054469e+00
1.12411100e-01	-3.47987291e+00
1.12744664e-01	-3.57783284e+00
1.13078228e-01	-3.61117296e+00
1.13411792e-01	-3.59066812e+00
1.13745356e-01	-3.52929169e+00
1.14078921e-01	-3.44018902e+00
1.14412485e-01	-3.33483071e+00
1.14746049e-01	-3.22154313e+00
1.15079613e-01	-3.10468644e+00
1.15413177e-01	-2.98480392e+00
1.15746741e-01	-2.85965634e+00
1.16080305e-01	-2.72590343e+00
1.16413869e-01	-2.58108545e+00
1.16747433e-01	-2.42519721e+00
1.17080997e-01	-2.26136376e+00
1.17414562e-01	-2.09544664e+00
1.17748126e-01	-1.93450536e+00
1.18081690e-01	-1.78458563e+00
1.18415254e-01	-1.64865464e+00
1.18748818e-01	-1.52533808e+00
1.19082382e-01	-1.40898358e+00
1.19415946e-01	-1.29117498e+00
1.19749510e-01	-1.16317217e+00
1.20083074e-01	-1.01846315e+00
1.20416638e-01	-8.54644955e-01
1.20750202e-01	-6.73986436e-01
1.21083767e-01	-4.82493197e-01
1.21417331e-01	-2.87951693e-01
1.21750895e-01	-9.77050873e-02
1.22084459e-01	8.30676012e-02
1.22418023e-01	2.51899456e-01
1.22751587e-01	4.08337610e-01
1.23085151e-01	5.52504590e-01
1.23418715e-01	6.83519819e-01
1.23752279e-01	7.98447851e-01
1.24085843e-01	8.92281136e-01
1.24419408e-01	9.58904315e-01
1.24752972e-01	9.92649532e-01
1.25086536e-01	9.89951862e-01
1.25420100e-01	9.50537923e-01
1.25753664e-01	8.77821312e-01
1.26087228e-01	7.78583595e-01
1.26420792e-01	6.62162970e-01
1.26754356e-01	5.39366409e-01
1.27087920e-01	4.21343554e-01
1.27421484e-01	3.18549040e-01
1.27755048e-01	2.39743215e-01
1.28088613e-01	1.91058450e-01
1.28422177e-01	1.75307099e-01
1.28755741e-01	1.91665231e-01
1.29089305e-01	2.35899445e-01
1.29422869e-01	3.01328380e-01
1.29756433e-01	3.80380611e-01
1.30089997e-01	4.66313971e-01
1.30423561e-01	5.54682376e-01
1.30757125e-01	6.44156312e-01
1.31090689e-01	7.36434436e-01
1.31424254e-01	8.35407276e-01
1.31757818e-01	9.45993903e-01
1.32091382e-01	1.07300263e+00
1.32424946e-01	1.22027614e+00
1.32758510e-01	1.39022440e+00
1.33092074e-01	1.58355912e+00
1.33425638e-01	1.79895222e+00
1.33759202e-01	2.03254325e+00
1.34092766e-01	2.27745494e+00
1.34426330e-01	2.52364208e+00
1.34759894e-01	2.75846378e+00
1.35093459e-01	2.96816512e+00
1.35427023e-01	3.14003566e+00
1.35760587e-01	3.26468911e+00
1.36094151e-01	3.33780696e+00
1.36427715e-01	3.36078390e+00
1.36761279e-01	3.34005781e+00
1.37094843e-01	3.28538616e+00
1.37428407e-01	3.20763987e+00
1.37761971e-01	3.11672422e+00
1.38095535e-01	3.02008974e+00
1.38429100e-01	2.92202318e+00
1.38762664e-01	2.82361581e+00
1.39096228e-01	2.72316672e+00
1.39429792e-01	2.61683842e+00
1.39763356e-01	2.49951012e+00
1.40096920e-01	2.36582415e+00
1.40430484e-01	2.21137188e+00
1.40764048e-01	2.03387310e+00
1.41097612e-01	1.83408486e+00
1.41431176e-01	1.61610533e+00
1.41764740e-01	1.38685684e+00
1.42098305e-01	1.15481280e+00
1.42431869e-01	9.28291068e-01
1.42765433e-01	7.13777199e-01
1.43098997e-01	5.14745848e-01
1.43432561e-01	3.31277710e-01
1.43766125e-01	1.60484285e-01
1.44099689e-01	-2.48247153e-03
1.44433253e-01	-1.63153181e-01
1.44766817e-01	-3.26500383e-01
1.45100381e-01	-4.95963165e-01
1.45433946e-01	-6.72843893e-01
1.45767510e-01	-8.56066315e-01
1.46101074e-01	-1.04226156e+00
1.46434638e-01	-1.22619458e+00
1.46768202e-01	-1.40152900e+00
1.47101766e-01	-1.56183502e+00
1.47435330e-01	-1.70165727e+00
1.47768894e-01	-1.81740483e+00
1.48102458e-01	-1.90782140e+00
1.48436022e-01	-1.97390140e+00
1.48769586e-01	-2.01831515e+00
1.49103151e-01	-2.04457941e+00
1.49436715e-01	-2.05628814e+00
1.49770279e-01	-2.05667887e+00
1.50103843e-01	-2.04865122e+00
1.50437407e-01	-2.03512707e+00
1.50770971e-01	-2.01946995e+00
1.51104535e-01	-2.00567163e+00
1.51438099e-01	-1.99816353e+00
1.51771663e-01	-2.00130713e+00
1.52105227e-01	-2.01877164e+00
1.52438792e-01	-2.05306629e+00
1.52772356e-01	-2.10539178e+00
1.53105920e-01	-2.17575298e+00
1.53439484e-01	-2.26312744e+00
1.53773048e-01	-2.36550835e+00
1.54106612e-01	-2.47975649e+00
1.54440176e-01	-2.60135740e+00
1.54773740e-01	-2.72436052e+00
1.55107304e-01	-2.84181114e+00
1.55440868e-01	-2.94676853e+00
1.55774432e-01	-3.03370398e+00
1.56107997e-01	-3.09987766e+00
1.56441561e-01	-3.14622358e+00
1.56775125e-01	-3.17737080e+00
1.57108689e-01	-3.20074143e+00
1.57442253e-01	-3.22502050e+00
1.57775817e-01	-3.25845950e+00
1.58109381e-01	-3.30744147e+00
1.58442945e-01	-3.37559087e+00
1.58776509e-01	-3.46349472e+00
1.59110073e-01	-3.56889827e+00
1.59443638e-01	-3.68717314e+00
1.59777202e-01	-3.81192178e+00
1.60110766e-01	-3.93566615e+00
1.60444330e-01	-4.05060559e+00
1.60777894e-01	-4.14942348e+00
1.61111458e-01	-4.22608637e+00
1.61445022e-01	-4.27653891e+00
1.61778586e-01	-4.29918201e+00
1.62112150e-01	-4.29504800e+00
1.62445714e-01	-4.26766462e+00
1.62779278e-01	-4.22268100e+00
1.63112843e-01	-4.16731724e+00
1.63446407e-01	-4.10961629e+00
1.63779971e-01	-4.05746313e+00
1.64113535e-01	-4.01742886e+00
1.64447099e-01	-3.99359246e+00
1.64780663e-01	-3.98655703e+00
1.65114227e-01	-3.99294417e+00
1.65447791e-01	-4.00564090e+00
1.65781355e-01	-4.01488886e+00
1.66114919e-01	-4.01002929e+00
1.66448484e-01	-3.98152331e+00
1.66782048e-01	-3.92280833e+00
1.67115612e-01	-3.83160100e+00
1.67449176e-01	-3.71039411e+00
1.67782740e-01	-3.56608053e+00
1.68116304e-01	-3.40879484e+00
1.68449868e-01	-3.25016041e+00
1.68783432e-01	-3.10119337e+00
1.69116996e-01	-2.97018307e+00
1.69450560e-01	-2.86093450e+00
1.69784124e-01	-2.77177456e+00
1.70117689e-01	-2.69564878e+00
1.70451253e-01	-2.62145930e+00
1.70784817e-01	-2.53651558e+00
1.71118381e-01	-2.42961396e+00
1.71451945e-01	-2.29397068e+00
1.71785509e-01	-2.12920271e+00
1.72119073e-01	-1.94181331e+00
1.72452637e-01	-1.74404143e+00
1.72786201e-01	-1.55134540e+00
1.73119765e-01	-1.37915850e+00
1.73453330e-01	-1.23976010e+00
1.73786894e-01	-1.14002118e+00
1.74120458e-01	-1.08046333e+00
1.74454022e-01	-1.05570434e+00
1.74787586e-01	-1.05605847e+00
1.75121150e-01	-1.06983320e+00
1.75454714e-01	-1.08575814e+00
1.75788278e-01	-1.09503004e+00
1.76121842e-01	-1.09261555e+00
1.76455406e-01	-1.07763765e+00
1.76788970e-01	-1.05284174e+00
1.77122535e-01	-1.02329529e+00
1.77456099e-01	-9.94633936e-01
1.77789663e-01	-9.71291798e-01
1.78123227e-01	-9.55158287e-01
1.78456791e-01	-9.44955682e-01
1.78790355e-01	-9.36425678e-01
1.79123919e-01	-9.23244602e-01
1.79457483e-01	-8.98444190e-01
1.79791047e-01	-8.55986455e-01
1.80124611e-01	-7.92105798e-01
1.80458176e-01	-7.06139357e-01
1.80791740e-01	-6.00741133e-01
1.81125304e-01	-4.81509846e-01
1.81458868e-01	-3.56133933e-01
1.81792432e-01	-2.33208741e-01
1.82125996e-01	-1.20924752e-01
1.82459560e-01	-2.58382547e-02
1.82793124e-01	4.80932454e-02
1.83126688e-01	1.00074603e-01
1.83460252e-01	1.32545002e-01
1.83793816e-01	1.50731925e-01
1.84127381e-01	1.61755462e-01
1.84460945e-01	1.73443149e-01
1.84794509e-01	1.93062638e-01
1.85128073e-01	2.26177193e-01
1.85461637e-01	2.75797513e-01
1.85795201e-01	3.41955545e-01
1.86128765e-01	4.21764372e-01
1.86462329e-01	5.09954696e-01
1.86795893e-01	5.99802801e-01
1.87129457e-01	6.84306725e-01
1.87463022e-01	7.57434756e-01
1.87796586e-01	8.15247758e-01
1.88130150e-01	8.56680571e-01
1.88463714e-01	8.83794962e-01
1.88797278e-01	9.01417846e-01
1.89130842e-01	9.16222724e-01
1.89464406e-01	9.35436617e-01
1.89797970e-01	9.65426696e-01
1.90131534e-01	1.01044512e+00
1.90465098e-01	1.07178997e+00
1.90798662e-01	1.14755780e+00
1.91132227e-01	1.23301875e+00
1.91465791e-01	1.32148877e+00
1.91799355e-01	1.40547276e+00
1.92132919e-01	1.47782574e+00
1.92466483e-01	1.53270426e+00
1.92800047e-01	1.56614222e+00
1.93133611e-01	1.57619496e+00
1.93467175e-01	1.56273422e+00
1.93800739e-01	1.52708047e+00
1.94134303e-01	1.47167340e+00
1.94467868e-01	1.39991026e+00
1.94801432e-01	1.31616980e+00
1.95134996e-01	1.22592100e+00
1.95468560e-01	1.13572061e+00
1.95802124e-01	1.05288528e+00
1.96135688e-01	9.84726636e-01
1.96469252e-01	9.37429241e-01
1.96802816e-01	9.14838873e-01
1.97136380e-01	9.17527332e-01
1.97469944e-01	9.42476293e-01
1.97803508e-01	9.83573409e-01
1.98137073e-01	1.03287850e+00
1.98470637e-01	1.08237863e+00
1.98804201e-01	1.12579470e+00
1.99137765e-01	1.15998054e+00
1.99471329e-01	1.18557322e+00
1.99804893e-01	1.20676328e+00
2.00138457e-01	1.23027450e+00
2.00472021e-01	1.26381134e+00
2.00805585e-01	1.31432676e+00
2.01139149e-01	1.38647323e+00
2.01472713e-01	1.48152804e+00
2.01806278e-01	1.59696910e+00
2.02139842e-01	1.72675889e+00
2.02473406e-01	1.86227309e+00
2.02806970e-01	1.99369049e+00
2.03140534e-01	2.11158091e+00
2.03474098e-01	2.20841099e+00
2.03807662e-01	2.27971009e+00
2.04141226e-01	2.32468656e+00
2.04474790e-01	2.34617504e+00
2.04808354e-01	2.34992737e+00
2.05141919e-01	2.34338788e+00
2.05475483e-01	2.33418309e+00
2.05809047e-01	2.32860956e+00
2.06142611e-01	2.33042282e+00
2.06476175e-01	2.34018673e+00
2.06809739e-01	2.35532273e+00
2.07143303e-01	2.37083357e+00
2.07476867e-01	2.38052619e+00
2.07810431e-01	2.37845272e+00
2.08143995e-01	2.36024325e+00
2.08477559e-01	2.32403031e+00
2.08811124e-01	2.27076415e+00
2.09144688e-01	2.20386646e+00
2.09478252e-01	2.12833596e+00
2.09811816e-01	2.04956123e+00
2.10145380e-01	1.97216402e+00
2.10478944e-01	1.89916434e+00
2.10812508e-01	1.83164881e+00
2.11146072e-01	1.76897303e+00
2.11479636e-01	1.70937095e+00
2.11813200e-01	1.65072754e+00
2.12146765e-01	1.59125099e+00
2.12480329e-01	1.52986433e+00
2.12813893e-01	1.46627348e+00
2.13147457e-01	1.40080104e+00
2.13481021e-01	1.33415813e+00
2.13814585e-01	1.26732906e+00
2.14148149e-01	1.20165766e+00
2.14481713e-01	1.13908689e+00
2.14815277e-01	1.08237835e+00
2.15148841e-01	1.03508526e+00
2.15482405e-01	1.00110568e+00
2.15815970e-01	9.83793987e-01
2.16149534e-01	9.84809429e-01
2.16483098e-01	1.00305167e+00
2.16816662e-01	1.03410273e+00
2.17150226e-01	1.07051673e+00
2.17483790e-01	1.10307640e+00
2.17817354e-01	1.12282326e+00
2.18150918e-01	1.12336918e+00
2.18484482e-01	1.10283290e+00
2.18818046e-01	1.06479353e+00
2.19151611e-01	1.01790481e+00
2.19485175e-01	9.74192473e-01
2.19818739e-01	9.46454185e-01
2.20152303e-01	9.45467660e-01
2.20485867e-01	9.77775186e-01
2.20819431e-01	1.04462064e+00
2.21152995e-01	1.14224721e+00
2.21486559e-01	1.26335038e+00
2.21820123e-01	1.39915315e+00
2.22153687e-01	1.54143534e+00
2.22487251e-01	1.68394756e+00
2.22820816e-01	1.82291459e+00
2.23154380e-01	1.95666561e+00
2.23487944e-01	2.08470423e+00
2.23821508e-01	2.20666658e+00
2.24155072e-01	2.32157773e+00
2.24488636e-01	2.42763857e+00
2.24822200e-01	2.52254101e+00
2.25155764e-01	2.60411454e+00
2.25489328e-01	2.67101339e+00
2.25822892e-01	2.72317758e+00
2.26156457e-01	2.76191374e+00
2.26490021e-01	2.78958718e+00
2.26823585e-01	2.80904118e+00
2.27157149e-01	2.82292313e+00
2.27490713e-01	2.83309123e+00
2.27824277e-01	2.84022403e+00
2.28157841e-01	2.84369406e+00
2.28491405e-01	2.84171127e+00
2.28824969e-01	2.83169423e+00
2.29158533e-01	2.81079421e+00
2.29492097e-01	2.77648678e+00
2.29825662e-01	2.72714604e+00
2.30159226e-01	2.66251644e+00
2.30492790e-01	2.58400113e+00
2.30826354e-01	2.49470901e+00
2.31159918e-01	2.39923939e+00
2.31493482e-01	2.30321304e+00
2.31827046e-01	2.21258025e+00
2.32160610e-01	2.13276519e+00
2.32494174e-01	2.06775487e+00
2.32827738e-01	2.01929178e+00
2.33161303e-01	1.98635663e+00
2.33494867e-01	1.96511102e+00
2.33828431e-01	1.94940148e+00
2.34161995e-01	1.93180399e+00
2.34495559e-01	1.90503818e+00
2.34829123e-01	1.86345695e+00
2.35162687e-01	1.80427117e+00
2.35496251e-01	1.72821406e+00
2.35829815e-01	1.63947293e+00
2.36163379e-01	1.54489146e+00
2.36496943e-01	1.45262178e+00
2.36830508e-01	1.37052036e+00
2.37164072e-01	1.30460749e+00
2.37497636e-01	1.25787369e+00
2.37831200e-01	1.22964949e+00
2.38164764e-01	1.21566466e+00
2.38498328e-01	1.20880440e+00
2.38831892e-01	1.20043585e+00
2.39165456e-01	1.18205069e+00
2.39499020e-01	1.14687862e+00
2.39832584e-01	1.09110624e+00
2.40166149e-01	1.01440942e+00
2.40499713e-01	9.19668822e-01
2.40833277e-01	8.11951735e-01
2.41166841e-01	6.97049715e-01
2.41500405e-01	5.79991409e-01
2.41833969e-01	4.63951580e-01
2.42167533e-01	3.49843562e-01
2.42501097e-01	2.36660639e-01
2.42834661e-01	1.22398149e-01
2.43168225e-01	5.21636065e-03
2.43501789e-01	-1.15556850e-01
2.43835354e-01	-2.38920774e-01
2.44168918e-01	-3.62363186e-01
2.44502482e-01	-4.82632867e-01
2.44836046e-01	-5.96855686e-01
2.45169610e-01	-7.03598707e-01
2.45503174e-01	-8.03492185e-01
2.45836738e-01	-8.99162029e-01
2.46170302e-01	-9.94462433e-01
2.46503866e-01	-1.09325254e+00
2.46837430e-01	-1.19814258e+00
2.47170995e-01	-1.30967112e+00
2.47504559e-01	-1.42623914e+00
2.47838123e-01	-1.54485630e+00
2.48171687e-01	-1.66244522e+00
2.48505251e-01	-1.77722196e+00
2.48838815e-01	-1.88961525e+00
2.49172379e-01	-2.00233269e+00
2.49505943e-01	-2.11948091e+00
2.49839507e-01	-2.24499254e+00
2.50173071e-01	-2.38087664e+00
2.50506635e-01	-2.52588775e+00
2.50840200e-01	-2.67507425e+00
2.51173764e-01	-2.82037378e+00
2.51507328e-01	-2.95208676e+00
2.51840892e-01	-3.06080053e+00
2.52174456e-01	-3.13923714e+00
2.52508020e-01	-3.18357208e+00
2.52841584e-01	-3.19396547e+00
2.53175148e-01	-3.17428289e+00
2.53508712e-01	-3.13118102e+00
2.53842276e-01	-3.07284317e+00
2.54175841e-01	-3.00765790e+00
2.54509405e-01	-2.94307148e+00
2.54842969e-01	-2.88476152e+00
2.55176533e-01	-2.83620848e+00
2.55510097e-01	-2.79868599e+00
2.55843661e-01	-2.77163432e+00
2.56177225e-01	-2.75331698e+00
2.56510789e-01	-2.74159340e+00
2.56844353e-01	-2.73459838e+00
2.57177917e-01	-2.73113275e+00
2.57511481e-01	-2.73065918e+00
2.57845046e-01	-2.73293691e+00
2.58178610e-01	-2.73746384e+00
2.58512174e-01	-2.74297165e+00
2.58845738e-01	-2.74721424e+00
2.59179302e-01	-2.74719645e+00
2.59512866e-01	-2.73983299e+00
2.59846430e-01	-2.72285881e+00
2.60179994e-01	-2.69569827e+00
2.60513558e-01	-2.65998617e+00
2.60847122e-01	-2.61952278e+00
2.61180687e-01	-2.57960648e+00
2.61514251e-01	-2.54586990e+00
2.61847815e-01	-2.52289502e+00
2.62181379e-01	-2.51296290e+00
2.62514943e-01	-2.51528461e+00
2.62848507e-01	-2.52595703e+00
2.63182071e-01	-2.53870726e+00
2.63515635e-01	-2.54627412e+00
2.63849199e-01	-2.54208615e+00
2.64182763e-01	-2.52179323e+00
2.64516327e-01	-2.48423298e+00
2.64849892e-01	-2.43156345e+00
2.65183456e-01	-2.36853128e+00
2.65517020e-01	-2.30109654e+00
2.65850584e-01	-2.23482221e+00
2.66184148e-01	-2.17349404e+00
2.66517712e-01	-2.11834684e+00
2.66851276e-01	-2.06807038e+00
2.67184840e-01	-2.01952633e+00
2.67518404e-01	-1.96890429e+00
2.67851968e-01	-1.91293798e+00
2.68185533e-01	-1.84982045e+00
2.68519097e-01	-1.77958622e+00
2.68852661e-01	-1.70391732e+00
2.69186225e-01	-1.62550953e+00
2.69519789e-01	-1.54724955e+00
2.69853353e-01	-1.47147628e+00
2.70186917e-01	-1.39953423e+00
2.70520481e-01	-1.33170449e+00
2.70854045e-01	-1.26746501e+00
2.71187609e-01	-1.20592933e+00
2.71521173e-01	-1.14627165e+00
2.71854738e-01	-1.08797721e+00
2.72188302e-01	-1.03084861e+00
2.72521866e-01	-9.74814852e-01
2.72855430e-01	-9.19679455e-01
2.73188994e-01	-8.64966887e-01
2.73522558e-01	-8.09973582e-01
2.73856122e-01	-7.54028417e-01
2.74189686e-01	-6.96865911e-01
2.74523250e-01	-6.38956097e-01
2.74856814e-01	-5.81639265e-01
2.75190379e-01	-5.26980148e-01
2.75523943e-01	-4.77360790e-01
2.75857507e-01	-4.34932813e-01
2.76191071e-01	-4.01106909e-01
2.76524635e-01	-3.76250766e-01
2.76858199e-01	-3.59704300e-01
2.77191763e-01	-3.50126481e-01
2.77525327e-01	-3.46087917e-01
2.77858891e-01	-3.46742847e-01
2.78192455e-01	-3.52374551e-01
2.78526019e-01	-3.64622390e-01
2.78859584e-01	-3.86269848e-01
2.79193148e-01	-4.20593306e-01
2.79526712e-01	-4.70415758e-01
2.79860276e-01	-5.37134356e-01
2.80193840e-01	-6.20042542e-01
2.80527404e-01	-7.16209740e-01
2.80860968e-01	-8.21015741e-01
2.81194532e-01	-9.29212143e-01
2.81528096e-01	-1.03618150e+00
2.81861660e-01	-1.13897070e+00
2.82195225e-01	-1.23673749e+00
2.82528789e-01	-1.33045363e+00
2.82862353e-01	-1.42197712e+00
2.83195917e-01	-1.51283439e+00
2.83529481e-01	-1.60315368e+00
2.83863045e-01	-1.69112952e+00
2.84196609e-01	-1.77320105e+00
2.84530173e-01	-1.84487335e+00
2.84863737e-01	-1.90189676e+00
2.85197301e-01	-1.94142105e+00
2.85530865e-01	-1.96277741e+00
2.85864430e-01	-1.96768147e+00
2.86197994e-01	-1.95983439e+00
2.86531558e-01	-1.94406948e+00
2.86865122e-01	-1.92529891e+00
2.87198686e-01	-1.90753828e+00
2.87532250e-01	-1.89323232e+00
2.87865814e-01	-1.88300402e+00
2.88199378e-01	-1.87583321e+00
2.88532942e-01	-1.86956839e+00
2.88866506e-01	-1.86160811e+00
2.89200071e-01	-1.84956602e+00
2.89533635e-01	-1.83175848e+00
2.89867199e-01	-1.80741541e+00
2.90200763e-01	-1.77660070e+00
2.90534327e-01	-1.73991176e+00
2.90867891e-01	-1.69808383e+00
2.91201455e-01	-1.65163528e+00
2.91535019e-01	-1.60065817e+00
2.91868583e-01	-1.54479889e+00
2.92202147e-01	-1.48341014e+00
2.92535711e-01	-1.41580886e+00
2.92869276e-01	-1.34155493e+00
2.93202840e-01	-1.26067321e+00
2.93536404e-01	-1.17376810e+00
2.93869968e-01	-1.08201532e+00
2.94203532e-01	-9.87048006e-01
2.94537096e-01	-8.90777063e-01
2.94870660e-01	-7.95196765e-01
2.95204224e-01	-7.02224292e-01
2.95537788e-01	-6.13605453e-01
2.95871352e-01	-5.30890882e-01
2.96204917e-01	-4.55455689e-01
2.96538481e-01	-3.88511548e-01
2.96872045e-01	-3.31053434e-01
2.97205609e-01	-2.83701193e-01
2.97539173e-01	-2.46439488e-01
2.97872737e-01	-2.18316344e-01
2.98206301e-01	-1.97208859e-01
2.98539865e-01	-1.79782198e-01
2.98873429e-01	-1.61740642e-01
2.99206993e-01	-1.38396564e-01
2.99540557e-01	-1.05481771e-01
2.99874122e-01	-6.00280614e-02
3.00207686e-01	-1.08809847e-03
3.00541250e-01	6.99192281e-02
3.00874814e-01	1.49370013e-01
3.01208378e-01	2.32100714e-01
3.01541942e-01	3.12434282e-01
3.01875506e-01	3.85321226e-01
3.02209070e-01	4.47321161e-01
3.02542634e-01	4.97205236e-01
3.02876198e-01	5.36076703e-01
3.03209763e-01	5.67042879e-01
3.03543327e-01	5.94580701e-01
3.03876891e-01	6.23787366e-01
3.04210455e-01	6.59687714e-01
3.04544019e-01	7.06698115e-01
3.04877583e-01	7.68261152e-01
3.05211147e-01	8.46606948e-01
3.05544711e-01	9.42586839e-01
3.05878275e-01	1.05555730e+00
3.06211839e-01	1.18334168e+00
3.06545403e-01	1.32233269e+00
3.06878968e-01	1.46779474e+00
3.07212532e-01	1.61437749e+00
3.07546096e-01	1.75678025e+00
3.07879660e-01	1.89044385e+00
3.08213224e-01	2.01211940e+00
3.08546788e-01	2.12018610e+00
3.08880352e-01	2.21465775e+00
3.09213916e-01	2.29690570e+00
3.09547480e-01	2.36919795e+00
3.09881044e-01	2.43418518e+00
3.10214609e-01	2.49444953e+00
3.10548173e-01	2.55218358e+00
3.10881737e-01	2.60900836e+00
3.11215301e-01	2.66589216e+00
3.11548865e-01	2.72311497e+00
3.11882429e-01	2.78023958e+00
3.12215993e-01	2.83609117e+00
3.12549557e-01	2.88878914e+00
3.12883121e-01	2.93589688e+00
3.13216685e-01	2.97473879e+00
3.13550249e-01	3.00288044e+00
3.13883814e-01	3.01869429e+00
3.14217378e-01	3.02186933e+00
3.14550942e-01	3.01369873e+00
3.14884506e-01	2.99701188e+00
3.15218070e-01	2.97570483e+00
3.15551634e-01	2.95394301e+00
3.15885198e-01	2.93522526e+00
3.16218762e-01	2.92156814e+00
3.16552326e-01	2.91306049e+00
3.16885890e-01	2.90794340e+00
3.17219455e-01	2.90321455e+00
3.17553019e-01	2.89559008e+00
3.17886583e-01	2.88253686e+00
3.18220147e-01	2.86305750e+00
3.18553711e-01	2.83798279e+00
3.18887275e-01	2.80968072e+00
3.19220839e-01	2.78127878e+00
3.19554403e-01	2.75565334e+00
3.19887967e-01	2.73451318e+00
3.20221531e-01	2.71786956e+00
3.20555095e-01	2.70405489e+00
3.20888660e-01	2.69027196e+00
3.21222224e-01	2.67348449e+00
3.21555788e-01	2.65135446e+00
3.21889352e-01	2.62292584e+00
3.22222916e-01	2.58884568e+00
3.22556480e-01	2.55106932e+00
3.22890044e-01	2.51216273e+00
3.23223608e-01	2.47444042e+00
3.23557172e-01	2.43922213e+00
3.23890736e-01	2.40644312e+00
3.24224301e-01	2.37472849e+00
3.24557865e-01	2.34188503e+00
3.24891429e-01	2.30562662e+00
3.25224993e-01	2.26427858e+00
3.25558557e-01	2.21722580e+00
3.25892121e-01	2.16497483e+00
3.26225685e-01	2.10885122e+00
3.26559249e-01	2.05049019e+00
3.26892813e-01	1.99134526e+00
3.27226377e-01	1.93241115e+00
3.27559941e-01	1.87424728e+00
3.27893506e-01	1.81724524e+00
3.28227070e-01	1.76196968e+00
3.28560634e-01	1.70937039e+00
3.28894198e-01	1.66072630e+00
3.29227762e-01	1.61730827e+00
3.29561326e-01	1.57987850e+00
3.29894890e-01	1.54822205e+00
3.30228454e-01	1.52090092e+00
3.30562018e-01	1.49533741e+00
3.30895582e-01	1.46821190e+00
3.31229147e-01	1.43605446e+00
3.31562711e-01	1.39586146e+00
3.31896275e-01	1.34558625e+00
3.32229839e-01	1.28441826e+00
3.32563403e-01	1.21284018e+00
3.32896967e-01	1.13250270e+00
3.33230531e-01	1.04596593e+00
3.33564095e-01	9.56340741e-01
3.33897659e-01	8.57565334e-01
