-8.00553828e-03	-0.00000000e+00
-7.67197419e-03	-2.03784638e-04
-7.33841009e-03	-8.08199022e-04
-7.00484600e-03	-2.17412854e-03
-6.67128190e-03	-5.41834011e-03
-6.33771781e-03	-1.26422403e-02
-6.00415371e-03	-2.80571524e-02
-5.67058962e-03	-5.98337062e-02
-5.33702552e-03	-1.22569123e-01
-5.00346143e-03	-2.41630464e-01
-4.66989733e-03	-4.58702122e-01
-4.33633324e-03	-8.38767972e-01
-4.00276914e-03	-1.47801728e+00
-3.66920505e-03	-2.51069219e+00
-3.33564095e-03	-4.11302012e+00
-3.00207686e-03	-6.50093484e+00
-2.66851276e-03	-9.91887045e+00
-2.33494867e-03	-1.46175752e+01
-2.00138457e-03	-2.08214359e+01
-1.66782048e-03	-2.86886378e+01
-1.33425638e-03	-3.82708011e+01
-1.00069229e-03	-4.94812002e+01
-6.67128190e-04	-6.20802422e+01
-3.33564095e-04	-7.56851067e+01
1.85165269e-18	-8.98045892e+01
3.33564095e-04	-1.03894664e+02
6.67128190e-04	-1.17424407e+02
1.00069229e-03	-1.29938900e+02
1.33425638e-03	-1.41106591e+02
1.66782048e-03	-1.50742106e+02
2.00138457e-03	-1.58802116e+02
2.33494867e-03	-1.65357822e+02
2.66851276e-03	-1.70552643e+02
3.00207686e-03	-1.74555556e+02
3.33564095e-03	-1.77519984e+02
3.66920505e-03	-1.79555049e+02
4.00276914e-03	-1.80712514e+02
4.33633324e-03	-1.80988830e+02
4.66989733e-03	-1.80339247e+02
5.00346143e-03	-1.78699318e+02
5.33702552e-03	-1.76008792e+02
5.67058962e-03	-1.72233629e+02
6.00415371e-03	-1.67382587e+02
6.33771781e-03	-1.61516708e+02
6.67128190e-03	-1.54750812e+02
7.00484600e-03	-1.47247838e+02
7.33841009e-03	-1.39207365e+02
7.67197419e-03	-1.30850423e+02
8.00553828e-03	-1.22402824e+02
8.33910238e-03	-1.14078971e+02
8.67266648e-03	-1.06067966e+02
9.00623057e-03	-9.85229880e+01
9.33979467e-03	-9.15547330e+01
9.67335876e-03	-8.52288931e+01
1.00069229e-02	-7.95674985e+01
1.03404870e-02	-7.45534931e+01
1.06740510e-02	-7.01378162e+01
1.10076151e-02	-6.62481051e+01
1.13411792e-02	-6.27981884e+01
1.16747433e-02	-5.96975296e+01
1.20083074e-02	-5.68599770e+01
1.23418715e-02	-5.42111969e+01
1.26754356e-02	-5.16943635e+01
1.30089997e-02	-4.92736769e+01
1.33425638e-02	-4.69353399e+01
1.36761279e-02	-4.46857407e+01
1.40096920e-02	-4.25466171e+01
1.43432561e-02	-4.05474363e+01
1.46768202e-02	-3.87154550e+01
1.50103843e-02	-3.70647396e+01
1.53439484e-02	-3.55857567e+01
1.56775125e-02	-3.42377819e+01
1.60110766e-02	-3.29461876e+01
1.63446407e-02	-3.16062967e+01
1.66782048e-02	-3.00942708e+01
1.70117689e-02	-2.82839992e+01
1.73453330e-02	-2.60673286e+01
1.76788970e-02	-2.33736500e+01
1.80124611e-02	-2.01845485e+01
1.83460252e-02	-1.65397871e+01
1.86795893e-02	-1.25328401e+01
1.90131534e-02	-8.29648794e+00
1.93467175e-02	-3.98162408e+00
1.96802816e-02	2.66013018e-01
2.00138457e-02	4.32591480e+00
2.03474098e-02	8.11558016e+00
2.06809739e-02	1.15939695e+01
2.10145380e-02	1.47562783e+01
2.13481021e-02	1.76228057e+01
2.16816662e-02	2.02258133e+01
2.20152303e-02	2.25980401e+01
2.23487944e-02	2.47652558e+01
2.26823585e-02	2.67434862e+01
2.30159226e-02	2.85400145e+01
2.33494867e-02	3.01564933e+01
2.36830508e-02	3.15924986e+01
2.40166149e-02	3.28485560e+01
2.43501789e-02	3.39282709e+01
2.46837430e-02	3.48397967e+01
2.50173071e-02	3.55967143e+01
2.53508712e-02	3.62183017e+01
2.56844353e-02	3.67287831e+01
2.60179994e-02	3.71553359e+01
2.63515635e-02	3.75249278e+01
2.66851276e-02	3.78606583e+01
2.70186917e-02	3.81786206e+01
2.73522558e-02	3.84862709e+01
2.76858199e-02	3.87828675e+01
2.80193840e-02	3.90617896e+01
2.83529481e-02	3.93140046e+01
2.86865122e-02	3.95315302e+01
2.90200763e-02	3.97099168e+01
2.93536404e-02	3.98490242e+01
2.96872045e-02	3.99519809e+01
3.00207686e-02	4.00225668e+01
3.03543327e-02	4.00617507e+01
3.06878968e-02	4.00642963e+01
3.10214609e-02	4.00165624e+01
3.13550249e-02	3.98964461e+01
3.16885890e-02	3.96760377e+01
3.20221531e-02	3.93267784e+01
3.23557172e-02	3.88260522e+01
3.26892813e-02	3.81634585e+01
3.30228454e-02	3.73448110e+01
3.33564095e-02	3.63924476e+01
3.36899736e-02	3.53414582e+01
3.40235377e-02	3.42328000e+01
3.43571018e-02	3.31052189e+01
3.46906659e-02	3.19883503e+01
3.50242300e-02	3.08988430e+01
3.53577941e-02	2.98403853e+01
3.56913582e-02	2.88071648e+01
3.60249223e-02	2.77893767e+01
3.63584864e-02	2.67788729e+01
3.66920505e-02	2.57733147e+01
3.70256146e-02	2.47778059e+01
3.73591787e-02	2.38038781e+01
3.76927428e-02	2.28664158e+01
3.80263069e-02	2.19795336e+01
3.83598709e-02	2.11524979e+01
3.86934350e-02	2.03865711e+01
3.90269991e-02	1.96734040e+01
3.93605632e-02	1.89952293e+01
3.96941273e-02	1.83268894e+01
4.00276914e-02	1.76393617e+01
4.03612555e-02	1.69042318e+01
4.06948196e-02	1.60982165e+01
4.10283837e-02	1.52068021e+01
4.13619478e-02	1.42261349e+01
4.16955119e-02	1.31627989e+01
4.20290760e-02	1.20316592e+01
4.23626401e-02	1.08525448e+01
4.26962042e-02	9.64681072e+00
4.30297683e-02	8.43475970e+00
4.33633324e-02	7.23446091e+00
4.36968965e-02	6.06183861e+00
4.40304606e-02	4.93132887e+00
4.43640247e-02	3.85608186e+00
4.46975888e-02	2.84694371e+00
4.50311529e-02	1.91004976e+00
4.53647169e-02	1.04378612e+00
4.56982810e-02	2.36498975e-01
4.60318451e-02	-5.33457150e-01
4.63654092e-02	-1.29438514e+00
4.66989733e-02	-2.07480398e+00
4.70325374e-02	-2.89548099e+00
4.73661015e-02	-3.76242325e+00
4.76996656e-02	-4.66341883e+00
4.80332297e-02	-5.56974230e+00
4.83667938e-02	-6.44292349e+00
4.87003579e-02	-7.24461663e+00
4.90339220e-02	-7.94635753e+00
4.93674861e-02	-8.53598614e+00
4.97010502e-02	-9.01872149e+00
5.00346143e-02	-9.41294401e+00
5.03681784e-02	-9.74266677e+00
5.07017425e-02	-1.00298292e+01
5.10353066e-02	-1.02892937e+01
5.13688707e-02	-1.05280935e+01
5.17024348e-02	-1.07485048e+01
5.20359989e-02	-1.09529350e+01
5.23695629e-02	-1.11479625e+01
5.27031270e-02	-1.13455089e+01
5.30366911e-02	-1.15606054e+01
5.33702552e-02	-1.18068816e+01
5.37038193e-02	-1.20919218e+01
5.40373834e-02	-1.24145986e+01
5.43709475e-02	-1.27655186e+01
5.47045116e-02	-1.31302739e+01
5.50380757e-02	-1.34940193e+01
5.53716398e-02	-1.38453747e+01
5.57052039e-02	-1.41781157e+01
5.60387680e-02	-1.44901728e+01
5.63723321e-02	-1.47807259e+01
5.67058962e-02	-1.50469274e+01
5.70394603e-02	-1.52818559e+01
5.73730244e-02	-1.54746533e+01
5.77065885e-02	-1.56128619e+01
5.80401526e-02	-1.56860884e+01
5.83737167e-02	-1.56896663e+01
5.87072808e-02	-1.56270792e+01
5.90408449e-02	-1.55104324e+01
5.93744089e-02	-1.53589443e+01
5.97079730e-02	-1.51959359e+01
6.00415371e-02	-1.50450553e+01
6.03751012e-02	-1.49264205e+01
6.07086653e-02	-1.48532519e+01
6.10422294e-02	-1.48294292e+01
6.13757935e-02	-1.48483831e+01
6.17093576e-02	-1.48936397e+01
6.20429217e-02	-1.49411528e+01
6.23764858e-02	-1.49631999e+01
6.27100499e-02	-1.49332176e+01
6.30436140e-02	-1.48306014e+01
6.33771781e-02	-1.46443772e+01
6.37107422e-02	-1.43748577e+01
6.40443063e-02	-1.40328869e+01
6.43778704e-02	-1.36368853e+01
6.47114345e-02	-1.32084248e+01
6.50449986e-02	-1.27673963e+01
6.53785627e-02	-1.23279037e+01
6.57121268e-02	-1.18958391e+01
6.60456908e-02	-1.14686549e+01
6.63792549e-02	-1.10372569e+01
6.67128190e-02	-1.05893778e+01
6.70463831e-02	-1.01134118e+01
6.73799472e-02	-9.60165321e+00
6.77135113e-02	-9.05215255e+00
6.80470754e-02	-8.46889344e+00
6.83806395e-02	-7.86051087e+00
6.87142036e-02	-7.23817048e+00
6.90477677e-02	-6.61337598e+00
6.93813318e-02	-5.99630893e+00
6.97148959e-02	-5.39494455e+00
7.00484600e-02	-4.81481280e+00
7.03820241e-02	-4.25912193e+00
7.07155882e-02	-3.72899098e+00
7.10491523e-02	-3.22372561e+00
7.13827164e-02	-2.74121825e+00
7.17162805e-02	-2.27862515e+00
7.20498446e-02	-1.83334008e+00
7.23834087e-02	-1.40403894e+00
7.27169728e-02	-9.91373426e-01
7.30505368e-02	-5.97892726e-01
7.33841009e-02	-2.27056492e-01
7.37176650e-02	1.18424328e-01
7.40512291e-02	4.38271261e-01
7.43847932e-02	7.35600925e-01
7.47183573e-02	1.01660097e+00
7.50519214e-02	1.28892638e+00
7.53854855e-02	1.55938760e+00
7.57190496e-02	1.83188516e+00
7.60526137e-02	2.10646176e+00
7.63861778e-02	2.37984311e+00
7.67197419e-02	2.64720987e+00
7.70533060e-02	2.90442423e+00
7.73868701e-02	3.14989640e+00
7.77204342e-02	3.38546811e+00
7.80539983e-02	3.61619782e+00
7.83875624e-02	3.84927820e+00
7.87211265e-02	4.09261413e+00
7.90546906e-02	4.35351688e+00
7.93882547e-02	4.63775158e+00
7.97218188e-02	4.94892183e+00
8.00553828e-02	5.28803948e+00
8.03889469e-02	5.65327578e+00
8.07225110e-02	6.03993348e+00
8.10560751e-02	6.44081741e+00
8.13896392e-02	6.84696543e+00
8.17232033e-02	7.24862125e+00
8.20567674e-02	7.63612988e+00
8.23903315e-02	8.00050784e+00
8.27238956e-02	8.33363219e+00
8.30574597e-02	8.62820311e+00
8.33910238e-02	8.87789106e+00
8.37245879e-02	9.07789077e+00
8.40581520e-02	9.22595519e+00
8.43917161e-02	9.32346835e+00
8.47252802e-02	9.37601943e+00
8.50588443e-02	9.39294891e+00
8.53924084e-02	9.38572868e+00
8.57259725e-02	9.36560047e+00
8.60595366e-02	9.34117878e+00
8.63931007e-02	9.31695988e+00
8.67266648e-02	9.29317347e+00
8.70602288e-02	9.26702884e+00
8.73937929e-02	9.23475476e+00
8.77273570e-02	9.19360521e+00
8.80609211e-02	9.14310884e+00
8.83944852e-02	9.08507336e+00
8.87280493e-02	9.02254499e+00
8.90616134e-02	8.95814162e+00
8.93951775e-02	8.89257202e+00
8.97287416e-02	8.82394628e+00
9.00623057e-02	8.74817983e+00
9.03958698e-02	8.66044943e+00
9.07294339e-02	8.55709109e+00
9.10629980e-02	8.43732652e+00
9.13965621e-02	8.30400958e+00
9.17301262e-02	8.16300851e+00
9.20636903e-02	8.02133539e+00
9.23972544e-02	7.88460610e+00
9.27308185e-02	7.75492718e+00
9.30643826e-02	7.63001388e+00
9.33979467e-02	7.50405708e+00
9.37315108e-02	7.37009908e+00
9.40650748e-02	7.22302105e+00
9.43986389e-02	7.06204676e+00
9.47322030e-02	6.89164360e+00
9.50657671e-02	6.72044434e+00
9.53993312e-02	6.55849647e+00
9.57328953e-02	6.41374954e+00
9.60664594e-02	6.28905006e+00
9.64000235e-02	6.18060171e+00
9.67335876e-02	6.07840800e+00
9.70671517e-02	5.96855804e+00
9.74007158e-02	5.83663343e+00
9.77342799e-02	5.67133950e+00
9.80678440e-02	5.46736038e+00
9.84014081e-02	5.22666779e+00
9.87349722e-02	4.95801886e+00
9.90685363e-02	4.67475867e+00
9.94021004e-02	4.39155066e+00
9.97356645e-02	4.12087887e+00
1.00069229e-01	3.87012559e+00
1.00402793e-01	3.64003702e+00
1.00736357e-01	3.42493998e+00
1.01069921e-01	3.21466415e+00
1.01403485e-01	2.99774311e+00
1.01737049e-01	2.76496755e+00
1.02070613e-01	2.51235996e+00
1.02404177e-01	2.24269612e+00
1.02737741e-01	1.96501643e+00
1.03071305e-01	1.69228406e+00
1.03404870e-01	1.43780677e+00
1.03738434e-01	1.21146979e+00
1.04071998e-01	1.01696223e+00
1.04405562e-01	8.50786909e-01
1.04739126e-01	7.03368173e-01
1.05072690e-01	5.61876000e-01
1.05406254e-01	4.13786393e-01
1.05739818e-01	2.50107547e-01
1.06073382e-01	6.73718682e-02
1.06406946e-01	-1.32057571e-01
1.06740510e-01	-3.41245272e-01
1.07074075e-01	-5.50979710e-01
1.07407639e-01	-7.52365193e-01
1.07741203e-01	-9.38954031e-01
1.08074767e-01	-1.10790099e+00
1.08408331e-01	-1.26001890e+00
1.08741895e-01	-1.39886085e+00
1.09075459e-01	-1.52920023e+00
1.09409023e-01	-1.65545906e+00
1.09742587e-01	-1.78048563e+00
1.10076151e-01	-1.90503130e+00
1.10409716e-01	-2.02805498e+00
1.10743280e-01	-2.14756972e+00
1.11076844e-01	-2.26169054e+00
1.11410408e-01	-2.36942481e+00
1.11743972e-01	-2.47079217e+00
1.12077536e-01	-2.56631161e+00
1.12411100e-01	-2.65610535e+00
1.12744664e-01	-2.73905245e+00
1.13078228e-01	-2.81256798e+00
1.13411792e-01	-2.87325930e+00
1.13745356e-01	-2.91830175e+00
1.14078921e-01	-2.94706547e+00
1.14412485e-01	-2.96226063e+00
1.14746049e-01	-2.96999372e+00
1.15079613e-01	-2.97863726e+00
1.15413177e-01	-2.99684827e+00
1.15746741e-01	-3.03137184e+00
1.16080305e-01	-3.08545204e+00
1.16413869e-01	-3.15836059e+00
1.16747433e-01	-3.24601851e+00
1.17080997e-01	-3.34238501e+00
1.17414562e-01	-3.44098305e+00
1.17748126e-01	-3.53594527e+00
1.18081690e-01	-3.62247876e+00
1.18415254e-01	-3.69692591e+00
1.18748818e-01	-3.75671267e+00
1.19082382e-01	-3.80057963e+00
1.19415946e-01	-3.82914913e+00
1.19749510e-01	-3.84552077e+00
1.20083074e-01	-3.85555675e+00
1.20416638e-01	-3.86748941e+00
1.20750202e-01	-3.89065491e+00
1.21083767e-01	-3.93360155e+00
1.21417331e-01	-4.00207870e+00
1.21750895e-01	-4.09744773e+00
1.22084459e-01	-4.21603060e+00
1.22418023e-01	-4.34964291e+00
1.22751587e-01	-4.48710077e+00
1.23085151e-01	-4.61628999e+00
1.23418715e-01	-4.72637512e+00
1.23752279e-01	-4.80964561e+00
1.24085843e-01	-4.86263699e+00
1.24419408e-01	-4.88643776e+00
1.24752972e-01	-4.88614268e+00
1.25086536e-01	-4.86957130e+00
1.25420100e-01	-4.84562030e+00
1.25753664e-01	-4.82255867e+00
1.26087228e-01	-4.80652616e+00
1.26420792e-01	-4.80058537e+00
1.26754356e-01	-4.80452046e+00
1.27087920e-01	-4.81534508e+00
1.27421484e-01	-4.82840199e+00
1.27755048e-01	-4.83877442e+00
1.28088613e-01	-4.84255591e+00
1.28422177e-01	-4.83762600e+00
1.28755741e-01	-4.82381355e+00
1.29089305e-01	-4.80245891e+00
1.29422869e-01	-4.77555838e+00
1.29756433e-01	-4.74491185e+00
1.30089997e-01	-4.71165372e+00
1.30423561e-01	-4.67627442e+00
1.30757125e-01	-4.63907829e+00
1.31090689e-01	-4.60084678e+00
1.31424254e-01	-4.56326705e+00
1.31757818e-01	-4.52881603e+00
1.32091382e-01	-4.50011169e+00
1.32424946e-01	-4.47890091e+00
1.32758510e-01	-4.46500818e+00
1.33092074e-01	-4.45569398e+00
1.33425638e-01	-4.44570255e+00
1.33759202e-01	-4.42803259e+00
1.34092766e-01	-4.39532560e+00
1.34426330e-01	-4.34156217e+00
1.34759894e-01	-4.26360121e+00
1.35093459e-01	-4.16218658e+00
1.35427023e-01	-4.04218768e+00
1.35760587e-01	-3.91192408e+00
1.36094151e-01	-3.78161354e+00
1.36427715e-01	-3.66123976e+00
1.36761279e-01	-3.55829311e+00
1.37094843e-01	-3.47591821e+00
1.37428407e-01	-3.41202164e+00
1.37761971e-01	-3.35969528e+00
1.38095535e-01	-3.30890536e+00
1.38429100e-01	-3.24902395e+00
1.38762664e-01	-3.17154544e+00
1.39096228e-01	-3.07221768e+00
1.39429792e-01	-2.95194102e+00
1.39763356e-01	-2.81619494e+00
1.40096920e-01	-2.67322766e+00
1.40430484e-01	-2.53159135e+00
1.40764048e-01	-2.39777883e+00
1.41097612e-01	-2.27465658e+00
1.41431176e-01	-2.16108207e+00
1.41764740e-01	-2.05268871e+00
1.42098305e-01	-1.94348182e+00
1.42431869e-01	-1.82769366e+00
1.42765433e-01	-1.70134175e+00
1.43098997e-01	-1.56311169e+00
1.43432561e-01	-1.41444162e+00
1.43766125e-01	-1.25891726e+00
1.44099689e-01	-1.10123941e+00
1.44433253e-01	-9.46076843e-01
1.44766817e-01	-7.97081625e-01
1.45100381e-01	-6.56264571e-01
1.45433946e-01	-5.23832796e-01
1.45767510e-01	-3.98485911e-01
1.46101074e-01	-2.78059778e-01
1.46434638e-01	-1.60319133e-01
1.46768202e-01	-4.36613403e-02
1.47101766e-01	7.24860579e-02
1.47435330e-01	1.87704280e-01
1.47768894e-01	3.01026539e-01
1.48102458e-01	4.11570926e-01
1.48436022e-01	5.19063956e-01
1.48769586e-01	6.24017742e-01
1.49103151e-01	7.27476721e-01
1.49436715e-01	8.30435889e-01
1.49770279e-01	9.33193006e-01
1.50103843e-01	1.03493844e+00
1.50437407e-01	1.13377596e+00
1.50770971e-01	1.22718172e+00
1.51104535e-01	1.31273397e+00
1.51438099e-01	1.38884455e+00
1.51771663e-01	1.45524657e+00
1.52105227e-01	1.51310779e+00
1.52438792e-01	1.56476875e+00
1.52772356e-01	1.61322062e+00
1.53105920e-01	1.66150751e+00
1.53439484e-01	1.71220840e+00
1.53773048e-01	1.76707234e+00
1.54106612e-01	1.82683883e+00
1.54440176e-01	1.89125517e+00
1.54773740e-01	1.95926414e+00
1.55107304e-01	2.02932037e+00
1.55440868e-01	2.09980134e+00
1.55774432e-01	2.16943418e+00
1.56107997e-01	2.23760091e+00
1.56441561e-01	2.30442490e+00
1.56775125e-01	2.37063839e+00
1.57108689e-01	2.43727808e+00
1.57442253e-01	2.50529553e+00
1.57775817e-01	2.57523950e+00
1.58109381e-01	2.64716262e+00
1.58442945e-01	2.72078115e+00
1.58776509e-01	2.79579350e+00
1.59110073e-01	2.87221480e+00
1.59443638e-01	2.95057236e+00
1.59777202e-01	3.03184463e+00
1.60110766e-01	3.11715349e+00
1.60444330e-01	3.20735105e+00
1.60777894e-01	3.30265883e+00
1.61111458e-01	3.40244248e+00
1.61445022e-01	3.50514311e+00
1.61778586e-01	3.60836067e+00
1.62112150e-01	3.70906467e+00
1.62445714e-01	3.80389112e+00
1.62779278e-01	3.88949306e+00
1.63112843e-01	3.96293411e+00
1.63446407e-01	4.02210254e+00
1.63779971e-01	4.06606085e+00
1.64113535e-01	4.09519234e+00
1.64447099e-01	4.11103740e+00
1.64780663e-01	4.11582238e+00
1.65114227e-01	4.11179878e+00
1.65447791e-01	4.10058374e+00
1.65781355e-01	4.08271259e+00
1.66114919e-01	4.05755738e+00
1.66448484e-01	4.02363616e+00
1.66782048e-01	3.97920096e+00
1.67115612e-01	3.92291136e+00
1.67449176e-01	3.85439396e+00
1.67782740e-01	3.77454597e+00
1.68116304e-01	3.68553793e+00
1.68449868e-01	3.59055841e+00
1.68783432e-01	3.49338763e+00
1.69116996e-01	3.39789174e+00
1.69450560e-01	3.30751973e+00
1.69784124e-01	3.22487423e+00
1.70117689e-01	3.15140583e+00
1.70451253e-01	3.08724423e+00
1.70784817e-01	3.03115980e+00
1.71118381e-01	2.98066858e+00
1.71451945e-01	2.93231095e+00
1.71785509e-01	2.88209168e+00
1.72119073e-01	2.82600105e+00
1.72452637e-01	2.76052601e+00
1.72786201e-01	2.68309405e+00
1.73119765e-01	2.59239355e+00
1.73453330e-01	2.48849569e+00
1.73786894e-01	2.37274114e+00
1.74120458e-01	2.24743903e+00
1.74454022e-01	2.11547544e+00
1.74787586e-01	1.97993434e+00
1.75121150e-01	1.84383413e+00
1.75454714e-01	1.71005516e+00
1.75788278e-01	1.58143973e+00
1.76121842e-01	1.46093415e+00
1.76455406e-01	1.35160208e+00
1.76788970e-01	1.25639255e+00
1.77122535e-01	1.17766180e+00
1.77456099e-01	1.11658025e+00
1.77789663e-01	1.07264707e+00
1.78123227e-01	1.04353186e+00
1.78456791e-01	1.02536311e+00
1.78790355e-01	1.01342366e+00
1.79123919e-01	1.00304673e+00
1.79457483e-01	9.90408227e-01
1.79791047e-01	9.72959258e-01
1.80124611e-01	9.49424176e-01
1.80458176e-01	9.19480850e-01
1.80791740e-01	8.83334906e-01
1.81125304e-01	8.41387739e-01
1.81458868e-01	7.94119978e-01
1.81792432e-01	7.42194988e-01
1.82125996e-01	6.86666639e-01
1.82459560e-01	6.29114587e-01
1.82793124e-01	5.71567804e-01
1.83126688e-01	5.16186981e-01
1.83460252e-01	4.64795460e-01
1.83793816e-01	4.18421715e-01
1.84127381e-01	3.77017694e-01
1.84460945e-01	3.39457653e-01
1.84794509e-01	3.03836746e-01
1.85128073e-01	2.68002232e-01
1.85461637e-01	2.30173751e-01
1.85795201e-01	1.89471301e-01
1.86128765e-01	1.46199108e-01
1.86462329e-01	1.01809975e-01
1.86795893e-01	5.85510947e-02
1.87129457e-01	1.88634509e-02
1.87463022e-01	-1.53096128e-02
1.87796586e-01	-4.30928117e-02
1.88130150e-01	-6.49587087e-02
1.88463714e-01	-8.26735648e-02
1.88797278e-01	-9.89732384e-02
1.89130842e-01	-1.17069295e-01
1.89464406e-01	-1.40098370e-01
1.89797970e-01	-1.70644028e-01
1.90131534e-01	-2.10424242e-01
1.90465098e-01	-2.60134006e-01
1.90798662e-01	-3.19361249e-01
1.91132227e-01	-3.86535231e-01
1.91465791e-01	-4.58958571e-01
1.91799355e-01	-5.33009210e-01
1.92132919e-01	-6.04561865e-01
1.92466483e-01	-6.69616069e-01
1.92800047e-01	-7.25041855e-01
1.93133611e-01	-7.69261433e-01
1.93467175e-01	-8.02628462e-01
1.93800739e-01	-8.27325710e-01
1.94134303e-01	-8.46777344e-01
1.94467868e-01	-8.64759601e-01
1.94801432e-01	-8.84486525e-01
1.95134996e-01	-9.07930606e-01
1.95468560e-01	-9.35553823e-01
1.95802124e-01	-9.66492887e-01
1.96135688e-01	-9.99080510e-01
1.96469252e-01	-1.03147061e+00
1.96802816e-01	-1.06215379e+00
1.97136380e-01	-1.09026889e+00
1.97469944e-01	-1.11571358e+00
1.97803508e-01	-1.13907696e+00
1.98137073e-01	-1.16142173e+00
1.98470637e-01	-1.18397621e+00
1.98804201e-01	-1.20781398e+00
1.99137765e-01	-1.23357096e+00
1.99471329e-01	-1.26123644e+00
1.99804893e-01	-1.29008738e+00
2.00138457e-01	-1.31883924e+00
2.00472021e-01	-1.34600242e+00
2.00805585e-01	-1.37033135e+00
2.01139149e-01	-1.39123058e+00
2.01472713e-01	-1.40901225e+00
2.01806278e-01	-1.42491419e+00
2.02139842e-01	-1.44082080e+00
2.02473406e-01	-1.45874129e+00
2.02806970e-01	-1.48022941e+00
2.03140534e-01	-1.50594950e+00
2.03474098e-01	-1.53550283e+00
2.03807662e-01	-1.56753682e+00
2.04141226e-01	-1.60011552e+00
2.04474790e-01	-1.63127558e+00
2.04808354e-01	-1.65960645e+00
2.05141919e-01	-1.68466217e+00
2.05475483e-01	-1.70708640e+00
2.05809047e-01	-1.72843961e+00
2.06142611e-01	-1.75077717e+00
2.06476175e-01	-1.77607048e+00
2.06809739e-01	-1.80563625e+00
2.07143303e-01	-1.83977561e+00
2.07476867e-01	-1.87774207e+00
2.07810431e-01	-1.91800766e+00
2.08143995e-01	-1.95869936e+00
2.08477559e-01	-1.99805341e+00
2.08811124e-01	-2.03473475e+00
2.09144688e-01	-2.06790664e+00
2.09478252e-01	-2.09705006e+00
2.09811816e-01	-2.12166856e+00
2.10145380e-01	-2.14106254e+00
2.10478944e-01	-2.15429571e+00
2.10812508e-01	-2.16037555e+00
2.11146072e-01	-2.15858807e+00
2.11479636e-01	-2.14886857e+00
2.11813200e-01	-2.13205751e+00
2.12146765e-01	-2.10991701e+00
2.12480329e-01	-2.08487446e+00
2.12813893e-01	-2.05956096e+00
2.13147457e-01	-2.03626334e+00
2.13481021e-01	-2.01641525e+00
2.13814585e-01	-2.00024904e+00
2.14148149e-01	-1.98670735e+00
2.14481713e-01	-1.97364872e+00
2.14815277e-01	-1.95830245e+00
2.15148841e-01	-1.93787983e+00
2.15482405e-01	-1.91022330e+00
2.15815970e-01	-1.87434649e+00
2.16149534e-01	-1.83071446e+00
2.16483098e-01	-1.78117698e+00
2.16816662e-01	-1.72857254e+00
2.17150226e-01	-1.67610245e+00
2.17483790e-01	-1.62661405e+00
2.17817354e-01	-1.58195367e+00
2.18150918e-01	-1.54254762e+00
2.18484482e-01	-1.50731296e+00
2.18818046e-01	-1.47390312e+00
2.19151611e-01	-1.43921275e+00
2.19485175e-01	-1.40002948e+00
2.19818739e-01	-1.35370721e+00
2.20152303e-01	-1.29873274e+00
2.20485867e-01	-1.23508066e+00
2.20819431e-01	-1.16429650e+00
2.21152995e-01	-1.08928860e+00
2.21486559e-01	-1.01384305e+00
2.21820123e-01	-9.41929305e-01
2.22153687e-01	-8.76932217e-01
2.22487251e-01	-8.20982443e-01
2.22820816e-01	-7.74535463e-01
2.23154380e-01	-7.36286146e-01
2.23487944e-01	-7.03427118e-01
2.23821508e-01	-6.72180466e-01
2.24155072e-01	-6.38474690e-01
2.24488636e-01	-5.98624122e-01
2.24822200e-01	-5.49897625e-01
2.25155764e-01	-4.90914970e-01
2.25489328e-01	-4.21854195e-01
2.25822892e-01	-3.44473775e-01
2.26156457e-01	-2.61952290e-01
2.26490021e-01	-1.78543455e-01
2.26823585e-01	-9.90524269e-02
2.27157149e-01	-2.81679239e-02
2.27490713e-01	3.02684189e-02
2.27824277e-01	7.39281025e-02
2.28157841e-01	1.02455203e-01
2.28491405e-01	1.17608689e-01
2.28824969e-01	1.23042125e-01
2.29158533e-01	1.23753761e-01
2.29492097e-01	1.25314979e-01
2.29825662e-01	1.33032388e-01
2.30159226e-01	1.51198917e-01
2.30492790e-01	1.82550859e-01
2.30826354e-01	2.27997980e-01
2.31159918e-01	2.86645682e-01
2.31493482e-01	3.56080243e-01
2.31827046e-01	4.32847504e-01
2.32160610e-01	5.13033291e-01
2.32494174e-01	5.92848683e-01
2.32827738e-01	6.69126362e-01
2.33161303e-01	7.39646303e-01
2.33494867e-01	8.03237667e-01
2.33828431e-01	8.59649575e-01
2.34161995e-01	9.09237711e-01
2.34495559e-01	9.52562423e-01
2.34829123e-01	9.90020499e-01
2.35162687e-01	1.02162234e+00
2.35496251e-01	1.04697647e+00
2.35829815e-01	1.06547194e+00
2.36163379e-01	1.07658443e+00
2.36496943e-01	1.08019527e+00
2.36830508e-01	1.07680901e+00
2.37164072e-01	1.06758626e+00
2.37497636e-01	1.05417176e+00
2.37831200e-01	1.03837752e+00
2.38164764e-01	1.02184035e+00
2.38498328e-01	1.00578405e+00
2.38831892e-01	9.90975143e-01
2.39165456e-01	9.77886352e-01
2.39499020e-01	9.66997422e-01
2.39832584e-01	9.59094041e-01
2.40166149e-01	9.55406350e-01
2.40499713e-01	9.57477101e-01
2.40833277e-01	9.66751838e-01
2.41166841e-01	9.83997586e-01
2.41500405e-01	1.00873900e+00
2.41833969e-01	1.03892151e+00
2.42167533e-01	1.07095545e+00
2.42501097e-01	1.10017738e+00
2.42834661e-01	1.12163265e+00
2.43168225e-01	1.13099032e+00
2.43501789e-01	1.12537096e+00
2.43835354e-01	1.10389398e+00
2.44168918e-01	1.06782555e+00
2.44502482e-01	1.02031691e+00
2.44836046e-01	9.65825748e-01
2.45169610e-01	9.09369092e-01
2.45503174e-01	8.55755493e-01
2.45836738e-01	8.08918431e-01
2.46170302e-01	7.71445101e-01
2.46503866e-01	7.44364719e-01
2.46837430e-01	7.27220390e-01
2.47170995e-01	7.18401134e-01
2.47504559e-01	7.15662919e-01
2.47838123e-01	7.16723843e-01
2.48171687e-01	7.19791714e-01
2.48505251e-01	7.23895121e-01
2.48838815e-01	7.28950951e-01
2.49172379e-01	7.35587831e-01
2.49505943e-01	7.44815748e-01
2.49839507e-01	7.57660729e-01
2.50173071e-01	7.74865390e-01
2.50506635e-01	7.96703361e-01
2.50840200e-01	8.22897537e-01
2.51173764e-01	8.52604062e-01
2.51507328e-01	8.84438796e-01
2.51840892e-01	9.16558134e-01
2.52174456e-01	9.46828068e-01
2.52508020e-01	9.73107576e-01
2.52841584e-01	9.93634121e-01
2.53175148e-01	1.00743871e+00
2.53508712e-01	1.01466231e+00
2.53842276e-01	1.01663748e+00
2.54175841e-01	1.01566297e+00
2.54509405e-01	1.01451059e+00
2.54842969e-01	1.01580224e+00
2.55176533e-01	1.02143618e+00
2.55510097e-01	1.03221467e+00
2.55843661e-01	1.04775027e+00
2.56177225e-01	1.06663844e+00
2.56510789e-01	1.08681624e+00
2.56844353e-01	1.10600345e+00
2.57177917e-01	1.12213467e+00
2.57511481e-01	1.13371250e+00
2.57845046e-01	1.14002872e+00
2.58178610e-01	1.14121648e+00
2.58512174e-01	1.13811632e+00
2.58845738e-01	1.13196581e+00
2.59179302e-01	1.12396269e+00
2.59512866e-01	1.11480066e+00
2.59846430e-01	1.10431209e+00
2.60179994e-01	1.09134399e+00
2.60513558e-01	1.07393736e+00
2.60847122e-01	1.04979103e+00
2.61180687e-01	1.01690031e+00
2.61514251e-01	9.74199852e-01
2.61847815e-01	9.22032040e-01
2.62181379e-01	8.62307198e-01
2.62514943e-01	7.98302712e-01
2.62848507e-01	7.34139396e-01
2.63182071e-01	6.74051029e-01
2.63515635e-01	6.21607435e-01
2.63849199e-01	5.79055145e-01
2.64182763e-01	5.46908068e-01
2.64516327e-01	5.23867541e-01
2.64849892e-01	5.07089412e-01
2.65183456e-01	4.92753007e-01
2.65517020e-01	4.76827294e-01
2.65850584e-01	4.55881661e-01
2.66184148e-01	4.27766897e-01
2.66517712e-01	3.92008766e-01
2.66851276e-01	3.49813888e-01
2.67184840e-01	3.03677351e-01
2.67518404e-01	2.56687181e-01
2.67851968e-01	2.11713907e-01
2.68185533e-01	1.70716149e-01
2.68519097e-01	1.34360365e-01
2.68852661e-01	1.02052767e-01
2.69186225e-01	7.23512280e-02
2.69519789e-01	4.36098294e-02
2.69853353e-01	1.46453753e-02
2.70186917e-01	-1.47779513e-02
2.70520481e-01	-4.37804943e-02
2.70854045e-01	-7.05492377e-02
2.71187609e-01	-9.28071500e-02
2.71521173e-01	-1.08440130e-01
2.71854738e-01	-1.16125524e-01
2.72188302e-01	-1.15817562e-01
2.72521866e-01	-1.08981199e-01
2.72855430e-01	-9.85107035e-02
2.73188994e-01	-8.83164807e-02
2.73522558e-01	-8.26211326e-02
2.73856122e-01	-8.50808290e-02
2.74189686e-01	-9.79257375e-02
2.74523250e-01	-1.21354554e-01
2.74856814e-01	-1.53386779e-01
2.75190379e-01	-1.90266382e-01
2.75523943e-01	-2.27350590e-01
2.75857507e-01	-2.60258313e-01
2.76191071e-01	-2.85952537e-01
2.76524635e-01	-3.03436991e-01
2.76858199e-01	-3.13868646e-01
2.77191763e-01	-3.20081030e-01
2.77525327e-01	-3.25701319e-01
2.77858891e-01	-3.34154266e-01
2.78192455e-01	-3.47844710e-01
2.78526019e-01	-3.67711981e-01
2.78859584e-01	-3.93205016e-01
2.79193148e-01	-4.22598710e-01
2.79526712e-01	-4.53504012e-01
2.79860276e-01	-4.83422659e-01
2.80193840e-01	-5.10235935e-01
2.80527404e-01	-5.32561010e-01
2.80860968e-01	-5.49937998e-01
2.81194532e-01	-5.62826370e-01
2.81528096e-01	-5.72404323e-01
2.81861660e-01	-5.80193928e-01
2.82195225e-01	-5.87581952e-01
2.82528789e-01	-5.95355637e-01
2.82862353e-01	-6.03396122e-01
2.83195917e-01	-6.10647600e-01
2.83529481e-01	-6.15407677e-01
2.83863045e-01	-6.15884749e-01
2.84196609e-01	-6.10874041e-01
2.84530173e-01	-6.00348778e-01
2.84863737e-01	-5.85769484e-01
2.85197301e-01	-5.69984249e-01
2.85530865e-01	-5.56704822e-01
2.85864430e-01	-5.49665602e-01
2.86197994e-01	-5.51673377e-01
2.86531558e-01	-5.63807361e-01
2.86865122e-01	-5.85010105e-01
2.87198686e-01	-6.12214878e-01
2.87532250e-01	-6.41004338e-01
2.87865814e-01	-6.66633535e-01
2.88199378e-01	-6.85131462e-01
2.88532942e-01	-6.94163693e-01
2.88866506e-01	-6.93412399e-01
2.89200071e-01	-6.84389411e-01
2.89533635e-01	-6.69786794e-01
2.89867199e-01	-6.52615461e-01
2.90200763e-01	-6.35430403e-01
2.90534327e-01	-6.19876047e-01
2.90867891e-01	-6.06638194e-01
2.91201455e-01	-5.95725573e-01
2.91535019e-01	-5.86893729e-01
2.91868583e-01	-5.80007552e-01
2.92202147e-01	-5.75210266e-01
2.92535711e-01	-5.72879739e-01
2.92869276e-01	-5.73447855e-01
2.93202840e-01	-5.77194705e-01
2.93536404e-01	-5.84103519e-01
2.93869968e-01	-5.93805280e-01
2.94203532e-01	-6.05594865e-01
2.94537096e-01	-6.18490067e-01
2.94870660e-01	-6.31328412e-01
2.95204224e-01	-6.42924653e-01
2.95537788e-01	-6.52309359e-01
2.95871352e-01	-6.59024197e-01
2.96204917e-01	-6.63386065e-01
2.96538481e-01	-6.66593241e-01
2.96872045e-01	-6.70566826e-01
2.97205609e-01	-6.77504842e-01
2.97539173e-01	-6.89244925e-01
2.97872737e-01	-7.06631150e-01
2.98206301e-01	-7.29109846e-01
2.98539865e-01	-7.54717807e-01
2.98873429e-01	-7.80495885e-01
2.99206993e-01	-8.03214047e-01
2.99540557e-01	-8.20188373e-01
2.99874122e-01	-8.29945169e-01
3.00207686e-01	-8.32546864e-01
3.00541250e-01	-8.29509165e-01
3.00874814e-01	-8.23361759e-01
3.01208378e-01	-8.16993978e-01
3.01541942e-01	-8.12962408e-01
3.01875506e-01	-8.12922711e-01
3.02209070e-01	-8.17299556e-01
3.02542634e-01	-8.25244913e-01
3.02876198e-01	-8.34870281e-01
3.03209763e-01	-8.43682594e-01
3.03543327e-01	-8.49114822e-01
3.03876891e-01	-8.49028210e-01
3.04210455e-01	-8.42079804e-01
3.04544019e-01	-8.27893982e-01
3.04877583e-01	-8.07034671e-01
3.05211147e-01	-7.80823139e-01
3.05544711e-01	-7.51069310e-01
3.05878275e-01	-7.19780438e-01
3.06211839e-01	-6.88887871e-01
3.06545403e-01	-6.60006719e-01
3.06878968e-01	-6.34231425e-01
3.07212532e-01	-6.11978329e-01
3.07546096e-01	-5.92904119e-01
3.07879660e-01	-5.75938584e-01
3.08213224e-01	-5.59458762e-01
3.08546788e-01	-5.41596913e-01
3.08880352e-01	-5.20626742e-01
3.09213916e-01	-4.95333814e-01
3.09547480e-01	-4.65270765e-01
3.09881044e-01	-4.30832287e-01
3.10214609e-01	-3.93143316e-01
3.10548173e-01	-3.53809679e-01
3.10881737e-01	-3.14610715e-01
3.11215301e-01	-2.77209361e-01
3.11548865e-01	-2.42925897e-01
3.11882429e-01	-2.12587905e-01
3.12215993e-01	-1.86450486e-01
3.12549557e-01	-1.64183402e-01
3.12883121e-01	-1.44935499e-01
3.13216685e-01	-1.27493380e-01
3.13550249e-01	-1.10536942e-01
3.13883814e-01	-9.29590674e-02
3.14217378e-01	-7.41761526e-02
3.14550942e-01	-5.43336369e-02
3.14884506e-01	-3.43242872e-02
3.15218070e-01	-1.55881863e-02
3.15551634e-01	2.65939578e-04
3.15885198e-01	1.19172124e-02
3.16218762e-01	1.87388739e-02
3.16552326e-01	2.10419267e-02
3.16885890e-01	2.00935338e-02
3.17219455e-01	1.79114438e-02
3.17553019e-01	1.68921474e-02
3.17886583e-01	1.93648514e-02
3.18220147e-01	2.71712283e-02
3.18553711e-01	4.13569333e-02
3.18887275e-01	6.20343624e-02
3.19220839e-01	8.84437999e-02
3.19554403e-01	1.19202291e-01
3.19887967e-01	1.52685790e-01
3.20221531e-01	1.87448074e-01
3.20555095e-01	2.22555480e-01
3.20888660e-01	2.57725174e-01
3.21222224e-01	2.93204118e-01
3.21555788e-01	3.29409303e-01
3.21889352e-01	3.66442682e-01
3.22222916e-01	4.03659633e-01
3.22556480e-01	4.39475382e-01
3.22890044e-01	4.71528544e-01
3.23223608e-01	4.97201399e-01
3.23557172e-01	5.14361970e-01
3.23890736e-01	5.22093591e-01
3.24224301e-01	5.21155754e-01
3.24557865e-01	5.13991908e-01
3.24891429e-01	5.04244378e-01
3.25224993e-01	4.95901543e-01
3.25558557e-01	4.92327162e-01
3.25892121e-01	4.95462424e-01
3.26225685e-01	5.05434457e-01
3.26559249e-01	5.20670911e-01
3.26892813e-01	5.38457818e-01
3.27226377e-01	5.55746850e-01
3.27559941e-01	5.69961030e-01
3.27893506e-01	5.79575436e-01
3.28227070e-01	5.84342691e-01
3.28560634e-01	5.85155523e-01
3.28894198e-01	5.83646415e-01
3.29227762e-01	5.81681584e-01
3.29561326e-01	5.80901938e-01
3.29894890e-01	5.82412598e-01
3.30228454e-01	5.86653308e-01
3.30562018e-01	5.93421594e-01
3.30895582e-01	6.01987286e-01
3.31229147e-01	6.11236412e-01
3.31562711e-01	6.19805240e-01
3.31896275e-01	6.26195780e-01
3.32229839e-01	6.28889262e-01
3.32563403e-01	6.26485205e-01
3.32896967e-01	6.17885663e-01
3.33230531e-01	6.02519645e-01
3.33564095e-01	5.80571885e-01
3.33897659e-01	5.37065121e-01
