-8.00553828e-03	-0.00000000e+00
-7.67197419e-03	-9.63892084e-05
-7.33841009e-03	-4.29966319e-04
-7.00484600e-03	-1.18712329e-03
-6.67128190e-03	-2.90750004e-03
-6.33771781e-03	-6.79694239e-03
-6.00415371e-03	-1.51084159e-02
-5.67058962e-03	-3.22097207e-02
-5.33702552e-03	-6.60892424e-02
-5.00346143e-03	-1.30498476e-01
-4.66989733e-03	-2.48284014e-01
-4.33633324e-03	-4.55271287e-01
-4.00276914e-03	-8.04818356e-01
-3.66920505e-03	-1.37221828e+00
-3.33564095e-03	-2.25730103e+00
-3.00207686e-03	-3.58421825e+00
-2.66851276e-03	-5.49615149e+00
-2.33494867e-03	-8.14395227e+00
-2.00138457e-03	-1.16687728e+01
-1.66782048e-03	-1.61798711e+01
-1.33425638e-03	-2.17314564e+01
-1.00069229e-03	-2.83029958e+01
-6.67128190e-04	-3.57881428e+01
-3.33564095e-04	-4.39961422e+01
1.85165269e-18	-5.26667625e+01
3.33564095e-04	-6.14968378e+01
6.67128190e-04	-7.01731994e+01
1.00069229e-03	-7.84053025e+01
1.33425638e-03	-8.59510199e+01
1.66782048e-03	-9.26312423e+01
2.00138457e-03	-9.83320268e+01
2.33494867e-03	-1.02996410e+02
2.66851276e-03	-1.06609990e+02
3.00207686e-03	-1.09185248e+02
3.33564095e-03	-1.10748665e+02
3.66920505e-03	-1.11332853e+02
4.00276914e-03	-1.10974202e+02
4.33633324e-03	-1.09714591e+02
4.66989733e-03	-1.07605358e+02
5.00346143e-03	-1.04711283e+02
5.33702552e-03	-1.01113087e+02
5.67058962e-03	-9.69076570e+01
6.00415371e-03	-9.22057458e+01
6.33771781e-03	-8.71277882e+01
6.67128190e-03	-8.17983105e+01
7.00484600e-03	-7.63400042e+01
7.33841009e-03	-7.08680303e+01
7.67197419e-03	-6.54852654e+01
8.00553828e-03	-6.02788763e+01
8.33910238e-03	-5.53183194e+01
8.67266648e-03	-5.06548556e+01
9.00623057e-03	-4.63222013e+01
9.33979467e-03	-4.23381466e+01
9.67335876e-03	-3.87066336e+01
1.00069229e-02	-3.54200635e+01
1.03404870e-02	-3.24615391e+01
1.06740510e-02	-2.98069521e+01
1.10076151e-02	-2.74268927e+01
1.13411792e-02	-2.52884109e+01
1.16747433e-02	-2.33566875e+01
1.20083074e-02	-2.15965852e+01
1.23418715e-02	-1.99740520e+01
1.26754356e-02	-1.84572453e+01
1.30089997e-02	-1.70173583e+01
1.33425638e-02	-1.56290642e+01
1.36761279e-02	-1.42707462e+01
1.40096920e-02	-1.29245919e+01
1.43432561e-02	-1.15768394e+01
1.46768202e-02	-1.02182737e+01
1.50103843e-02	-8.84507099e+00
1.53439484e-02	-7.45987401e+00
1.56775125e-02	-6.07281712e+00
1.60110766e-02	-4.70219922e+00
1.63446407e-02	-3.37436880e+00
1.66782048e-02	-2.12268211e+00
1.70117689e-02	-9.85379283e-01
1.73453330e-02	-2.67630245e-03
1.76788970e-02	7.86646476e-01
1.80124611e-02	1.34860998e+00
1.83460252e-02	1.65697775e+00
1.86795893e-02	1.69549978e+00
1.90131534e-02	1.45942628e+00
1.93467175e-02	9.56546478e-01
1.96802816e-02	2.07987906e-01
2.00138457e-02	-7.50900234e-01
2.03474098e-02	-1.86971067e+00
2.06809739e-02	-3.08250160e+00
2.10145380e-02	-4.30851890e+00
2.13481021e-02	-5.45494906e+00
2.16816662e-02	-6.42247230e+00
2.20152303e-02	-7.11376196e+00
2.23487944e-02	-7.44427455e+00
2.26823585e-02	-7.35380159e+00
2.30159226e-02	-6.81651996e+00
2.33494867e-02	-5.84719270e+00
2.36830508e-02	-4.50152448e+00
2.40166149e-02	-2.86990059e+00
2.43501789e-02	-1.06510559e+00
2.46837430e-02	7.93774352e-01
2.50173071e-02	2.59810202e+00
2.53508712e-02	4.26358685e+00
2.56844353e-02	5.73854298e+00
2.60179994e-02	7.00511287e+00
2.63515635e-02	8.07388026e+00
2.66851276e-02	8.97393240e+00
2.70186917e-02	9.74139045e+00
2.73522558e-02	1.04094873e+01
2.76858199e-02	1.10023285e+01
2.80193840e-02	1.15330699e+01
2.83529481e-02	1.20056684e+01
2.86865122e-02	1.24184429e+01
2.90200763e-02	1.27674202e+01
2.93536404e-02	1.30481664e+01
2.96872045e-02	1.32558412e+01
3.00207686e-02	1.33843493e+01
3.03543327e-02	1.34259359e+01
3.06878968e-02	1.33723713e+01
3.10214609e-02	1.32179708e+01
3.13550249e-02	1.29635914e+01
3.16885890e-02	1.26200291e+01
3.20221531e-02	1.22091611e+01
3.23557172e-02	1.17620095e+01
3.26892813e-02	1.13140030e+01
3.30228454e-02	1.08989010e+01
3.33564095e-02	1.05432505e+01
3.36899736e-02	1.02630556e+01
3.40235377e-02	1.00633539e+01
3.43571018e-02	9.94035027e+00
3.46906659e-02	9.88491875e+00
3.50242300e-02	9.88607430e+00
3.53577941e-02	9.93339641e+00
3.56913582e-02	1.00180251e+01
3.60249223e-02	1.01325376e+01
3.63584864e-02	1.02702724e+01
3.66920505e-02	1.04247321e+01
3.70256146e-02	1.05893504e+01
3.73591787e-02	1.07577011e+01
3.76927428e-02	1.09239562e+01
3.80263069e-02	1.10834281e+01
3.83598709e-02	1.12330236e+01
3.86934350e-02	1.13715001e+01
3.90269991e-02	1.14993752e+01
3.93605632e-02	1.16182894e+01
3.96941273e-02	1.17297033e+01
4.00276914e-02	1.18329514e+01
4.03612555e-02	1.19230332e+01
4.06948196e-02	1.19887433e+01
4.10283837e-02	1.20119706e+01
4.13619478e-02	1.19688172e+01
4.16955119e-02	1.18328678e+01
4.20290760e-02	1.15802639e+01
4.23626401e-02	1.11956372e+01
4.26962042e-02	1.06774502e+01
4.30297683e-02	1.00412001e+01
4.33633324e-02	9.31928789e+00
4.36968965e-02	8.55707750e+00
4.40304606e-02	7.80565108e+00
4.43640247e-02	7.11260746e+00
4.46975888e-02	6.51289420e+00
4.50311529e-02	6.02174231e+00
4.53647169e-02	5.63148196e+00
4.56982810e-02	5.31313528e+00
4.60318451e-02	5.02262220e+00
4.63654092e-02	4.71022773e+00
4.66989733e-02	4.33116990e+00
4.70325374e-02	3.85477681e+00
4.73661015e-02	3.27012656e+00
4.76996656e-02	2.58694095e+00
4.80332297e-02	1.83178009e+00
4.83667938e-02	1.04087312e+00
4.87003579e-02	2.51713665e-01
4.90339220e-02	-5.04243327e-01
4.93674861e-02	-1.20606193e+00
4.97010502e-02	-1.84426164e+00
5.00346143e-02	-2.41868567e+00
5.03681784e-02	-2.93459367e+00
5.07017425e-02	-3.39864011e+00
5.10353066e-02	-3.81613903e+00
5.13688707e-02	-4.19032183e+00
5.17024348e-02	-4.52339915e+00
5.20359989e-02	-4.81847703e+00
5.23695629e-02	-5.08111741e+00
5.27031270e-02	-5.31956187e+00
5.30366911e-02	-5.54333776e+00
5.33702552e-02	-5.76067925e+00
5.37038193e-02	-5.97578578e+00
5.40373834e-02	-6.18702401e+00
5.43709475e-02	-6.38686296e+00
5.47045116e-02	-6.56363358e+00
5.50380757e-02	-6.70452376e+00
5.53716398e-02	-6.79880794e+00
5.57052039e-02	-6.84033687e+00
5.60387680e-02	-6.82870639e+00
5.63723321e-02	-6.76899359e+00
5.67058962e-02	-6.67037170e+00
5.70394603e-02	-6.54409263e+00
5.73730244e-02	-6.40139315e+00
5.77065885e-02	-6.25175204e+00
5.80401526e-02	-6.10179800e+00
5.83737167e-02	-5.95499737e+00
5.87072808e-02	-5.81214053e+00
5.90408449e-02	-5.67247760e+00
5.93744089e-02	-5.53514570e+00
5.97079730e-02	-5.40037342e+00
6.00415371e-02	-5.26996949e+00
6.03751012e-02	-5.14690346e+00
6.07086653e-02	-5.03417111e+00
6.10422294e-02	-4.93348298e+00
6.13757935e-02	-4.84437282e+00
6.17093576e-02	-4.76414510e+00
6.20429217e-02	-4.68866707e+00
6.23764858e-02	-4.61360558e+00
6.27100499e-02	-4.53549246e+00
6.30436140e-02	-4.45213433e+00
6.33771781e-02	-4.36228814e+00
6.37107422e-02	-4.26493525e+00
6.40443063e-02	-4.15868938e+00
6.43778704e-02	-4.04175161e+00
6.47114345e-02	-3.91252198e+00
6.50449986e-02	-3.77062113e+00
6.53785627e-02	-3.61786594e+00
6.57121268e-02	-3.45873842e+00
6.60456908e-02	-3.30009339e+00
6.63792549e-02	-3.15015784e+00
6.67128190e-02	-3.01713648e+00
6.70463831e-02	-2.90784938e+00
6.73799472e-02	-2.82675191e+00
6.77135113e-02	-2.77550350e+00
6.80470754e-02	-2.75303785e+00
6.83806395e-02	-2.75592021e+00
6.87142036e-02	-2.77873321e+00
6.90477677e-02	-2.81434023e+00
6.93813318e-02	-2.85409976e+00
6.97148959e-02	-2.88826939e+00
7.00484600e-02	-2.90683718e+00
7.03820241e-02	-2.90082204e+00
7.07155882e-02	-2.86379350e+00
7.10491523e-02	-2.79313001e+00
7.13827164e-02	-2.69047205e+00
7.17162805e-02	-2.56105645e+00
7.20498446e-02	-2.41201558e+00
7.23834087e-02	-2.25018378e+00
7.27169728e-02	-2.08019228e+00
7.30505368e-02	-1.90358378e+00
7.33841009e-02	-1.71929620e+00
7.37176650e-02	-1.52532965e+00
7.40512291e-02	-1.32096705e+00
7.43847932e-02	-1.10867201e+00
7.47183573e-02	-8.94896872e-01
7.50519214e-02	-6.89357848e-01
7.53854855e-02	-5.02904210e-01
7.57190496e-02	-3.44586803e-01
7.60526137e-02	-2.18845194e-01
7.63861778e-02	-1.23725689e-01
7.67197419e-02	-5.07471139e-02
7.70533060e-02	1.34396511e-02
7.73868701e-02	8.40732014e-02
7.77204342e-02	1.74848443e-01
7.80539983e-02	2.95067217e-01
7.83875624e-02	4.48110029e-01
7.87211265e-02	6.31511541e-01
7.90546906e-02	8.38377320e-01
7.93882547e-02	1.05949061e+00
7.97218188e-02	1.28538319e+00
8.00553828e-02	1.50777118e+00
8.03889469e-02	1.72020901e+00
8.07225110e-02	1.91811974e+00
8.10560751e-02	2.09864188e+00
8.13896392e-02	2.26066479e+00
8.17232033e-02	2.40521532e+00
8.20567674e-02	2.53605073e+00
8.23903315e-02	2.65996983e+00
8.27238956e-02	2.78637134e+00
8.30574597e-02	2.92573320e+00
8.33910238e-02	3.08724590e+00
8.37245879e-02	3.27622690e+00
8.40581520e-02	3.49219001e+00
8.43917161e-02	3.72833831e+00
8.47252802e-02	3.97275382e+00
8.50588443e-02	4.21109117e+00
8.53924084e-02	4.42996367e+00
8.57259725e-02	4.62006252e+00
8.60595366e-02	4.77808374e+00
8.63931007e-02	4.90695098e+00
8.67266648e-02	5.01441013e+00
8.70602288e-02	5.11044607e+00
8.73937929e-02	5.20436638e+00
8.77273570e-02	5.30229772e+00
8.80609211e-02	5.40573552e+00
8.83944852e-02	5.51144119e+00
8.87280493e-02	5.61255717e+00
8.90616134e-02	5.70059633e+00
8.93951775e-02	5.76767345e+00
8.97287416e-02	5.80848830e+00
9.00623057e-02	5.82164944e+00
9.03958698e-02	5.81011466e+00
9.07294339e-02	5.78078883e+00
9.10629980e-02	5.74335884e+00
9.13965621e-02	5.70866546e+00
9.17301262e-02	5.68687676e+00
9.20636903e-02	5.68575341e+00
9.23972544e-02	5.70934714e+00
9.27308185e-02	5.75729225e+00
9.30643826e-02	5.82487273e+00
9.33979467e-02	5.90387093e+00
9.37315108e-02	5.98405309e+00
9.40650748e-02	6.05506239e+00
9.43986389e-02	6.10822793e+00
9.47322030e-02	6.13792168e+00
9.50657671e-02	6.14220293e+00
9.53993312e-02	6.12265561e+00
9.57328953e-02	6.08365754e+00
9.60664594e-02	6.03128911e+00
9.64000235e-02	5.97219835e+00
9.67335876e-02	5.91264211e+00
9.70671517e-02	5.85769047e+00
9.74007158e-02	5.81066916e+00
9.77342799e-02	5.77275549e+00
9.80678440e-02	5.74274990e+00
9.84014081e-02	5.71715766e+00
9.87349722e-02	5.69058850e+00
9.90685363e-02	5.65660060e+00
9.94021004e-02	5.60890563e+00
9.97356645e-02	5.54267808e+00
1.00069229e-01	5.45570882e+00
1.00402793e-01	5.34900618e+00
1.00736357e-01	5.22665173e+00
1.01069921e-01	5.09494182e+00
1.01403485e-01	4.96096597e+00
1.01737049e-01	4.83104074e+00
1.02070613e-01	4.70944539e+00
1.02404177e-01	4.59775965e+00
1.02737741e-01	4.49501636e+00
1.03071305e-01	4.39857450e+00
1.03404870e-01	4.30538805e+00
1.03738434e-01	4.21330825e+00
1.04071998e-01	4.12189104e+00
1.04405562e-01	4.03240032e+00
1.04739126e-01	3.94704517e+00
1.05072690e-01	3.86764531e+00
1.05406254e-01	3.79429788e+00
1.05739818e-01	3.72460842e+00
1.06073382e-01	3.65377481e+00
1.06406946e-01	3.57562703e+00
1.06740510e-01	3.48422479e+00
1.07074075e-01	3.37544191e+00
1.07407639e-01	3.24809933e+00
1.07741203e-01	3.10425709e+00
1.08074767e-01	2.94865352e+00
1.08408331e-01	2.78757575e+00
1.08741895e-01	2.62749836e+00
1.09075459e-01	2.47388427e+00
1.09409023e-01	2.33033833e+00
1.09742587e-01	2.19809665e+00
1.10076151e-01	2.07584363e+00
1.10409716e-01	1.95986247e+00
1.10743280e-01	1.84456024e+00
1.11076844e-01	1.72341002e+00
1.11410408e-01	1.59023578e+00
1.11743972e-01	1.44058402e+00
1.12077536e-01	1.27283875e+00
1.12411100e-01	1.08877615e+00
1.12744664e-01	8.93342877e-01
1.13078228e-01	6.93687823e-01
1.13411792e-01	4.97709387e-01
1.13745356e-01	3.12448876e-01
1.14078921e-01	1.42731948e-01
1.14412485e-01	-9.63463257e-03
1.14746049e-01	-1.46014131e-01
1.15079613e-01	-2.70443707e-01
1.15413177e-01	-3.88639914e-01
1.15746741e-01	-5.06753914e-01
1.16080305e-01	-6.30109974e-01
1.16413869e-01	-7.62163888e-01
1.16747433e-01	-9.03895899e-01
1.17080997e-01	-1.05379211e+00
1.17414562e-01	-1.20842490e+00
1.17748126e-01	-1.36348483e+00
1.18081690e-01	-1.51502282e+00
1.18415254e-01	-1.66053758e+00
1.18748818e-01	-1.79956773e+00
1.19082382e-01	-1.93362231e+00
1.19415946e-01	-2.06543832e+00
1.19749510e-01	-2.19783899e+00
1.20083074e-01	-2.33265769e+00
1.20416638e-01	-2.47009156e+00
1.20750202e-01	-2.60871852e+00
1.21083767e-01	-2.74616871e+00
1.21417331e-01	-2.88010811e+00
1.21750895e-01	-3.00909900e+00
1.22084459e-01	-3.13299875e+00
1.22418023e-01	-3.25273404e+00
1.22751587e-01	-3.36956798e+00
1.23085151e-01	-3.48422726e+00
1.23418715e-01	-3.59629544e+00
1.23752279e-01	-3.70411766e+00
1.24085843e-01	-3.80527476e+00
1.24419408e-01	-3.89747572e+00
1.24752972e-01	-3.97951350e+00
1.25086536e-01	-4.05194962e+00
1.25420100e-01	-4.11731089e+00
1.25753664e-01	-4.17964772e+00
1.26087228e-01	-4.24352797e+00
1.26420792e-01	-4.31278170e+00
1.26754356e-01	-4.38933670e+00
1.27087920e-01	-4.47249517e+00
1.27421484e-01	-4.55895863e+00
1.27755048e-01	-4.64363428e+00
1.28088613e-01	-4.72098511e+00
1.28422177e-01	-4.78655884e+00
1.28755741e-01	-4.83824785e+00
1.29089305e-01	-4.87685432e+00
1.29422869e-01	-4.90577024e+00
1.29756433e-01	-4.92992549e+00
1.30089997e-01	-4.95439494e+00
1.30423561e-01	-4.98311779e+00
1.30757125e-01	-5.01812610e+00
1.31090689e-01	-5.05946407e+00
1.31424254e-01	-5.10568198e+00
1.31757818e-01	-5.15464373e+00
1.32091382e-01	-5.20435484e+00
1.32424946e-01	-5.25350958e+00
1.32758510e-01	-5.30161062e+00
1.33092074e-01	-5.34872264e+00
1.33425638e-01	-5.39498090e+00
1.33759202e-01	-5.44004358e+00
1.34092766e-01	-5.48274002e+00
1.34426330e-01	-5.52104218e+00
1.34759894e-01	-5.55235738e+00
1.35093459e-01	-5.57412092e+00
1.35427023e-01	-5.58455530e+00
1.35760587e-01	-5.58333272e+00
1.36094151e-01	-5.57191498e+00
1.36427715e-01	-5.55343526e+00
1.36761279e-01	-5.53207715e+00
1.37094843e-01	-5.51209797e+00
1.37428407e-01	-5.49682473e+00
1.37761971e-01	-5.48793830e+00
1.38095535e-01	-5.48522440e+00
1.38429100e-01	-5.48683997e+00
1.38762664e-01	-5.48999661e+00
1.39096228e-01	-5.49179402e+00
1.39429792e-01	-5.48988975e+00
1.39763356e-01	-5.48281497e+00
1.40096920e-01	-5.46990493e+00
1.40430484e-01	-5.45094718e+00
1.40764048e-01	-5.42576242e+00
1.41097612e-01	-5.39392978e+00
1.41431176e-01	-5.35474422e+00
1.41764740e-01	-5.30738820e+00
1.42098305e-01	-5.25123275e+00
1.42431869e-01	-5.18611506e+00
1.42765433e-01	-5.11245159e+00
1.43098997e-01	-5.03114909e+00
1.43432561e-01	-4.94335095e+00
1.43766125e-01	-4.85009564e+00
1.44099689e-01	-4.75201911e+00
1.44433253e-01	-4.64923518e+00
1.44766817e-01	-4.54144222e+00
1.45100381e-01	-4.42821505e+00
1.45433946e-01	-4.30939319e+00
1.45767510e-01	-4.18544453e+00
1.46101074e-01	-4.05767846e+00
1.46434638e-01	-3.92823066e+00
1.46768202e-01	-3.79981821e+00
1.47101766e-01	-3.67531467e+00
1.47435330e-01	-3.55721300e+00
1.47768894e-01	-3.44707692e+00
1.48102458e-01	-3.34512239e+00
1.48436022e-01	-3.25005350e+00
1.48769586e-01	-3.15921323e+00
1.49103151e-01	-3.06906263e+00
1.49436715e-01	-2.97593599e+00
1.49770279e-01	-2.87690375e+00
1.50103843e-01	-2.77050337e+00
1.50437407e-01	-2.65712952e+00
1.50770971e-01	-2.53895600e+00
1.51104535e-01	-2.41938072e+00
1.51438099e-01	-2.30214252e+00
1.51771663e-01	-2.19037020e+00
1.52105227e-01	-2.08583407e+00
1.52438792e-01	-1.98860856e+00
1.52772356e-01	-1.89722788e+00
1.53105920e-01	-1.80925315e+00
1.53439484e-01	-1.72205774e+00
1.53773048e-01	-1.63360374e+00
1.54106612e-01	-1.54299936e+00
1.54440176e-01	-1.45070443e+00
1.54773740e-01	-1.35836625e+00
1.55107304e-01	-1.26835176e+00
1.55440868e-01	-1.18308782e+00
1.55774432e-01	-1.10437503e+00
1.56107997e-01	-1.03285837e+00
1.56441561e-01	-9.67772508e-01
1.56775125e-01	-9.06996164e-01
1.57108689e-01	-8.47408229e-01
1.57442253e-01	-7.85492067e-01
1.57775817e-01	-7.18062805e-01
1.58109381e-01	-6.42955391e-01
1.58442945e-01	-5.59530632e-01
1.58776509e-01	-4.68894033e-01
1.59110073e-01	-3.73769094e-01
1.59443638e-01	-2.78044315e-01
1.59777202e-01	-1.86097474e-01
1.60110766e-01	-1.02035601e-01
1.60444330e-01	-2.89780497e-02
1.60777894e-01	3.14919110e-02
1.61111458e-01	7.95815456e-02
1.61445022e-01	1.17186059e-01
1.61778586e-01	1.47478884e-01
1.62112150e-01	1.74314245e-01
1.62445714e-01	2.01563493e-01
1.62779278e-01	2.32506500e-01
1.63112843e-01	2.69405452e-01
1.63446407e-01	3.13343086e-01
1.63779971e-01	3.64318838e-01
1.64113535e-01	4.21533336e-01
1.64447099e-01	4.83769481e-01
1.64780663e-01	5.49771568e-01
1.65114227e-01	6.18541057e-01
1.65447791e-01	6.89517564e-01
1.65781355e-01	7.62660809e-01
1.66114919e-01	8.38462893e-01
1.66448484e-01	9.17908435e-01
1.66782048e-01	1.00237502e+00
1.67115612e-01	1.09343867e+00
1.67449176e-01	1.19255154e+00
1.67782740e-01	1.30061234e+00
1.68116304e-01	1.41752031e+00
1.68449868e-01	1.54184397e+00
1.68783432e-01	1.67072781e+00
1.69116996e-01	1.80010995e+00
1.69450560e-01	1.92524940e+00
1.69784124e-01	2.04148078e+00
1.70117689e-01	2.14503458e+00
1.70451253e-01	2.23370866e+00
1.70784817e-01	2.30720165e+00
1.71118381e-01	2.36702960e+00
1.71451945e-01	2.41607209e+00
1.71785509e-01	2.45786659e+00
1.72119073e-01	2.49580771e+00
1.72452637e-01	2.53244082e+00
1.72786201e-01	2.56903627e+00
1.73119765e-01	2.60554943e+00
1.73453330e-01	2.64095435e+00
1.73786894e-01	2.67385327e+00
1.74120458e-01	2.70321399e+00
1.74454022e-01	2.72904494e+00
1.74787586e-01	2.75280741e+00
1.75121150e-01	2.77742889e+00
1.75454714e-01	2.80689519e+00
1.75788278e-01	2.84550572e+00
1.76121842e-01	2.89695562e+00
1.76455406e-01	2.96346420e+00
1.76788970e-01	3.04517626e+00
1.77122535e-01	3.13999864e+00
1.77456099e-01	3.24391662e+00
1.77789663e-01	3.35170209e+00
1.78123227e-01	3.45782062e+00
1.78456791e-01	3.55731136e+00
1.78790355e-01	3.64645761e+00
1.79123919e-01	3.72313670e+00
1.79457483e-01	3.78680118e+00
1.79791047e-01	3.83811939e+00
1.80124611e-01	3.87840303e+00
1.80458176e-01	3.90901759e+00
1.80791740e-01	3.93095767e+00
1.81125304e-01	3.94468953e+00
1.81458868e-01	3.95027570e+00
1.81792432e-01	3.94772877e+00
1.82125996e-01	3.93748427e+00
1.82459560e-01	3.92083464e+00
1.82793124e-01	3.90015775e+00
1.83126688e-01	3.87883164e+00
1.83460252e-01	3.86083265e+00
1.83793816e-01	3.85011341e+00
1.84127381e-01	3.84990950e+00
1.84460945e-01	3.86213278e+00
1.84794509e-01	3.88698846e+00
1.85128073e-01	3.92289785e+00
1.85461637e-01	3.96672192e+00
1.85795201e-01	4.01421127e+00
1.86128765e-01	4.06059266e+00
1.86462329e-01	4.10121206e+00
1.86795893e-01	4.13214310e+00
1.87129457e-01	4.15066000e+00
1.87463022e-01	4.15550947e+00
1.87796586e-01	4.14697089e+00
1.88130150e-01	4.12671040e+00
1.88463714e-01	4.09742850e+00
1.88797278e-01	4.06234110e+00
1.89130842e-01	4.02461307e+00
1.89464406e-01	3.98689244e+00
1.89797970e-01	3.95103207e+00
1.90131534e-01	3.91800555e+00
1.90465098e-01	3.88798924e+00
1.90798662e-01	3.86056419e+00
1.91132227e-01	3.83495124e+00
1.91465791e-01	3.81017725e+00
1.91799355e-01	3.78513610e+00
1.92132919e-01	3.75860069e+00
1.92466483e-01	3.72926036e+00
1.92800047e-01	3.69580394e+00
1.93133611e-01	3.65703063e+00
1.93467175e-01	3.61198191e+00
1.93800739e-01	3.56008792e+00
1.94134303e-01	3.50128473e+00
1.94467868e-01	3.43604855e+00
1.94801432e-01	3.36534848e+00
1.95134996e-01	3.29057421e+00
1.95468560e-01	3.21347102e+00
1.95802124e-01	3.13604907e+00
1.96135688e-01	3.06042206e+00
1.96469252e-01	2.98857662e+00
1.96802816e-01	2.92210000e+00
1.97136380e-01	2.86188742e+00
1.97469944e-01	2.80787840e+00
1.97803508e-01	2.75893295e+00
1.98137073e-01	2.71295121e+00
1.98470637e-01	2.66722878e+00
1.98804201e-01	2.61893342e+00
1.99137765e-01	2.56557675e+00
1.99471329e-01	2.50539031e+00
1.99804893e-01	2.43753326e+00
2.00138457e-01	2.36209407e+00
2.00472021e-01	2.27993467e+00
2.00805585e-01	2.19248399e+00
2.01139149e-01	2.10154497e+00
2.01472713e-01	2.00909658e+00
2.01806278e-01	1.91706309e+00
2.02139842e-01	1.82707565e+00
2.02473406e-01	1.74026505e+00
2.02806970e-01	1.65709450e+00
2.03140534e-01	1.57725219e+00
2.03474098e-01	1.49967083e+00
2.03807662e-01	1.42272187e+00
2.04141226e-01	1.34453151e+00
2.04474790e-01	1.26331541e+00
2.04808354e-01	1.17768626e+00
2.05141919e-01	1.08694156e+00
2.05475483e-01	9.91302844e-01
2.05809047e-01	8.92034446e-01
2.06142611e-01	7.91401610e-01
2.06476175e-01	6.92469143e-01
2.06809739e-01	5.98715992e-01
2.07143303e-01	5.13433480e-01
2.07476867e-01	4.38988672e-01
2.07810431e-01	3.76181558e-01
2.08143995e-01	3.23936362e-01
2.08477559e-01	2.79446818e-01
2.08811124e-01	2.38772370e-01
2.09144688e-01	1.97782994e-01
2.09478252e-01	1.53214821e-01
2.09811816e-01	1.03482951e-01
2.10145380e-01	4.89471821e-02
2.10478944e-01	-8.45021715e-03
2.10812508e-01	-6.60172800e-02
2.11146072e-01	-1.21327460e-01
2.11479636e-01	-1.73092650e-01
2.11813200e-01	-2.21599245e-01
2.12146765e-01	-2.68544044e-01
2.12480329e-01	-3.16337221e-01
2.12813893e-01	-3.67147410e-01
2.13147457e-01	-4.22029437e-01
2.13481021e-01	-4.80414934e-01
2.13814585e-01	-5.40135490e-01
2.14148149e-01	-5.97991945e-01
2.14481713e-01	-6.50680533e-01
2.14815277e-01	-6.95743153e-01
2.15148841e-01	-7.32235947e-01
2.15482405e-01	-7.60958206e-01
2.15815970e-01	-7.84221263e-01
2.16149534e-01	-8.05237810e-01
2.16483098e-01	-8.27319275e-01
2.16816662e-01	-8.53140902e-01
2.17150226e-01	-8.84284751e-01
2.17483790e-01	-9.21128808e-01
2.17817354e-01	-9.63030555e-01
2.18150918e-01	-1.00869344e+00
2.18484482e-01	-1.05656309e+00
2.18818046e-01	-1.10509066e+00
2.19151611e-01	-1.15278590e+00
2.19485175e-01	-1.19813206e+00
2.19818739e-01	-1.23952422e+00
2.20152303e-01	-1.27536428e+00
2.20485867e-01	-1.30435928e+00
2.20819431e-01	-1.32597787e+00
2.21152995e-01	-1.34091309e+00
2.21486559e-01	-1.35131174e+00
2.21820123e-01	-1.36055925e+00
2.22153687e-01	-1.37258117e+00
2.22487251e-01	-1.39083218e+00
2.22820816e-01	-1.41727597e+00
2.23154380e-01	-1.45169428e+00
2.23487944e-01	-1.49160025e+00
2.23821508e-01	-1.53285474e+00
2.24155072e-01	-1.57082729e+00
2.24488636e-01	-1.60173235e+00
2.24822200e-01	-1.62371895e+00
2.25155764e-01	-1.63739459e+00
2.25489328e-01	-1.64564511e+00
2.25822892e-01	-1.65281591e+00
2.26156457e-01	-1.66351067e+00
2.26490021e-01	-1.68137604e+00
2.26823585e-01	-1.70821159e+00
2.27157149e-01	-1.74359993e+00
2.27490713e-01	-1.78508713e+00
2.27824277e-01	-1.82881642e+00
2.28157841e-01	-1.87042681e+00
2.28491405e-01	-1.90598302e+00
2.28824969e-01	-1.93273523e+00
2.29158533e-01	-1.94959338e+00
2.29492097e-01	-1.95727055e+00
2.29825662e-01	-1.95808871e+00
2.30159226e-01	-1.95549060e+00
2.30492790e-01	-1.95336997e+00
2.30826354e-01	-1.95536711e+00
2.31159918e-01	-1.96425973e+00
2.31493482e-01	-1.98154781e+00
2.31827046e-01	-2.00730035e+00
2.32160610e-01	-2.04027466e+00
2.32494174e-01	-2.07824333e+00
2.32827738e-01	-2.11842477e+00
2.33161303e-01	-2.15793286e+00
2.33494867e-01	-2.19419483e+00
2.33828431e-01	-2.22529765e+00
2.34161995e-01	-2.25022959e+00
2.34495559e-01	-2.26899906e+00
2.34829123e-01	-2.28261846e+00
2.35162687e-01	-2.29292992e+00
2.35496251e-01	-2.30226017e+00
2.35829815e-01	-2.31294428e+00
2.36163379e-01	-2.32681457e+00
2.36496943e-01	-2.34477149e+00
2.36830508e-01	-2.36654556e+00
2.37164072e-01	-2.39073463e+00
2.37497636e-01	-2.41513721e+00
2.37831200e-01	-2.43729841e+00
2.38164764e-01	-2.45509799e+00
2.38498328e-01	-2.46720129e+00
2.38831892e-01	-2.47325620e+00
2.39165456e-01	-2.47380848e+00
2.39499020e-01	-2.46999557e+00
2.39832584e-01	-2.46315326e+00
2.40166149e-01	-2.45449454e+00
2.40499713e-01	-2.44497144e+00
2.40833277e-01	-2.43533314e+00
2.41166841e-01	-2.42630314e+00
2.41500405e-01	-2.41874783e+00
2.41833969e-01	-2.41370870e+00
2.42167533e-01	-2.41222670e+00
2.42501097e-01	-2.41499305e+00
2.42834661e-01	-2.42196222e+00
2.43168225e-01	-2.43210090e+00
2.43501789e-01	-2.44340611e+00
2.43835354e-01	-2.45323524e+00
2.44168918e-01	-2.45888278e+00
2.44502482e-01	-2.45823737e+00
2.44836046e-01	-2.45030114e+00
2.45169610e-01	-2.43539101e+00
2.45503174e-01	-2.41495789e+00
2.45836738e-01	-2.39109332e+00
2.46170302e-01	-2.36589073e+00
2.46503866e-01	-2.34086638e+00
2.46837430e-01	-2.31661843e+00
2.47170995e-01	-2.29281152e+00
2.47504559e-01	-2.26845278e+00
2.47838123e-01	-2.24233004e+00
2.48171687e-01	-2.21345294e+00
2.48505251e-01	-2.18136833e+00
2.48838815e-01	-2.14628366e+00
2.49172379e-01	-2.10900401e+00
2.49505943e-01	-2.07074144e+00
2.49839507e-01	-2.03286626e+00
2.50173071e-01	-1.99664482e+00
2.50506635e-01	-1.96298518e+00
2.50840200e-01	-1.93221385e+00
2.51173764e-01	-1.90392130e+00
2.51507328e-01	-1.87692270e+00
2.51840892e-01	-1.84937823e+00
2.52174456e-01	-1.81909845e+00
2.52508020e-01	-1.78400984e+00
2.52841584e-01	-1.74268342e+00
2.53175148e-01	-1.69477788e+00
2.53508712e-01	-1.64125385e+00
2.53842276e-01	-1.58427554e+00
2.54175841e-01	-1.52680540e+00
2.54509405e-01	-1.47198976e+00
2.54842969e-01	-1.42250096e+00
2.55176533e-01	-1.38001201e+00
2.55510097e-01	-1.34492527e+00
2.55843661e-01	-1.31638517e+00
2.56177225e-01	-1.29252085e+00
2.56510789e-01	-1.27081698e+00
2.56844353e-01	-1.24850638e+00
2.57177917e-01	-1.22291290e+00
2.57511481e-01	-1.19172786e+00
2.57845046e-01	-1.15324117e+00
2.58178610e-01	-1.10654134e+00
2.58512174e-01	-1.05166134e+00
2.58845738e-01	-9.89616453e-01
2.59179302e-01	-9.22281791e-01
2.59512866e-01	-8.52091792e-01
2.59846430e-01	-7.81602555e-01
2.60179994e-01	-7.13020177e-01
2.60513558e-01	-6.47830313e-01
2.60847122e-01	-5.86639795e-01
2.61180687e-01	-5.29265981e-01
2.61514251e-01	-4.75018256e-01
2.61847815e-01	-4.23050542e-01
2.62181379e-01	-3.72652239e-01
2.62514943e-01	-3.23391302e-01
2.62848507e-01	-2.75101834e-01
2.63182071e-01	-2.27779032e-01
2.63515635e-01	-1.81473615e-01
2.63849199e-01	-1.36256787e-01
2.64182763e-01	-9.22713838e-02
2.64516327e-01	-4.98249667e-02
2.64849892e-01	-9.44605986e-03
2.65183456e-01	2.81677910e-02
2.65517020e-01	6.23338925e-02
2.65850584e-01	9.26583713e-02
2.66184148e-01	1.19307151e-01
2.66517712e-01	1.43168307e-01
2.66851276e-01	1.65828823e-01
2.67184840e-01	1.89344247e-01
2.67518404e-01	2.15843094e-01
2.67851968e-01	2.47060417e-01
2.68185533e-01	2.83919181e-01
2.68519097e-01	3.26267407e-01
2.68852661e-01	3.72841104e-01
2.69186225e-01	4.21470745e-01
2.69519789e-01	4.69492221e-01
2.69853353e-01	5.14273102e-01
2.70186917e-01	5.53735902e-01
2.70520481e-01	5.86761139e-01
2.70854045e-01	6.13382557e-01
2.71187609e-01	6.34737409e-01
2.71521173e-01	6.52795462e-01
2.71854738e-01	6.69944562e-01
2.72188302e-01	6.88537262e-01
2.72521866e-01	7.10493866e-01
2.72855430e-01	7.37025054e-01
2.73188994e-01	7.68501940e-01
2.73522558e-01	8.04472074e-01
2.73856122e-01	8.43795344e-01
2.74189686e-01	8.84855662e-01
2.74523250e-01	9.25800922e-01
2.74856814e-01	9.64776258e-01
2.75190379e-01	1.00013210e+00
2.75523943e-01	1.03059603e+00
2.75857507e-01	1.05539635e+00
2.76191071e-01	1.07432503e+00
2.76524635e-01	1.08773241e+00
2.76858199e-01	1.09645568e+00
2.77191763e-01	1.10169399e+00
2.77525327e-01	1.10485456e+00
2.77858891e-01	1.10739788e+00
2.78192455e-01	1.11070357e+00
2.78526019e-01	1.11596524e+00
2.78859584e-01	1.12411261e+00
2.79193148e-01	1.13575606e+00
2.79526712e-01	1.15115199e+00
2.79860276e-01	1.17019280e+00
2.80193840e-01	1.19243161e+00
2.80527404e-01	1.21714951e+00
2.80860968e-01	1.24346015e+00
2.81194532e-01	1.27042490e+00
2.81528096e-01	1.29713762e+00
2.81861660e-01	1.32274508e+00
2.82195225e-01	1.34639924e+00
2.82528789e-01	1.36717850e+00
2.82862353e-01	1.38404830e+00
2.83195917e-01	1.39593453e+00
2.83529481e-01	1.40194488e+00
2.83863045e-01	1.40170254e+00
2.84196609e-01	1.39568274e+00
2.84530173e-01	1.38540474e+00
2.84863737e-01	1.37335393e+00
2.85197301e-01	1.36259021e+00
2.85530865e-01	1.35611353e+00
2.85864430e-01	1.35615840e+00
2.86197994e-01	1.36363198e+00
2.86531558e-01	1.37787246e+00
2.86865122e-01	1.39680417e+00
2.87198686e-01	1.41744408e+00
2.87532250e-01	1.43661433e+00
2.87865814e-01	1.45166778e+00
2.88199378e-01	1.46104681e+00
2.88532942e-01	1.46455871e+00
2.88866506e-01	1.46333575e+00
2.89200071e-01	1.45952324e+00
2.89533635e-01	1.45578794e+00
2.89867199e-01	1.45475847e+00
2.90200763e-01	1.45850499e+00
2.90534327e-01	1.46814531e+00
2.90867891e-01	1.48363630e+00
2.91201455e-01	1.50377692e+00
2.91535019e-01	1.52641557e+00
2.91868583e-01	1.54882102e+00
2.92202147e-01	1.56814931e+00
2.92535711e-01	1.58192314e+00
2.92869276e-01	1.58843952e+00
2.93202840e-01	1.58703731e+00
2.93536404e-01	1.57818494e+00
2.93869968e-01	1.56338249e+00
2.94203532e-01	1.54490522e+00
2.94537096e-01	1.52544123e+00
2.94870660e-01	1.50768913e+00
2.95204224e-01	1.49398248e+00
2.95537788e-01	1.48599743e+00
2.95871352e-01	1.48458206e+00
2.96204917e-01	1.48971993e+00
2.96538481e-01	1.50061213e+00
2.96872045e-01	1.51583996e+00
2.97205609e-01	1.53356212e+00
2.97539173e-01	1.55170887e+00
2.97872737e-01	1.56815563e+00
2.98206301e-01	1.58088079e+00
2.98539865e-01	1.58812494e+00
2.98873429e-01	1.58856393e+00
2.99206993e-01	1.58148826e+00
2.99540557e-01	1.56695724e+00
2.99874122e-01	1.54588057e+00
3.00207686e-01	1.51998109e+00
3.00541250e-01	1.49161192e+00
3.00874814e-01	1.46343267e+00
3.01208378e-01	1.43798563e+00
3.01541942e-01	1.41724267e+00
3.01875506e-01	1.40221243e+00
3.02209070e-01	1.39269989e+00
3.02542634e-01	1.38729354e+00
3.02876198e-01	1.38361629e+00
3.03209763e-01	1.37881668e+00
3.03543327e-01	1.37020829e+00
3.03876891e-01	1.35590711e+00
3.04210455e-01	1.33529328e+00
3.04544019e-01	1.30915211e+00
3.04877583e-01	1.27943384e+00
3.05211147e-01	1.24869130e+00
3.05544711e-01	1.21936564e+00
3.05878275e-01	1.19314466e+00
3.06211839e-01	1.17059130e+00
3.06545403e-01	1.15113957e+00
3.06878968e-01	1.13342142e+00
3.07212532e-01	1.11577363e+00
3.07546096e-01	1.09672629e+00
3.07879660e-01	1.07531031e+00
3.08213224e-01	1.05111834e+00
3.08546788e-01	1.02416377e+00
3.08880352e-01	9.94658430e-01
3.09213916e-01	9.62840352e-01
3.09547480e-01	9.28931408e-01
3.09881044e-01	8.93222266e-01
3.10214609e-01	8.56213981e-01
3.10548173e-01	8.18722486e-01
3.10881737e-01	7.81877105e-01
3.11215301e-01	7.46996251e-01
3.11548865e-01	7.15372951e-01
3.11882429e-01	6.88027551e-01
3.12215993e-01	6.65480598e-01
3.12549557e-01	6.47578910e-01
3.12883121e-01	6.33392109e-01
3.13216685e-01	6.21197096e-01
3.13550249e-01	6.08579320e-01
3.13883814e-01	5.92684422e-01
3.14217378e-01	5.70633551e-01
3.14550942e-01	5.40064824e-01
3.14884506e-01	4.99696942e-01
3.15218070e-01	4.49760127e-01
3.15551634e-01	3.92137352e-01
3.15885198e-01	3.30120636e-01
3.16218762e-01	2.67798734e-01
3.16552326e-01	2.09214659e-01
3.16885890e-01	1.57516740e-01
3.17219455e-01	1.14339923e-01
3.17553019e-01	7.95864049e-02
3.17886583e-01	5.16499216e-02
3.18220147e-01	2.79915984e-02
3.18553711e-01	5.87635670e-03
3.18887275e-01	-1.69490632e-02
3.19220839e-01	-4.18086433e-02
3.19554403e-01	-6.89577439e-02
3.19887967e-01	-9.77286914e-02
3.20221531e-01	-1.26866379e-01
3.20555095e-01	-1.54932369e-01
3.20888660e-01	-1.80671101e-01
3.21222224e-01	-2.03271225e-01
3.21555788e-01	-2.22497284e-01
3.21889352e-01	-2.38697745e-01
3.22222916e-01	-2.52711993e-01
3.22556480e-01	-2.65705455e-01
3.22890044e-01	-2.78963920e-01
3.23223608e-01	-2.93678807e-01
3.23557172e-01	-3.10755889e-01
3.23890736e-01	-3.30679011e-01
3.24224301e-01	-3.53453849e-01
3.24557865e-01	-3.78642050e-01
3.24891429e-01	-4.05476016e-01
3.25224993e-01	-4.33026381e-01
3.25558557e-01	-4.60383687e-01
3.25892121e-01	-4.86814378e-01
3.26225685e-01	-5.11859526e-01
3.26559249e-01	-5.35362482e-01
3.26892813e-01	-5.57434315e-01
3.27226377e-01	-5.78383786e-01
3.27559941e-01	-5.98644586e-01
3.27893506e-01	-6.18725433e-01
3.28227070e-01	-6.39189970e-01
3.28560634e-01	-6.60646911e-01
3.28894198e-01	-6.83708192e-01
3.29227762e-01	-7.08871287e-01
3.29561326e-01	-7.36311353e-01
3.29894890e-01	-7.65621310e-01
3.30228454e-01	-7.95591557e-01
3.30562018e-01	-8.24148903e-01
3.30895582e-01	-8.48553817e-01
3.31229147e-01	-8.65880359e-01
3.31562711e-01	-8.73695852e-01
3.31896275e-01	-8.70759892e-01
3.32229839e-01	-8.57518493e-01
3.32563403e-01	-8.36206007e-01
3.32896967e-01	-8.10482374e-01
3.33230531e-01	-7.84687954e-01
3.33564095e-01	-7.62930909e-01
3.33897659e-01	-7.97740654e-01
